0 0 0 0 0 0 0 0 0 -50 0 -50 0 -50 0 -50 -8.47033e-014 -50 -8.47033e-014 -50 1.05879e-013 1.05879e-013 0 2.11758e-014 2.11758e-014 2.11758e-014 0 0 0 0 -6.35275e-014 -6.35275e-014 1.05879e-013 1.05879e-013 0 0 0 0 0 0 0 0 -6.35275e-014 -6.35275e-014 -50 -50 -50 -50 -50 -50 
0.0004801 0.158333 3108.36 0.0180156 0.221288 16.4459 0 41.2007 0.0225536 -49.9887 0.0111702 -49.9897 0.0125932 -49.9854 0.014021 -49.9897 0.0134502 -49.9829 0.0163581 -49.9862 0.0371265 0.0183808 0.0152834 0.0126652 0.0107719 0.0113462 0.0247571 0.0123246 0.0139232 0.014373 0.0147888 0.0219896 0.0371265 0.0183808 0.0152834 0.0126652 0.0107719 0.0113462 0.0225536 0.0111702 0.0125932 0.014021 0.0134502 0.0163581 -49.9862 -49.9829 -49.9897 -49.9854 -49.9897 -49.9887 
0.0009701 0.321667 6386.11 0.0614922 0.389303 55.2621 0 88.02 0.0411546 -49.9643 0.0473373 -49.9364 0.0540084 -49.9556 0.0494065 -49.958 0.0492003 -49.9252 0.0585443 -49.9561 0.068335 0.0516978 0.0507627 0.0590866 0.0532301 0.0446621 0.0820631 0.0481878 0.0609849 0.0586828 0.0494911 0.050672 0.068335 0.0516978 0.0507627 0.0590866 0.0532301 0.0446621 0.0411546 0.0473373 0.0540084 0.0494065 0.0492003 0.0585443 -49.9561 -49.9252 -49.958 -49.9556 -49.9364 -49.9643 
0.0014601 0.485 9667.47 0.127066 0.540615 113.814 0 155.139 0.121622 -49.8802 0.103652 -49.8985 0.0981812 -49.9056 0.116613 -49.8862 0.104143 -49.9041 0.11417 -49.8523 0.13048 0.100514 0.114548 0.114451 0.097293 0.0914896 0.0969735 0.0909785 0.105596 0.124048 0.103824 0.0923524 0.13048 0.100514 0.114548 0.114451 0.097293 0.0914896 0.121622 0.103652 0.0981812 0.116613 0.104143 0.11417 -49.8523 -49.9041 -49.8862 -49.9056 -49.8985 -49.8802 
0.0019501 0.648333 12953.4 0.200507 0.671023 179.387 0 208.249 0.197479 -49.8245 0.162876 -49.8558 0.159577 -49.8382 0.175444 -49.8195 0.184027 -49.8255 0.169149 -49.8033 0.183385 0.174688 0.180926 0.158992 0.159897 0.174485 0.156323 0.174376 0.153829 0.164529 0.173675 0.167372 0.183385 0.174688 0.180926 0.158992 0.159897 0.174485 0.197479 0.162876 0.159577 0.175444 0.184027 0.169149 -49.8033 -49.8255 -49.8195 -49.8382 -49.8558 -49.8245 
0.0024401 0.811667 16240 0.285359 0.786886 255.148 0 290.459 0.251561 -49.7494 0.23958 -49.7891 0.217308 -49.769 0.247499 -49.7499 0.24893 -49.7435 0.262641 -49.7408 0.276412 0.253588 0.250406 0.224543 0.232518 0.241759 0.260088 0.242297 0.224105 0.238499 0.250158 0.247672 0.27641 0.253538 0.250445 0.224535 0.232519 0.241757 0.251557 0.239577 0.217332 0.247436 0.248901 0.26266 -49.7408 -49.7435 -49.7499 -49.769 -49.7891 -49.7494 
0.0029301 0.975 19526.4 0.38428 0.8863 343.47 0 391.272 0.347176 -49.6572 0.32287 -49.6821 0.330606 -49.6722 0.321115 -49.6806 0.312668 -49.6807 0.33365 -49.6492 0.354931 0.3256 0.32164 0.313204 0.32786 0.334934 0.37321 0.328817 0.313154 0.317026 0.322002 0.331612 0.354983 0.325643 0.321674 0.313236 0.327913 0.334922 0.347211 0.322769 0.330392 0.321025 0.312722 0.33357 -49.6492 -49.6808 -49.6806 -49.6722 -49.6821 -49.6571 
0.0034201 1.13833 22811.4 0.489234 0.969898 437.177 0 474.937 0.435881 -49.5863 0.433573 -49.5674 0.426831 -49.5794 0.405436 -49.6076 0.406975 -49.5918 0.403115 -49.5714 0.423555 0.41289 0.407589 0.420951 0.429793 0.43418 0.453532 0.424328 0.428845 0.412981 0.409544 0.408871 0.422449 0.413908 0.406907 0.422262 0.429456 0.434478 0.435166 0.433688 0.426574 0.404551 0.407478 0.404019 -49.5714 -49.5917 -49.6076 -49.5792 -49.5673 -49.5862 
0.0039101 1.30167 26097.4 0.596164 1.05227 532.649 0 558.046 0.516105 -49.506 0.51532 -49.4829 0.508096 -49.485 0.504051 -49.4934 0.509672 -49.4899 0.505159 -49.4841 0.519776 0.507887 0.50896 0.508524 0.510836 0.517841 0.5333 0.508646 0.515067 0.512286 0.503383 0.510545 0.519813 0.507511 0.510558 0.506307 0.512507 0.509288 0.517452 0.515879 0.507911 0.503899 0.508481 0.505774 -49.4831 -49.4901 -49.493 -49.4848 -49.482 -49.5046 
0.0044001 1.465 29380.7 0.711232 1.12076 635.391 0 657.316 0.60428 -49.405 0.603199 -49.3899 0.601488 -49.3954 0.605132 -49.3807 0.618808 -49.3709 0.615486 -49.385 0.626083 0.618486 0.610249 0.61129 0.597125 0.598801 0.601509 0.597925 0.606083 0.607703 0.61215 0.619579 0.62397 0.617197 0.612282 0.601174 0.603211 0.595012 0.605455 0.601461 0.60006 0.60565 0.618087 0.616285 -49.3832 -49.369 -49.3823 -49.3947 -49.3898 -49.405 
0.0048901 1.62833 32660.8 0.838743 1.17493 749.24 0 768.549 0.73477 -49.2864 0.719931 -49.2822 0.715669 -49.2752 0.714974 -49.2923 0.707347 -49.2975 0.711108 -49.2654 0.727496 0.717345 0.710849 0.722252 0.715386 0.724765 0.735392 0.721216 0.712941 0.721629 0.714637 0.721561 0.728417 0.716335 0.715508 0.721854 0.720874 0.715542 0.733111 0.719285 0.717931 0.721963 0.709427 0.716016 -49.2664 -49.296 -49.2892 -49.2741 -49.2852 -49.281 
0.0053801 1.79167 35942.8 0.960405 1.23422 857.866 0 892.769 0.854645 -49.1618 0.8293 -49.1768 0.822502 -49.1748 0.823503 -49.1824 0.818413 -49.187 0.81309 -49.1842 0.825447 0.817516 0.819977 0.82282 0.819191 0.833657 0.837688 0.820972 0.820058 0.820977 0.81174 0.81821 0.824703 0.815046 0.82042 0.82224 0.82172 0.827547 0.849535 0.826853 0.817539 0.822772 0.817675 0.812366 -49.1855 -49.1855 -49.1776 -49.1775 -49.1787 -49.1621 
0.0058701 1.955 39222.9 1.0882 1.28412 971.967 0 988.816 0.924277 -49.0808 0.923322 -49.072 0.927252 -49.073 0.936325 -49.0601 0.942865 -49.061 0.9379 -49.0607 0.946841 0.936193 0.934564 0.93741 0.927127 0.919422 0.924633 0.923809 0.929383 0.938468 0.935283 0.932449 0.943283 0.94333 0.939408 0.937509 0.924532 0.917864 0.923574 0.927876 0.929492 0.936572 0.94027 0.934699 -49.0599 -49.0551 -49.0587 -49.0684 -49.071 -49.0802 
0.0063601 2.11833 42503.9 1.21841 1.32987 1088.22 0 1104.11 1.05246 -48.9599 1.04239 -48.9544 1.04332 -48.9647 1.03703 -48.9569 1.04697 -48.948 1.0451 -48.9446 1.05463 1.04345 1.03875 1.04069 1.03788 1.0449 1.05679 1.04531 1.03986 1.03957 1.03948 1.03923 1.05753 1.04339 1.04252 1.04094 1.04772 1.0434 1.05196 1.04377 1.03918 1.03719 1.04392 1.04317 -48.9463 -48.9538 -48.9565 -48.9655 -48.9525 -48.9567 
0.0068501 2.28167 45803.7 1.33571 1.40274 1192.96 0 1213.69 1.15714 -48.8531 1.14798 -48.8567 1.14667 -48.8548 1.14374 -48.8575 1.13646 -48.8756 1.13326 -48.8734 1.14354 1.13573 1.14731 1.14721 1.14899 1.14624 1.16273 1.14865 1.14623 1.14976 1.14223 1.13559 1.1483 1.14307 1.14585 1.14832 1.15352 1.15111 1.1615 1.15162 1.15269 1.15142 1.13909 1.13435 -48.8679 -48.8615 -48.8584 -48.8513 -48.8538 -48.8507 
0.0073401 2.445 49117.7 1.44856 1.48126 1293.72 0 1319.94 1.24735 -48.7647 1.2397 -48.7651 1.23771 -48.7647 1.24035 -48.759 1.23811 -48.7546 1.24609 -48.7341 1.25901 1.24304 1.23976 1.23771 1.23639 1.23867 1.25211 1.2382 1.23591 1.23518 1.24129 1.24049 1.25783 1.24029 1.2402 1.23223 1.23914 1.23303 1.24452 1.23372 1.23675 1.23977 1.24948 1.24675 -48.7456 -48.7556 -48.7586 -48.7591 -48.7684 -48.7632 
0.0078301 2.60833 52436.7 1.56057 1.56204 1393.73 0 1409 1.33942 -48.6693 1.33113 -48.6689 1.33587 -48.6624 1.33578 -48.6638 1.34311 -48.658 1.33967 -48.6627 1.34594 1.33534 1.33785 1.33793 1.3313 1.3302 1.34191 1.32957 1.33207 1.33927 1.34159 1.33911 1.34944 1.33882 1.34002 1.33809 1.33185 1.33339 1.34017 1.33594 1.33846 1.33884 1.33696 1.34306 -48.6486 -48.6656 -48.658 -48.6578 -48.6669 -48.6697 
