0 0 0 0 0 0 0 0 0 0 0 -50 -1.69407e-013 -1.90582e-013 -50 0 0 0 -50 -1.90582e-013 -1.90582e-013 -50 -1.05879e-013 -1.05879e-013 -1.05879e-013 -50 -8.47033e-014 -1.05879e-013 -50 -1.05879e-013 -1.05879e-013 -8.47033e-014 -50 -8.47033e-014 -1.05879e-013 -50 -1.05879e-013 -1.05879e-013 -1.05879e-013 -50 -8.47033e-014 -1.05879e-013 -50 -1.05879e-013 -1.05879e-013 -8.47033e-014 -50 -1.05879e-013 -1.05879e-013 -50 
0.0004801 0.158333 23248.4 0.0091258 0.168073 8.50784 -150.764 96.202 -0.145336 -0.00393968 -0.145336 -50.0015 -0.0590963 -0.0590963 -50.0015 0.0108734 -0.00200875 0.0108734 -49.9437 0.0107361 0.0107361 -49.9437 0.0917438 0.0209548 0.0917438 -49.9468 0.058254 0.058254 -49.9468 0.0889239 0.0440327 0.0889239 -49.9458 0.0482439 0.0482439 -49.9458 0.077093 -0.0205426 0.077093 -49.9408 -0.0455031 -0.0455031 -49.9408 -0.0571009 -0.0037327 -0.0571009 -50.1396 -0.0137109 -0.0137109 -50.1396 
0.0009701 0.321667 47921.7 0.0226171 0.339325 20.5535 -304.749 191.823 -0.293159 -0.00371485 -0.293159 -49.9949 -0.120712 -0.120712 -49.9949 0.0342068 -0.00932609 0.0342068 -49.8895 0.0365323 0.0365323 -49.8895 0.18354 0.0609125 0.18354 -49.8959 0.122914 0.122914 -49.8959 0.177554 0.0969268 0.177554 -49.8938 0.108158 0.108158 -49.8938 0.162005 -0.0314153 0.162005 -49.8836 -0.079805 -0.079805 -49.8836 -0.109657 -0.00757886 -0.109657 -50.2741 -0.0356661 -0.0356661 -50.2741 
0.0014601 0.485 72730.1 0.03971 0.507751 35.8148 -453.964 287.294 -0.436404 -0.00711254 -0.436404 -49.9811 -0.181415 -0.181415 -49.9811 0.0679243 -0.0211104 0.0679243 -49.8353 0.0709033 0.0709033 -49.8353 0.275192 0.104783 0.275192 -49.845 0.189852 0.189852 -49.845 0.266678 0.153484 0.266678 -49.8415 0.170158 0.170158 -49.8415 0.250632 -0.0323426 0.250632 -49.8263 -0.105607 -0.105607 -49.8263 -0.154456 -0.013337 -0.154456 -50.3966 -0.0649538 -0.0649538 -50.3966 
0.0019501 0.648333 97671 0.0595692 0.673587 53.5461 -599.13 382.547 -0.575761 -0.011757 -0.575761 -49.9621 -0.241236 -0.241236 -49.9621 0.110041 -0.0350304 0.110041 -49.781 0.11197 0.11197 -49.781 0.366635 0.149439 0.366635 -49.7939 0.258919 0.258919 -49.7939 0.3566 0.212847 0.3566 -49.7892 0.231869 0.231869 -49.7892 0.341382 -0.0246039 0.341382 -49.7692 -0.124529 -0.124529 -49.7692 -0.192939 -0.0212391 -0.192939 -50.5099 -0.100282 -0.100282 -50.5099 
0.0024401 0.811667 122724 0.0825165 0.836811 74.0347 -739.503 477.751 -0.710518 -0.0177546 -0.710518 -49.9382 -0.299766 -0.299766 -49.9382 0.16027 -0.0494026 0.16027 -49.7266 0.159353 0.159353 -49.7266 0.458031 0.197573 0.458031 -49.7428 0.32983 0.32983 -49.7428 0.447003 0.275083 0.447003 -49.7367 0.295141 0.295141 -49.7367 0.434514 -0.00890708 0.434514 -49.7121 -0.136163 -0.136163 -49.7121 -0.224329 -0.0310789 -0.224329 -50.6141 -0.140216 -0.140216 -50.6141 
0.0029301 0.975 147879 0.108337 0.997388 97.0888 -875.017 572.944 -0.84061 -0.0251372 -0.84061 -49.9104 -0.356061 -0.356061 -49.9104 0.217274 -0.0633669 0.217274 -49.6722 0.212311 0.212311 -49.6722 0.549417 0.248792 0.549417 -49.6916 0.402399 0.402399 -49.6916 0.537874 0.339876 0.537874 -49.684 0.35981 0.35981 -49.684 0.529605 0.0140148 0.529605 -49.6551 -0.141069 -0.141069 -49.6551 -0.249013 -0.0427028 -0.249013 -50.7104 -0.183881 -0.183881 -50.7104 
0.0034201 1.13833 173129 0.136825 1.15547 122.524 -1005.77 668.149 -0.966131 -0.0339781 -0.966131 -49.8792 -0.409874 -0.409874 -49.8792 0.28019 -0.0763059 0.28019 -49.6177 0.270212 0.270212 -49.6177 0.640814 0.302781 0.640814 -49.6403 0.476478 0.476478 -49.6403 0.629199 0.406975 0.629199 -49.6312 0.425746 0.425746 -49.6312 0.626351 0.043537 0.626351 -49.598 -0.139748 -0.139748 -49.598 -0.267371 -0.0559141 -0.267371 -50.7994 -0.230598 -0.230598 -50.7994 
0.0039101 1.30167 198468 0.167797 1.31119 150.177 -1131.86 763.382 -1.08718 -0.0443306 -1.08718 -49.8451 -0.461081 -0.461081 -49.8451 0.348313 -0.0878118 0.348313 -49.5632 0.332539 0.332539 -49.5632 0.732237 0.359282 0.732237 -49.5889 0.551941 0.551941 -49.5889 0.720965 0.47617 0.720965 -49.5783 0.492839 0.492839 -49.5783 0.72452 0.0791236 0.72452 -49.541 -0.132655 -0.132655 -49.541 -0.279762 -0.0705071 -0.279762 -50.8818 -0.279827 -0.279827 -50.8818 
0.0044001 1.465 223890 0.201098 1.46466 179.91 -1253.43 858.898 -1.20388 -0.0562035 -1.20388 -49.8084 -0.509577 -0.509577 -49.8084 0.421056 -0.0975994 0.421056 -49.5087 0.398874 0.398874 -49.5087 0.8237 0.41808 0.8237 -49.5374 0.628681 0.628681 -49.5374 0.813156 0.547282 0.813156 -49.5253 0.560995 0.560995 -49.5253 0.823933 0.120307 0.823933 -49.4841 -0.120201 -0.120201 -49.4841 -0.286528 -0.0862848 -0.286528 -50.9582 -0.331131 -0.331131 -50.9582 
0.0048901 1.62833 249392 0.236594 1.6159 211.603 -1370.55 963.602 -1.31632 -0.0693639 -1.31632 -49.7694 -0.555346 -0.555346 -49.7694 0.497932 -0.105474 0.497932 -49.4541 0.46886 0.46886 -49.4541 0.915208 0.47899 0.915208 -49.4858 0.706607 0.706607 -49.4858 0.90576 0.62016 0.90576 -49.4721 0.630133 0.630133 -49.4721 0.924449 0.166683 0.924449 -49.4271 -0.102754 -0.102754 -49.4271 -0.287984 -0.103064 -0.287984 -51.0291 -0.38415 -0.38415 -51.0291 
0.0053801 1.79167 274969 0.273449 1.7658 244.509 -1484.66 1066.62 -1.42586 -0.0835722 -1.42586 -49.7295 -0.598421 -0.598421 -49.7295 0.577334 -0.108112 0.577334 -49.3995 0.536751 0.536751 -49.3995 1.00753 0.540337 1.00753 -49.4338 0.785339 0.785339 -49.4338 0.999117 0.693918 0.999117 -49.4189 0.700185 0.700185 -49.4189 1.02335 0.215111 1.02335 -49.3703 -0.0802956 -0.0802956 -49.3703 -0.284983 -0.120963 -0.284983 -51.0957 -0.438628 -0.438628 -51.0957 
0.0058701 1.955 300630 0.310972 1.91511 278.012 -1596.34 1163.7 -1.53307 -0.0988409 -1.53307 -49.6892 -0.638917 -0.638917 -49.6892 0.658668 -0.10364 0.658668 -49.3449 0.599187 0.599187 -49.3449 1.10113 0.601229 1.10113 -49.381 0.864626 0.864626 -49.381 1.09369 0.767806 1.09369 -49.3658 0.77142 0.77142 -49.3658 1.11654 0.261207 1.11654 -49.3138 -0.0521913 -0.0521913 -49.3138 -0.278656 -0.140185 -0.278656 -51.1595 -0.494543 -0.494543 -51.1595 
0.0063601 2.11833 326363 0.350214 2.06278 313.049 -1704.14 1260.82 -1.63656 -0.11592 -1.63656 -49.6472 -0.676813 -0.676813 -49.6472 0.743055 -0.0965314 0.743055 -49.2903 0.663328 0.663328 -49.2903 1.19498 0.663573 1.19498 -49.328 0.944863 0.944863 -49.328 1.18877 0.842984 1.18877 -49.3125 0.843536 0.843536 -49.3125 1.20977 0.310703 1.20977 -49.2573 -0.0196977 -0.0196977 -49.2573 -0.267928 -0.159979 -0.267928 -51.2189 -0.551586 -0.551586 -51.2189 
0.0068501 2.28167 352163 0.390144 2.21025 348.701 -1810.08 1357.57 -1.73826 -0.134723 -1.73826 -49.6041 -0.713536 -0.713536 -49.6041 0.828782 -0.0875025 0.828782 -49.2357 0.725774 0.725774 -49.2357 1.2893 0.726748 1.2893 -49.2748 1.02595 1.02595 -49.2748 1.28463 0.918868 1.28463 -49.2592 0.916415 0.916415 -49.2592 1.30266 0.357763 1.30266 -49.2009 0.0152219 0.0152219 -49.2009 -0.254432 -0.18063 -0.254432 -51.2751 -0.610551 -0.610551 -51.2751 
0.0073401 2.445 378044 0.429931 2.35863 384.225 -1915.7 1453.52 -1.83966 -0.155245 -1.83966 -49.5601 -0.750193 -0.750193 -49.5601 0.914618 -0.0768479 0.914618 -49.1811 0.78358 0.78358 -49.1811 1.38436 0.790327 1.38436 -49.2212 1.10784 1.10784 -49.2212 1.38154 0.994958 1.38154 -49.2056 0.990072 0.990072 -49.2056 1.39477 0.396959 1.39477 -49.1445 0.0511586 0.0511586 -49.1445 -0.239561 -0.202344 -0.239561 -51.329 -0.6721 -0.6721 -51.329 
0.0078301 2.60833 403992 0.471038 2.50563 420.927 -2018.01 1549.35 -1.93788 -0.177064 -1.93788 -49.5149 -0.784608 -0.784608 -49.5149 1.00258 -0.0637611 1.00258 -49.1265 0.841925 0.841925 -49.1265 1.47971 0.855049 1.47971 -49.1674 1.19057 1.19057 -49.1674 1.479 1.07205 1.479 -49.152 1.06451 1.06451 -49.152 1.48676 0.437516 1.48676 -49.0882 0.0904636 0.0904636 -49.0882 -0.221172 -0.224373 -0.221172 -51.3794 -0.734527 -0.734527 -51.3794 
