0 0 0 0 0 0 0 0 0 0 -50 -1.97641e-013 -50 0 0 -50 -1.97641e-013 -50 -8.47033e-014 -8.47033e-014 -50 -9.88205e-014 -50 -8.47033e-014 -8.47033e-014 -9.88205e-014 -50 -50 -8.47033e-014 -8.47033e-014 -50 -9.88205e-014 -50 -8.47033e-014 -8.47033e-014 -50 -9.88205e-014 -50 
0.0004801 0.158333 23249.5 0.00921363 0.167372 12.0208 -151.761 115.534 -0.0963607 -0.0963607 -50.0375 -0.00717696 -50.0375 0.00703223 0.00703223 -49.9475 -0.0141983 -49.9475 0.0675004 0.0675004 -49.9512 0.0505882 -49.9512 0.0735359 0.0735359 0.0374915 -49.9506 -49.9506 0.0430713 0.0430713 -49.972 -0.0396942 -49.972 -0.0387035 -0.0387035 -50.0975 -0.00544127 -50.0975 
0.0009701 0.321667 47917.6 0.0223924 0.339537 28.4941 -306.897 234.607 -0.194793 -0.194793 -50.0686 -0.0212859 -50.0686 0.0198776 0.0198776 -49.8956 -0.0109222 -49.8956 0.141169 0.141169 -49.9031 0.108097 -49.9031 0.149742 0.149742 0.0885006 -49.9018 -49.9018 0.0944824 0.0944824 -49.9384 -0.0781054 -49.9384 -0.074703 -0.074703 -50.1968 -0.0119516 -50.1968 
0.0014601 0.485 72722.5 0.0395923 0.508197 49.9937 -455.061 356.127 -0.290158 -0.290158 -50.0912 -0.0416765 -50.0912 0.0386971 0.0386971 -49.8437 0.00432944 -49.8437 0.216862 0.216862 -49.855 0.168694 -49.855 0.227516 0.227516 0.143314 -49.8529 -49.8529 0.152135 0.152135 -49.9005 -0.112545 -49.9005 -0.105618 -0.105618 -50.2916 -0.021046 -50.2916 
0.0019501 0.648333 97658.8 0.0593198 0.674483 74.6529 -598.757 479.939 -0.383602 -0.383602 -50.1076 -0.0672319 -50.1076 0.0619418 0.0619418 -49.7919 0.0279272 -49.7919 0.292173 0.292173 -49.8068 0.232052 -49.8068 0.306756 0.306756 0.197019 -49.8038 -49.8038 0.214051 0.214051 -49.86 -0.142998 -49.86 -0.133155 -0.133155 -50.3832 -0.0328932 -50.3832 
0.0024401 0.811667 122706 0.0821384 0.838004 103.176 -740.302 605.74 -0.47419 -0.47419 -50.1181 -0.096176 -50.1181 0.090047 0.090047 -49.7402 0.0599125 -49.7402 0.368614 0.368614 -49.7585 0.297806 -49.7585 0.387268 0.387268 0.252722 -49.7545 -49.7545 0.28025 0.28025 -49.8169 -0.168601 -49.8169 -0.156629 -0.156629 -50.4706 -0.0473884 -50.4706 
0.0029301 0.975 147854 0.10781 0.998913 135.265 -877.424 733.352 -0.561947 -0.561947 -50.1233 -0.127549 -50.1233 0.122643 0.122643 -49.6885 0.0992382 -49.6885 0.446073 0.446073 -49.7101 0.365701 -49.7101 0.46894 0.46894 0.310217 -49.7052 -49.7052 0.350186 0.350186 -49.7718 -0.18926 -49.7718 -0.176272 -0.176272 -50.554 -0.0644295 -50.554 
0.0034201 1.13833 173097 0.136131 1.15735 170.666 -1010.19 862.628 -0.646914 -0.646914 -50.1239 -0.160617 -50.1239 0.159392 0.159392 -49.6368 0.145076 -49.6368 0.52446 0.52446 -49.6616 0.43553 -49.6616 0.551676 0.551676 0.369336 -49.6557 -49.6557 0.42343 0.42343 -49.725 -0.205024 -49.725 -0.192288 -0.192288 -50.6335 -0.0838743 -50.6335 
0.0039101 1.30167 198427 0.166926 1.31342 209.159 -1138.66 993.444 -0.729139 -0.729139 -50.1203 -0.194808 -50.1203 0.199988 0.199988 -49.585 0.196755 -49.585 0.603702 0.603702 -49.613 0.507124 -49.613 0.635399 0.635399 0.429939 -49.6061 -49.6061 0.499641 0.499641 -49.6767 -0.216018 -49.6767 -0.204859 -0.204859 -50.7093 -0.105565 -50.7093 
0.0044001 1.465 223840 0.200041 1.46724 250.553 -1262.94 1125.69 -0.808675 -0.808675 -50.1129 -0.229673 -50.1129 0.244154 0.244154 -49.5333 0.253722 -49.5333 0.683733 0.683733 -49.5643 0.580338 -49.5643 0.720039 0.720039 0.491908 -49.5564 -49.5564 0.578538 0.578538 -49.6271 -0.222407 -49.6271 -0.214151 -0.214151 -50.7815 -0.12934 -50.7815 
0.0048901 1.62833 249331 0.235339 1.61889 294.676 -1383.11 1259.29 -0.885581 -0.885581 -50.1021 -0.264853 -50.1021 0.291642 0.291642 -49.4816 0.315514 -49.4816 0.764498 0.764498 -49.5155 0.655048 -49.5155 0.805538 0.805538 0.55514 -49.5065 -49.5065 0.659888 0.659888 -49.5764 -0.224376 -49.5764 -0.220317 -0.220317 -50.8503 -0.155043 -50.8503 
0.0053801 1.79167 274899 0.272175 1.76908 340.721 -1500.91 1394.12 -0.960977 -0.960977 -50.0894 -0.299577 -50.0894 0.342644 0.342644 -49.4303 0.373144 -49.4303 0.846038 0.846038 -49.4662 0.730572 -49.4662 0.891832 0.891832 0.619358 -49.4566 -49.4566 0.743464 0.743464 -49.5247 -0.222079 -49.5247 -0.223458 -0.223458 -50.9156 -0.182528 -50.9156 
0.0058701 1.955 300547 0.309877 1.91858 387.847 -1616.01 1530.2 -1.03464 -1.03464 -50.0747 -0.333869 -50.0747 0.397164 0.397164 -49.3794 0.427103 -49.3794 0.928256 0.928256 -49.4164 0.806569 -49.4164 0.978921 0.978921 0.68412 -49.4063 -49.4063 0.823301 0.823301 -49.4736 -0.212187 -49.4736 -0.224813 -0.224813 -50.979 -0.212265 -50.979 
0.0063601 2.11833 326268 0.348977 2.06669 436.723 -1727.38 1667.52 -1.10592 -1.10592 -50.0573 -0.367857 -50.0573 0.454562 0.454562 -49.3287 0.483487 -49.3287 1.01105 1.01105 -49.3663 0.883507 -49.3663 1.06681 1.06681 0.749711 -49.3557 -49.3557 0.90123 0.90123 -49.4225 -0.19596 -49.4225 -0.224079 -0.224079 -51.04 -0.243875 -51.04 
0.0068501 2.28167 352056 0.389476 2.21341 487.346 -1838.01 1805.97 -1.17671 -1.17671 -50.0376 -0.400874 -50.0376 0.514053 0.514053 -49.2781 0.540457 -49.2781 1.09443 1.09443 -49.3159 0.961442 -49.3159 1.15542 1.15542 0.816226 -49.3049 -49.3049 0.980241 0.980241 -49.3707 -0.175601 -49.3707 -0.220786 -0.220786 -51.0981 -0.27695 -51.0981 
0.0073401 2.445 377922 0.429351 2.36178 537.189 -1951.18 1945.6 -1.24914 -1.24914 -50.0172 -0.434603 -50.0172 0.573472 0.573472 -49.2274 0.588845 -49.2274 1.17845 1.17845 -49.2649 1.03972 -49.2649 1.24478 1.24478 0.883924 -49.2541 -49.2541 1.05537 1.05537 -49.3189 -0.155335 -49.3189 -0.21739 -0.21739 -51.1557 -0.312825 -51.1557 
0.0078301 2.60833 403858 0.470295 2.50913 588.369 -2061.69 2086.34 -1.31987 -1.31987 -49.9947 -0.467688 -49.9947 0.635079 0.635079 -49.1768 0.638086 -49.1768 1.26303 1.26303 -49.2136 1.11885 -49.2136 1.33485 1.33485 0.952724 -49.2033 -49.2033 1.12971 1.12971 -49.2667 -0.132422 -49.2667 -0.212382 -0.212382 -51.2113 -0.350415 -51.2113 
