0 4.51268e-006 52419.5 0
2.5e-006 0.00564537 19825 -0.00233753
5e-006 0.0112862 40316.2 -0.00233722
7.5e-006 0.0169271 42037.8 -0.0023381
1e-005 0.0225679 40235.6 -0.00234023
1.25e-005 0.0282088 36371.7 -0.00233942
1.5e-005 0.0338496 32799.6 -0.00233955
1.75e-005 0.0394905 32685.2 -0.00234056
2e-005 0.0451313 31286.8 -0.00234111
2.25e-005 0.0507722 26663.1 -0.00234224
2.5e-005 0.0564131 21460.2 -0.00234316
2.75e-005 0.0620539 20074.9 -0.00234334
3e-005 0.0676948 24571.4 -0.00234357
3.25e-005 0.0733356 33548.1 -0.00234391
3.5e-005 0.0789765 43373.3 -0.00234393
3.75e-005 0.0846173 51082 -0.00234355
4e-005 0.0902582 57685 -0.00234285
4.25e-005 0.095899 66788.7 -0.00234218
4.5e-005 0.10154 80595.7 -0.00234202
4.75e-005 0.107181 98336.3 -0.00234248
5e-005 0.112822 117655 -0.00234324
5.25e-005 0.118462 136980 -0.00234402
5.5e-005 0.124103 156248 -0.00234465
5.75e-005 0.129744 175154 -0.00234506
6e-005 0.135385 191798 -0.00234523
6.25e-005 0.141026 204287 -0.00234518
6.5e-005 0.146667 213430 -0.00234502
6.75e-005 0.152308 222979 -0.00234499
7e-005 0.157948 237027 -0.00234529
7.25e-005 0.163589 257257 -0.00234594
7.5e-005 0.16923 282387 -0.00234685
7.75e-005 0.174871 309693 -0.00234787
8e-005 0.180512 336917 -0.00234886
8.25e-005 0.186153 363115 -0.00234969
8.5e-005 0.191794 388294 -0.00235027
8.75e-005 0.197434 412745 -0.0023506
9e-005 0.203075 436817 -0.00235082
9.25e-005 0.208716 460865 -0.00235117
9.5e-005 0.214357 484995 -0.0023518
9.75e-005 0.219998 508760 -0.00235269
0.0001 0.225639 531072 -0.00235366
0.0001025 0.23128 550450 -0.00235449
0.000105 0.23692 565596 -0.00235506
0.0001075 0.242561 575944 -0.00235537
0.00011 0.248202 581789 -0.00235546
0.0001125 0.253843 584112 -0.00235535
0.000115 0.259484 584354 -0.00235512
0.0001175 0.265125 584265 -0.00235485
0.00012 0.270766 585798 -0.00235465
0.0001225 0.276406 590796 -0.00235468
0.000125 0.282047 600430 -0.002355
0.0001275 0.287688 614763 -0.00235562
0.00013 0.293329 632758 -0.00235643
0.0001325 0.29897 652710 -0.00235733
0.000135 0.304611 672758 -0.00235827
0.0001375 0.310251 691089 -0.0023592
0.00014 0.315892 705975 -0.00236005
0.0001425 0.321533 716103 -0.00236068
0.000145 0.327174 721268 -0.00236102
0.0001475 0.332815 722938 -0.00236117
0.00015 0.338456 724029 -0.00236133
0.0001525 0.344097 727803 -0.00236168
0.000155 0.349737 736550 -0.0023623
0.0001575 0.355378 750894 -0.00236313
0.00016 0.361019 770016 -0.00236412
0.0001625 0.36666 792376 -0.00236521
0.000165 0.372301 816296 -0.00236636
0.0001675 0.377942 840131 -0.00236747
0.00017 0.383583 862291 -0.00236843
0.0001725 0.389223 881474 -0.00236919
0.000175 0.394864 897120 -0.00236976
0.0001775 0.400505 909677 -0.00237024
0.00018 0.406146 920334 -0.00237069
0.0001825 0.411787 930409 -0.00237117
0.000185 0.417428 940930 -0.00237171
0.0001875 0.423069 952612 -0.00237234
0.00019 0.428709 965994 -0.00237304
0.0001925 0.43435 981461 -0.00237379
0.000195 0.439991 999243 -0.00237457
0.0001975 0.445632 1.01958e+006 -0.00237538
0.0002 0.451273 1.0429e+006 -0.00237624
0.0002025 0.456914 1.06973e+006 -0.00237719
0.000205 0.462555 1.10023e+006 -0.00237825
0.0002075 0.468195 1.13372e+006 -0.00237948
0.00021 0.473836 1.16872e+006 -0.00238085
0.0002125 0.479477 1.2033e+006 -0.00238229
0.000215 0.485118 1.23558e+006 -0.00238367
0.0002175 0.490759 1.26425e+006 -0.0023849
0.00022 0.4964 1.28887e+006 -0.00238598
0.0002225 0.502041 1.3101e+006 -0.0023869
0.000225 0.507681 1.32935e+006 -0.00238773
0.0002275 0.513322 1.34824e+006 -0.00238851
0.00023 0.518963 1.36822e+006 -0.00238933
0.0002325 0.524604 1.3903e+006 -0.00239031
0.000235 0.530245 1.41477e+006 -0.0023915
0.0002375 0.535886 1.44095e+006 -0.00239288
0.00024 0.541526 1.46708e+006 -0.00239438
0.0002425 0.547167 1.49095e+006 -0.00239585
0.000245 0.552808 1.51058e+006 -0.00239715
0.0002475 0.558449 1.52488e+006 -0.00239816
0.00025 0.56409 1.53385e+006 -0.00239887
0.0002525 0.569731 1.53872e+006 -0.00239938
0.000255 0.575372 1.54176e+006 -0.00239984
0.0002575 0.581012 1.54566e+006 -0.00240041
0.00026 0.586653 1.55268e+006 -0.00240119
0.0002625 0.592294 1.56417e+006 -0.00240226
0.000265 0.597935 1.58042e+006 -0.0024036
0.0002675 0.603576 1.60082e+006 -0.00240514
0.00027 0.609217 1.62399e+006 -0.00240677
0.0002725 0.614858 1.64818e+006 -0.00240843
0.000275 0.620498 1.67166e+006 -0.00241003
0.0002775 0.626139 1.69318e+006 -0.00241152
0.00028 0.63178 1.71211e+006 -0.00241291
0.0002825 0.637421 1.72866e+006 -0.00241421
0.000285 0.643062 1.74372e+006 -0.00241547
0.0002875 0.648703 1.75855e+006 -0.00241672
0.00029 0.654344 1.77434e+006 -0.002418
0.0002925 0.659984 1.79187e+006 -0.00241931
0.000295 0.665625 1.8115e+006 -0.00242066
0.0002975 0.671266 1.83314e+006 -0.002422
0.0003 0.676907 1.8564e+006 -0.00242332
0.0003025 0.682548 1.88072e+006 -0.00242462
0.000305 0.688189 1.90553e+006 -0.00242591
0.0003075 0.69383 1.93025e+006 -0.00242721
0.00031 0.69947 1.95431e+006 -0.00242852
0.0003125 0.705111 1.97731e+006 -0.00242982
0.000315 0.710752 1.99922e+006 -0.00243109
0.0003175 0.716393 2.02048e+006 -0.00243233
0.00032 0.722034 2.04193e+006 -0.00243353
0.0003225 0.727675 2.06472e+006 -0.00243475
0.000325 0.733316 2.09012e+006 -0.00243605
0.0003275 0.738956 2.11913e+006 -0.00243748
0.00033 0.744597 2.15209e+006 -0.00243909
0.0003325 0.750238 2.18843e+006 -0.00244089
0.000335 0.755879 2.22663e+006 -0.0024428
0.0003375 0.76152 2.26443e+006 -0.00244471
0.00034 0.767161 2.29946e+006 -0.00244653
0.0003425 0.772802 2.32993e+006 -0.00244817
0.000345 0.778442 2.35517e+006 -0.0024496
0.0003475 0.784083 2.37574e+006 -0.00245088
0.00035 0.789724 2.39323e+006 -0.0024521
0.0003525 0.795365 2.40962e+006 -0.00245335
0.000355 0.801006 2.42664e+006 -0.00245472
0.0003575 0.806647 2.4452e+006 -0.00245624
0.00036 0.812287 2.46523e+006 -0.00245792
0.0003625 0.817928 2.48573e+006 -0.00245969
0.000365 0.823569 2.50522e+006 -0.00246148
0.0003675 0.82921 2.52236e+006 -0.00246319
0.00037 0.834851 2.53649e+006 -0.00246477
0.0003725 0.840492 2.54796e+006 -0.00246624
0.000375 0.846133 2.55803e+006 -0.00246764
0.0003775 0.851773 2.56855e+006 -0.00246906
0.00038 0.857414 2.58135e+006 -0.0024706
0.0003825 0.863055 2.59772e+006 -0.00247229
0.000385 0.868696 2.61809e+006 -0.00247414
0.0003875 0.874337 2.64204e+006 -0.0024761
0.00039 0.879978 2.66849e+006 -0.0024781
0.0003925 0.885619 2.69603e+006 -0.0024801
0.000395 0.891259 2.72324e+006 -0.00248206
0.0003975 0.8969 2.74902e+006 -0.00248395
0.0004 0.902541 2.77278e+006 -0.00248576
0.0004025 0.908182 2.79453e+006 -0.0024875
0.000405 0.913823 2.81484e+006 -0.00248917
0.0004075 0.919464 2.83474e+006 -0.0024908
0.00041 0.925105 2.85538e+006 -0.0024924
0.0004125 0.930745 2.87778e+006 -0.002494
0.000415 0.936386 2.90255e+006 -0.00249563
0.0004175 0.942027 2.92977e+006 -0.0024973
0.00042 0.947668 2.95897e+006 -0.00249901
0.0004225 0.953309 2.98927e+006 -0.00250075
0.000425 0.95895 3.01965e+006 -0.00250249
0.0004275 0.964591 3.04927e+006 -0.00250422
0.00043 0.970231 3.07777e+006 -0.00250591
0.0004325 0.975872 3.10543e+006 -0.00250757
0.000435 0.981513 3.13307e+006 -0.00250924
0.0004375 0.987154 3.16175e+006 -0.00251097
0.00044 0.992795 3.19239e+006 -0.00251278
0.0004425 0.998436 3.22529e+006 -0.00251473
0.000445 1.00408 3.25994e+006 -0.00251679
0.0004475 1.00972 3.29496e+006 -0.00251893
0.00045 1.01536 3.32846e+006 -0.00252106
0.0004525 1.021 3.35856e+006 -0.0025231
0.000455 1.02664 3.38401e+006 -0.00252501
0.0004575 1.03228 3.40464e+006 -0.00252679
0.00046 1.03792 3.42139e+006 -0.00252848
0.0004625 1.04356 3.43595e+006 -0.00253018
0.000465 1.0492 3.45019e+006 -0.00253195
0.0004675 1.05484 3.4655e+006 -0.00253385
0.00047 1.06049 3.48243e+006 -0.00253587
0.0004725 1.06613 3.50065e+006 -0.00253799
0.000475 1.07177 3.5193e+006 -0.00254014
0.0004775 1.07741 3.53747e+006 -0.00254227
0.00048 1.08305 3.55466e+006 -0.00254436
0.0004825 1.08869 3.57111e+006 -0.0025464
0.000485 1.09433 3.58771e+006 -0.00254842
0.0004875 1.09997 3.60573e+006 -0.00255044
0.00049 1.10561 3.62631e+006 -0.00255251
0.0004925 1.11125 3.6501e+006 -0.00255465
0.000495 1.11689 3.67703e+006 -0.00255683
0.0004975 1.12253 3.70632e+006 -0.00255904
0.0005 1.12818 3.73676e+006 -0.00256124
0.0005025 1.13382 3.76701e+006 -0.00256339
0.000505 1.13946 3.79597e+006 -0.00256547
0.0005075 1.1451 3.82306e+006 -0.0025675
0.00051 1.15074 3.84831e+006 -0.00256946
0.0005125 1.15638 3.87235e+006 -0.00257137
0.000515 1.16202 3.89628e+006 -0.00257326
0.0005175 1.16766 3.92129e+006 -0.00257514
0.00052 1.1733 3.94835e+006 -0.00257706
0.0005225 1.17894 3.97787e+006 -0.00257903
0.000525 1.18458 4.00961e+006 -0.00258104
0.0005275 1.19022 4.04274e+006 -0.00258309
0.00053 1.19587 4.07617e+006 -0.00258515
0.0005325 1.20151 4.1089e+006 -0.00258719
0.000535 1.20715 4.14042e+006 -0.00258921
0.0005375 1.21279 4.1708e+006 -0.00259122
0.00054 1.21843 4.20061e+006 -0.00259325
0.0005425 1.22407 4.23056e+006 -0.00259535
0.000545 1.22971 4.26107e+006 -0.00259753
0.0005475 1.23535 4.29197e+006 -0.0025998
0.00055 1.24099 4.3224e+006 -0.00260213
0.0005525 1.24663 4.35107e+006 -0.00260448
0.000555 1.25227 4.37666e+006 -0.0026068
0.0005575 1.25791 4.39839e+006 -0.00260905
0.00056 1.26356 4.41629e+006 -0.00261123
0.0005625 1.2692 4.43135e+006 -0.00261337
0.000565 1.27484 4.44518e+006 -0.00261552
0.0005675 1.28048 4.45945e+006 -0.00261773
0.00057 1.28612 4.47541e+006 -0.00262004
0.0005725 1.29176 4.49356e+006 -0.00262242
0.000575 1.2974 4.51363e+006 -0.00262486
0.0005775 1.30304 4.53489e+006 -0.00262732
0.00058 1.30868 4.55668e+006 -0.00262975
0.0005825 1.31432 4.57867e+006 -0.00263214
0.000585 1.31996 4.60112e+006 -0.0026345
0.0005875 1.32561 4.6247e+006 -0.00263683
0.00059 1.33125 4.65018e+006 -0.00263916
0.0005925 1.33689 4.67806e+006 -0.00264149
0.000595 1.34253 4.70829e+006 -0.00264383
0.0005975 1.34817 4.74023e+006 -0.00264617
0.0006 1.35381 4.77286e+006 -0.00264848
0.0006025 1.35945 4.80503e+006 -0.00265074
0.000605 1.36509 4.83588e+006 -0.00265296
0.0006075 1.37073 4.86503e+006 -0.00265514
0.00061 1.37637 4.89277e+006 -0.00265728
0.0006125 1.38201 4.91988e+006 -0.00265941
0.000615 1.38765 4.94741e+006 -0.00266155
0.0006175 1.3933 4.97631e+006 -0.00266373
0.00062 1.39894 5.00714e+006 -0.00266595
0.0006225 1.40458 5.0398e+006 -0.00266821
0.000625 1.41022 5.07365e+006 -0.00267051
0.0006275 1.41586 5.10767e+006 -0.00267283
0.00063 1.4215 5.14087e+006 -0.00267514
0.0006325 1.42714 5.17262e+006 -0.00267745
0.000635 1.43278 5.20281e+006 -0.00267976
0.0006375 1.43842 5.23175e+006 -0.0026821
0.00064 1.44406 5.2599e+006 -0.00268449
0.0006425 1.4497 5.28746e+006 -0.00268696
0.000645 1.45534 5.31422e+006 -0.00268949
0.0006475 1.46099 5.33951e+006 -0.00269207
0.00065 1.46663 5.36254e+006 -0.00269465
0.0006525 1.47227 5.38277e+006 -0.00269722
0.000655 1.47791 5.40028e+006 -0.00269976
0.0006575 1.48355 5.41587e+006 -0.00270228
0.00066 1.48919 5.43091e+006 -0.00270479
0.0006625 1.49483 5.44692e+006 -0.00270733
0.000665 1.50047 5.46511e+006 -0.00270991
0.0006675 1.50611 5.48602e+006 -0.00271253
0.00067 1.51175 5.50948e+006 -0.00271517
0.0006725 1.51739 5.53487e+006 -0.00271781
0.000675 1.52304 5.56144e+006 -0.00272042
0.0006775 1.52868 5.58872e+006 -0.00272298
0.00068 1.53432 5.61667e+006 -0.0027255
0.0006825 1.53996 5.64561e+006 -0.00272798
0.000685 1.5456 5.67594e+006 -0.00273045
0.0006875 1.55124 5.70784e+006 -0.0027329
0.00069 1.55688 5.74108e+006 -0.00273534
0.0006925 1.56252 5.77501e+006 -0.00273777
0.000695 1.56816 5.80874e+006 -0.00274017
0.0006975 1.5738 5.8415e+006 -0.00274254
0.0007 1.57944 5.87285e+006 -0.0027449
0.0007025 1.58508 5.90289e+006 -0.00274723
0.000705 1.59073 5.9322e+006 -0.00274958
0.0007075 1.59637 5.96161e+006 -0.00275195
0.00071 1.60201 5.99188e+006 -0.00275436
0.0007125 1.60765 6.02342e+006 -0.00275681
0.000715 1.61329 6.05609e+006 -0.00275931
0.0007175 1.61893 6.08926e+006 -0.00276185
0.00072 1.62457 6.12205e+006 -0.0027644
0.0007225 1.63021 6.1536e+006 -0.00276696
0.000725 1.63585 6.1834e+006 -0.00276953
0.0007275 1.64149 6.21138e+006 -0.00277212
0.00073 1.64713 6.23782e+006 -0.00277474
0.0007325 1.65277 6.26304e+006 -0.00277741
0.000735 1.65842 6.28721e+006 -0.00278015
0.0007375 1.66406 6.3102e+006 -0.00278293
0.00074 1.6697 6.33166e+006 -0.00278574
0.0007425 1.67534 6.35139e+006 -0.00278855
0.000745 1.68098 6.36953e+006 -0.00279136
0.0007475 1.68662 6.3868e+006 -0.00279414
0.00075 1.69226 6.40435e+006 -0.00279691
0.0007525 1.6979 6.42348e+006 -0.00279968
0.000755 1.70354 6.44522e+006 -0.00280244
0.0007575 1.70918 6.47e+006 -0.00280521
0.00076 1.71482 6.49763e+006 -0.00280796
0.0007625 1.72046 6.52744e+006 -0.00281069
0.000765 1.72611 6.5586e+006 -0.00281337
0.0007675 1.73175 6.59048e+006 -0.002816
0.00077 1.73739 6.6228e+006 -0.0028186
0.0007725 1.74303 6.65563e+006 -0.00282116
0.000775 1.74867 6.6891e+006 -0.00282371
0.0007775 1.75431 6.72323e+006 -0.00282626
0.00078 1.75995 6.75777e+006 -0.0028288
0.0007825 1.76559 6.79219e+006 -0.00283133
0.000785 1.77123 6.82588e+006 -0.00283386
0.0007875 1.77687 6.85842e+006 -0.00283639
0.00079 1.78251 6.88973e+006 -0.00283891
0.0007925 1.78816 6.92015e+006 -0.00284145
0.000795 1.7938 6.95027e+006 -0.00284402
0.0007975 1.79944 6.98067e+006 -0.00284664
0.0008 1.80508 7.01169e+006 -0.0028493
0.0008025 1.81072 7.04324e+006 -0.002852
0.000805 1.81636 7.0748e+006 -0.00285474
0.0008075 1.822 7.10566e+006 -0.00285751
0.00081 1.82764 7.1351e+006 -0.0028603
0.0008125 1.83328 7.16274e+006 -0.0028631
0.000815 1.83892 7.18855e+006 -0.00286593
0.0008175 1.84456 7.21281e+006 -0.00286878
0.00082 1.8502 7.23591e+006 -0.00287169
0.0008225 1.85585 7.25812e+006 -0.00287463
0.000825 1.86149 7.27956e+006 -0.0028776
0.0008275 1.86713 7.30023e+006 -0.0028806
0.00083 1.87277 7.32027e+006 -0.00288358
0.0008325 1.87841 7.34013e+006 -0.00288654
0.000835 1.88405 7.36064e+006 -0.00288948
0.0008375 1.88969 7.38281e+006 -0.00289239
0.00084 1.89533 7.40755e+006 -0.00289526
0.0008425 1.90097 7.43535e+006 -0.00289811
0.000845 1.90661 7.46611e+006 -0.00290092
0.0008475 1.91225 7.49923e+006 -0.00290369
0.00085 1.91789 7.53382e+006 -0.00290642
0.0008525 1.92354 7.56905e+006 -0.00290911
0.000855 1.92918 7.60436e+006 -0.00291177
0.0008575 1.93482 7.63951e+006 -0.0029144
0.00086 1.94046 7.67452e+006 -0.00291704
0.0008625 1.9461 7.70937e+006 -0.00291968
0.000865 1.95174 7.74397e+006 -0.00292233
0.0008675 1.95738 7.77801e+006 -0.002925
0.00087 1.96302 7.81116e+006 -0.00292768
0.0008725 1.96866 7.8432e+006 -0.00293038
0.000875 1.9743 7.87417e+006 -0.0029331
0.0008775 1.97994 7.90436e+006 -0.00293584
0.00088 1.98559 7.93422e+006 -0.00293862
0.0008825 1.99123 7.96413e+006 -0.00294143
0.000885 1.99687 7.99421e+006 -0.0029443
0.0008875 2.00251 8.0242e+006 -0.0029472
0.00089 2.00815 8.05362e+006 -0.00295015
0.0008925 2.01379 8.08189e+006 -0.00295311
0.000895 2.01943 8.10858e+006 -0.0029561
0.0008975 2.02507 8.1336e+006 -0.00295911
0.0009 2.03071 8.15721e+006 -0.00296215
0.0009025 2.03635 8.17983e+006 -0.00296521
0.000905 2.04199 8.20195e+006 -0.00296829
0.0009075 2.04763 8.2239e+006 -0.00297139
0.00091 2.05328 8.24593e+006 -0.0029745
0.0009125 2.05892 8.26826e+006 -0.00297758
0.000915 2.06456 8.29128e+006 -0.00298064
0.0009175 2.0702 8.31557e+006 -0.00298365
0.00092 2.07584 8.34185e+006 -0.00298662
0.0009225 2.08148 8.37073e+006 -0.00298954
0.000925 2.08712 8.40246e+006 -0.00299241
0.0009275 2.09276 8.43682e+006 -0.00299524
0.00093 2.0984 8.47311e+006 -0.00299802
0.0009325 2.10404 8.51042e+006 -0.00300077
0.000935 2.10968 8.54786e+006 -0.0030035
0.0009375 2.11532 8.5848e+006 -0.00300621
0.00094 2.12097 8.62094e+006 -0.00300892
0.0009425 2.12661 8.65623e+006 -0.00301165
0.000945 2.13225 8.69069e+006 -0.00301441
0.0009475 2.13789 8.72429e+006 -0.0030172
0.00095 2.14353 8.75695e+006 -0.00302003
0.0009525 2.14917 8.78856e+006 -0.00302288
0.000955 2.15481 8.81913e+006 -0.00302576
0.0009575 2.16045 8.84883e+006 -0.00302867
0.00096 2.16609 8.87797e+006 -0.00303161
0.0009625 2.17173 8.90687e+006 -0.00303458
0.000965 2.17737 8.93568e+006 -0.00303759
0.0009675 2.18302 8.9643e+006 -0.00304065
0.00097 2.18866 8.99242e+006 -0.00304373
0.0009725 2.1943 9.01959e+006 -0.00304685
0.000975 2.19994 9.04549e+006 -0.00304998
0.0009775 2.20558 9.07008e+006 -0.00305314
0.00098 2.21122 9.09361e+006 -0.0030563
0.0009825 2.21686 9.11659e+006 -0.00305948
0.000985 2.2225 9.13958e+006 -0.00306266
0.0009875 2.22814 9.16306e+006 -0.00306584
0.00099 2.23378 9.18736e+006 -0.003069
0.0009925 2.23942 9.21276e+006 -0.00307212
0.000995 2.24506 9.23955e+006 -0.0030752
0.0009975 2.25071 9.26807e+006 -0.00307822
0.001 2.25635 9.29873e+006 -0.00308118
0.0010025 2.26199 9.33178e+006 -0.0030841
0.001005 2.26763 9.3672e+006 -0.00308696
0.0010075 2.27327 9.40453e+006 -0.00308979
0.00101 2.27891 9.443e+006 -0.00309259
0.0010125 2.28455 9.4817e+006 -0.00309537
0.001015 2.29019 9.51979e+006 -0.00309815
0.0010175 2.29583 9.55672e+006 -0.00310094
0.00102 2.30147 9.59225e+006 -0.00310376
0.0010225 2.30711 9.6264e+006 -0.00310661
0.001025 2.31275 9.65927e+006 -0.00310952
0.0010275 2.3184 9.69097e+006 -0.00311247
0.00103 2.32404 9.7216e+006 -0.00311546
0.0010325 2.32968 9.75123e+006 -0.00311849
0.001035 2.33532 9.78005e+006 -0.00312155
0.0010375 2.34096 9.80829e+006 -0.00312463
0.00104 2.3466 9.83622e+006 -0.00312774
0.0010425 2.35224 9.86403e+006 -0.00313089
0.001045 2.35788 9.89169e+006 -0.00313406
0.0010475 2.36352 9.919e+006 -0.00313726
0.00105 2.36916 9.94566e+006 -0.00314048
0.0010525 2.3748 9.97146e+006 -0.00314372
0.001055 2.38044 9.99637e+006 -0.00314697
0.0010575 2.38609 1.00207e+007 -0.00315021
0.00106 2.39173 1.00449e+007 -0.00315345
0.0010625 2.39737 1.00697e+007 -0.00315668
0.001065 2.40301 1.00955e+007 -0.00315988
0.0010675 2.40865 1.01227e+007 -0.00316304
0.00107 2.41429 1.01516e+007 -0.00316615
0.0010725 2.41993 1.01822e+007 -0.00316921
0.001075 2.42557 1.02147e+007 -0.00317221
0.0010775 2.43121 1.02491e+007 -0.00317515
0.00108 2.43685 1.02855e+007 -0.00317804
0.0010825 2.44249 1.03234e+007 -0.0031809
0.001085 2.44814 1.03624e+007 -0.00318374
0.0010875 2.45378 1.04015e+007 -0.00318657
0.00109 2.45942 1.04401e+007 -0.00318941
0.0010925 2.46506 1.04773e+007 -0.00319228
0.001095 2.4707 1.05129e+007 -0.00319518
0.0010975 2.47634 1.05467e+007 -0.00319813
0.0011 2.48198 1.05788e+007 -0.00320113
0.0011025 2.48762 1.06095e+007 -0.00320419
0.001105 2.49326 1.0639e+007 -0.0032073
0.0011075 2.4989 1.06676e+007 -0.00321045
0.00111 2.50454 1.06955e+007 -0.00321363
0.0011125 2.51018 1.0723e+007 -0.00321684
0.001115 2.51583 1.07502e+007 -0.00322006
0.0011175 2.52147 1.07773e+007 -0.00322331
0.00112 2.52711 1.08045e+007 -0.00322657
0.0011225 2.53275 1.08316e+007 -0.00322985
0.001125 2.53839 1.08585e+007 -0.00323313
0.0011275 2.54403 1.0885e+007 -0.00323643
0.00113 2.54967 1.0911e+007 -0.00323972
0.0011325 2.55531 1.09369e+007 -0.003243
0.001135 2.56095 1.0963e+007 -0.00324625
0.0011375 2.56659 1.099e+007 -0.00324948
0.00114 2.57223 1.10184e+007 -0.00325267
0.0011425 2.57787 1.10485e+007 -0.00325581
0.001145 2.58352 1.10805e+007 -0.00325889
0.0011475 2.58916 1.11143e+007 -0.00326191
0.00115 2.5948 1.11498e+007 -0.00326488
0.0011525 2.60044 1.11869e+007 -0.0032678
0.001155 2.60608 1.12252e+007 -0.00327068
0.0011575 2.61172 1.12642e+007 -0.00327355
0.00116 2.61736 1.13034e+007 -0.00327643
0.0011625 2.623 1.1342e+007 -0.00327932
0.001165 2.62864 1.13793e+007 -0.00328224
0.0011675 2.63428 1.14148e+007 -0.00328521
0.00117 2.63992 1.14483e+007 -0.00328823
0.0011725 2.64557 1.14799e+007 -0.00329132
0.001175 2.65121 1.15099e+007 -0.00329446
0.0011775 2.65685 1.15386e+007 -0.00329765
0.00118 2.66249 1.15664e+007 -0.0033009
0.0011825 2.66813 1.15936e+007 -0.00330417
0.001185 2.67377 1.16205e+007 -0.00330747
0.0011875 2.67941 1.16473e+007 -0.00331078
0.00119 2.68505 1.16742e+007 -0.00331409
0.0011925 2.69069 1.17013e+007 -0.00331741
0.001195 2.69633 1.17287e+007 -0.00332073
0.0011975 2.70197 1.17563e+007 -0.00332405
0.0012 2.70761 1.17839e+007 -0.00332736
0.0012025 2.71326 1.18116e+007 -0.00333066
0.001205 2.7189 1.18394e+007 -0.00333394
0.0012075 2.72454 1.18676e+007 -0.00333718
0.00121 2.73018 1.18968e+007 -0.00334039
0.0012125 2.73582 1.19274e+007 -0.00334355
0.001215 2.74146 1.19597e+007 -0.00334665
0.0012175 2.7471 1.19939e+007 -0.0033497
0.00122 2.75274 1.20298e+007 -0.0033527
0.0012225 2.75838 1.20672e+007 -0.00335565
0.001225 2.76402 1.21056e+007 -0.00335856
0.0012275 2.76966 1.21446e+007 -0.00336145
0.00123 2.7753 1.21837e+007 -0.00336435
0.0012325 2.78095 1.22222e+007 -0.00336726
0.001235 2.78659 1.22596e+007 -0.00337022
0.0012375 2.79223 1.22952e+007 -0.00337323
0.00124 2.79787 1.23289e+007 -0.0033763
0.0012425 2.80351 1.23605e+007 -0.00337944
0.001245 2.80915 1.23903e+007 -0.00338263
0.0012475 2.81479 1.24186e+007 -0.00338588
0.00125 2.82043 1.24459e+007 -0.00338919
0.0012525 2.82607 1.24727e+007 -0.00339252
0.001255 2.83171 1.24993e+007 -0.00339588
0.0012575 2.83735 1.25259e+007 -0.00339925
0.00126 2.84299 1.25529e+007 -0.00340261
0.0012625 2.84864 1.25802e+007 -0.00340597
0.001265 2.85428 1.26081e+007 -0.00340931
0.0012675 2.85992 1.26365e+007 -0.00341264
0.00127 2.86556 1.26653e+007 -0.00341595
0.0012725 2.8712 1.26945e+007 -0.00341924
0.001275 2.87684 1.27241e+007 -0.0034225
0.0012775 2.88248 1.27543e+007 -0.00342572
0.00128 2.88812 1.27853e+007 -0.0034289
0.0012825 2.89376 1.28175e+007 -0.00343204
0.001285 2.8994 1.28512e+007 -0.00343512
0.0012875 2.90504 1.28865e+007 -0.00343816
0.00129 2.91069 1.29233e+007 -0.00344115
0.0012925 2.91633 1.29614e+007 -0.00344409
0.001295 2.92197 1.30002e+007 -0.00344702
0.0012975 2.92761 1.30393e+007 -0.00344993
0.0013 2.93325 1.30779e+007 -0.00345287
0.0013025 2.93889 1.31156e+007 -0.00345583
0.001305 2.94453 1.31518e+007 -0.00345886
0.0013075 2.95017 1.31863e+007 -0.00346194
0.00131 2.95581 1.32187e+007 -0.0034651
0.0013125 2.96145 1.32491e+007 -0.00346833
0.001315 2.96709 1.32777e+007 -0.00347161
0.0013175 2.97273 1.33051e+007 -0.00347496
0.00132 2.97838 1.33317e+007 -0.00347834
0.0013225 2.98402 1.33581e+007 -0.00348174
0.001325 2.98966 1.33846e+007 -0.00348516
0.0013275 2.9953 1.34116e+007 -0.00348857
0.00133 3.00094 1.34392e+007 -0.00349197
0.0013325 3.00658 1.34675e+007 -0.00349535
0.001335 3.01222 1.34964e+007 -0.0034987
0.0013375 3.01786 1.35261e+007 -0.00350202
0.00134 3.0235 1.35565e+007 -0.00350531
0.0013425 3.02914 1.35875e+007 -0.00350857
0.001345 3.03478 1.36192e+007 -0.00351179
0.0013475 3.04042 1.36516e+007 -0.00351498
0.00135 3.04607 1.36849e+007 -0.00351813
0.0013525 3.05171 1.37194e+007 -0.00352123
0.001355 3.05735 1.37551e+007 -0.00352429
0.0013575 3.06299 1.3792e+007 -0.00352732
0.00136 3.06863 1.38301e+007 -0.00353031
0.0013625 3.07427 1.38688e+007 -0.00353329
0.001365 3.07991 1.39077e+007 -0.00353627
0.0013675 3.08555 1.39462e+007 -0.00353927
0.00137 3.09119 1.39836e+007 -0.00354231
0.0013725 3.09683 1.40195e+007 -0.0035454
0.001375 3.10247 1.40535e+007 -0.00354857
0.0013775 3.10812 1.40856e+007 -0.0035518
0.00138 3.11376 1.41156e+007 -0.00355511
0.0013825 3.1194 1.4144e+007 -0.00355849
0.001385 3.12504 1.41712e+007 -0.00356191
0.0013875 3.13068 1.41976e+007 -0.00356536
0.00139 3.13632 1.4224e+007 -0.00356883
0.0013925 3.14196 1.42507e+007 -0.00357231
0.001395 3.1476 1.42781e+007 -0.00357576
0.0013975 3.15324 1.43064e+007 -0.0035792
0.0014 3.15888 1.43357e+007 -0.0035826
0.0014025 3.16452 1.43658e+007 -0.00358596
0.001405 3.17016 1.43969e+007 -0.00358929
0.0014075 3.17581 1.44288e+007 -0.00359258
0.00141 3.18145 1.44614e+007 -0.00359584
0.0014125 3.18709 1.44948e+007 -0.00359907
0.001415 3.19273 1.4529e+007 -0.00360226
0.0014175 3.19837 1.4564e+007 -0.00360541
0.00142 3.20401 1.45999e+007 -0.00360854
0.0014225 3.20965 1.46368e+007 -0.00361163
0.001425 3.21529 1.46745e+007 -0.00361469
0.0014275 3.22093 1.47129e+007 -0.00361775
0.00143 3.22657 1.47516e+007 -0.0036208
0.0014325 3.23221 1.479e+007 -0.00362387
0.001435 3.23785 1.48277e+007 -0.00362697
0.0014375 3.2435 1.4864e+007 -0.00363012
0.00144 3.24914 1.48986e+007 -0.00363333
0.0014425 3.25478 1.49312e+007 -0.00363661
0.001445 3.26042 1.49619e+007 -0.00363996
0.0014475 3.26606 1.49908e+007 -0.00364338
0.00145 3.2717 1.50183e+007 -0.00364685
0.0014525 3.27734 1.5045e+007 -0.00365035
0.001455 3.28298 1.50714e+007 -0.00365387
0.0014575 3.28862 1.50982e+007 -0.00365739
0.00146 3.29426 1.51257e+007 -0.00366089
0.0014625 3.2999 1.51544e+007 -0.00366436
0.001465 3.30554 1.51843e+007 -0.00366779
0.0014675 3.31119 1.52153e+007 -0.00367117
0.00147 3.31683 1.52474e+007 -0.00367452
0.0014725 3.32247 1.52805e+007 -0.00367782
0.001475 3.32811 1.53144e+007 -0.00368108
0.0014775 3.33375 1.53491e+007 -0.00368432
0.00148 3.33939 1.53845e+007 -0.00368752
0.0014825 3.34503 1.54205e+007 -0.0036907
0.001485 3.35067 1.54573e+007 -0.00369385
0.0014875 3.35631 1.54947e+007 -0.00369698
0.00149 3.36195 1.55326e+007 -0.00370009
0.0014925 3.36759 1.55709e+007 -0.0037032
0.001495 3.37324 1.56092e+007 -0.00370632
0.0014975 3.37888 1.56472e+007 -0.00370945
0.0015 3.38452 1.56843e+007 -0.00371262
0.0015025 3.39016 1.57201e+007 -0.00371584
0.001505 3.3958 1.57541e+007 -0.00371912
0.0015075 3.40144 1.57863e+007 -0.00372247
0.00151 3.40708 1.58166e+007 -0.00372588
0.0015125 3.41272 1.58453e+007 -0.00372936
0.001515 3.41836 1.58728e+007 -0.00373287
0.0015175 3.424 1.58995e+007 -0.00373642
0.00152 3.42964 1.59262e+007 -0.00373997
0.0015225 3.43528 1.59535e+007 -0.00374351
0.001525 3.44093 1.59818e+007 -0.00374702
0.0015275 3.44657 1.60114e+007 -0.00375049
0.00153 3.45221 1.60425e+007 -0.00375392
0.0015325 3.45785 1.6075e+007 -0.00375729
0.001535 3.46349 1.61087e+007 -0.00376061
0.0015375 3.46913 1.61434e+007 -0.00376389
0.00154 3.47477 1.61789e+007 -0.00376714
0.0015425 3.48041 1.62151e+007 -0.00377035
0.001545 3.48605 1.62518e+007 -0.00377355
0.0015475 3.49169 1.6289e+007 -0.00377672
0.00155 3.49733 1.63266e+007 -0.00377989
0.0015525 3.50297 1.63645e+007 -0.00378304
0.001555 3.50862 1.64025e+007 -0.0037862
0.0015575 3.51426 1.64406e+007 -0.00378936
0.00156 3.5199 1.64783e+007 -0.00379254
0.0015625 3.52554 1.65152e+007 -0.00379575
0.001565 3.53118 1.65511e+007 -0.003799
0.0015675 3.53682 1.65855e+007 -0.0038023
0.00157 3.54246 1.66181e+007 -0.00380567
0.0015725 3.5481 1.6649e+007 -0.0038091
0.001575 3.55374 1.66783e+007 -0.00381258
0.0015775 3.55938 1.67063e+007 -0.00381611
0.00158 3.56502 1.67335e+007 -0.00381968
0.0015825 3.57067 1.67606e+007 -0.00382325
0.001585 3.57631 1.67881e+007 -0.00382681
0.0015875 3.58195 1.68166e+007 -0.00383034
0.00159 3.58759 1.68465e+007 -0.00383382
0.0015925 3.59323 1.68781e+007 -0.00383725
0.001595 3.59887 1.69112e+007 -0.00384063
0.0015975 3.60451 1.69458e+007 -0.00384395
0.0016 3.61015 1.69815e+007 -0.00384722
0.0016025 3.61579 1.70182e+007 -0.00385046
0.001605 3.62143 1.70554e+007 -0.00385367
0.0016075 3.62707 1.7093e+007 -0.00385687
0.00161 3.63271 1.71308e+007 -0.00386005
0.0016125 3.63836 1.71688e+007 -0.00386323
0.001615 3.644 1.72068e+007 -0.00386641
0.0016175 3.64964 1.72447e+007 -0.0038696
0.00162 3.65528 1.72823e+007 -0.00387281
0.0016225 3.66092 1.73195e+007 -0.00387603
0.001625 3.66656 1.73558e+007 -0.00387929
0.0016275 3.6722 1.7391e+007 -0.00388259
0.00163 3.67784 1.74249e+007 -0.00388594
0.0016325 3.68348 1.74572e+007 -0.00388934
0.001635 3.68912 1.74878e+007 -0.00389281
0.0016375 3.69476 1.75171e+007 -0.00389632
0.00164 3.7004 1.75453e+007 -0.00389987
0.0016425 3.70605 1.75729e+007 -0.00390345
0.001645 3.71169 1.76006e+007 -0.00390703
0.0016475 3.71733 1.76288e+007 -0.00391058
0.00165 3.72297 1.76582e+007 -0.0039141
0.0016525 3.72861 1.76892e+007 -0.00391757
0.001655 3.73425 1.77218e+007 -0.00392098
0.0016575 3.73989 1.77562e+007 -0.00392433
0.00166 3.74553 1.7792e+007 -0.00392763
0.0016625 3.75117 1.78291e+007 -0.00393088
0.001665 3.75681 1.7867e+007 -0.00393409
0.0016675 3.76245 1.79053e+007 -0.00393729
0.00167 3.7681 1.79437e+007 -0.00394048
0.0016725 3.77374 1.79821e+007 -0.00394366
0.001675 3.77938 1.80203e+007 -0.00394686
0.0016775 3.78502 1.80582e+007 -0.00395007
0.00168 3.79066 1.80957e+007 -0.0039533
0.0016825 3.7963 1.81326e+007 -0.00395655
0.001685 3.80194 1.81688e+007 -0.00395983
0.0016875 3.80758 1.82041e+007 -0.00396315
0.00169 3.81322 1.82382e+007 -0.00396651
0.0016925 3.81886 1.82709e+007 -0.00396992
0.001695 3.8245 1.83023e+007 -0.00397338
0.0016975 3.83014 1.83323e+007 -0.00397689
0.0017 3.83579 1.83612e+007 -0.00398043
0.0017025 3.84143 1.83895e+007 -0.003984
0.001705 3.84707 1.84177e+007 -0.00398758
0.0017075 3.85271 1.84463e+007 -0.00399115
0.00171 3.85835 1.84759e+007 -0.00399468
0.0017125 3.86399 1.8507e+007 -0.00399816
0.001715 3.86963 1.85397e+007 -0.00400158
0.0017175 3.87527 1.85742e+007 -0.00400494
0.00172 3.88091 1.86104e+007 -0.00400823
0.0017225 3.88655 1.8648e+007 -0.00401148
0.001725 3.89219 1.86865e+007 -0.00401469
0.0017275 3.89783 1.87256e+007 -0.00401788
0.00173 3.90348 1.87647e+007 -0.00402107
0.0017325 3.90912 1.88036e+007 -0.00402426
0.001735 3.91476 1.88421e+007 -0.00402746
0.0017375 3.9204 1.88799e+007 -0.00403069
0.00174 3.92604 1.89172e+007 -0.00403394
0.0017425 3.93168 1.89537e+007 -0.00403722
0.001745 3.93732 1.89894e+007 -0.00404054
0.0017475 3.94296 1.90242e+007 -0.00404389
0.00175 3.9486 1.90579e+007 -0.00404728
0.0017525 3.95424 1.90905e+007 -0.00405071
0.001755 3.95988 1.91219e+007 -0.00405418
0.0017575 3.96552 1.91522e+007 -0.00405769
0.00176 3.97117 1.91815e+007 -0.00406124
0.0017625 3.97681 1.92104e+007 -0.0040648
0.001765 3.98245 1.92392e+007 -0.00406837
0.0017675 3.98809 1.92686e+007 -0.00407193
0.00177 3.99373 1.92989e+007 -0.00407545
0.0017725 3.99937 1.93307e+007 -0.00407891
0.001775 4.00501 1.93643e+007 -0.00408232
0.0017775 4.01065 1.93996e+007 -0.00408566
0.00178 4.01629 1.94366e+007 -0.00408894
0.0017825 4.02193 1.94749e+007 -0.00409217
0.001785 4.02757 1.95142e+007 -0.00409537
0.0017875 4.03322 1.95539e+007 -0.00409855
0.00179 4.03886 1.95935e+007 -0.00410173
0.0017925 4.0445 1.96327e+007 -0.00410492
0.001795 4.05014 1.96712e+007 -0.00410814
0.0017975 4.05578 1.97088e+007 -0.00411139
0.0018 4.06142 1.97456e+007 -0.00411468
0.0018025 4.06706 1.97814e+007 -0.004118
0.001805 4.0727 1.98162e+007 -0.00412135
0.0018075 4.07834 1.98502e+007 -0.00412474
0.00181 4.08398 1.98832e+007 -0.00412817
0.0018125 4.08962 1.99152e+007 -0.00413163
0.001815 4.09526 1.99463e+007 -0.00413513
0.0018175 4.10091 1.99766e+007 -0.00413865
0.00182 4.10655 2.00062e+007 -0.0041422
0.0018225 4.11219 2.00357e+007 -0.00414576
0.001825 4.11783 2.00654e+007 -0.00414931
0.0018275 4.12347 2.00958e+007 -0.00415283
0.00183 4.12911 2.01275e+007 -0.00415632
0.0018325 4.13475 2.01607e+007 -0.00415974
0.001835 4.14039 2.01956e+007 -0.00416311
0.0018375 4.14603 2.02323e+007 -0.00416641
0.00184 4.15167 2.02705e+007 -0.00416966
0.0018425 4.15731 2.03098e+007 -0.00417286
0.001845 4.16295 2.03498e+007 -0.00417604
0.0018475 4.1686 2.039e+007 -0.00417921
0.00185 4.17424 2.04297e+007 -0.0041824
0.0018525 4.17988 2.04688e+007 -0.00418561
0.001855 4.18552 2.05068e+007 -0.00418886
0.0018575 4.19116 2.05437e+007 -0.00419214
0.00186 4.1968 2.05795e+007 -0.00419547
0.0018625 4.20244 2.06142e+007 -0.00419884
0.001865 4.20808 2.0648e+007 -0.00420224
0.0018675 4.21372 2.06809e+007 -0.00420568
0.00187 4.21936 2.07129e+007 -0.00420915
0.0018725 4.225 2.07443e+007 -0.00421264
0.001875 4.23065 2.0775e+007 -0.00421616
0.0018775 4.23629 2.08054e+007 -0.0042197
0.00188 4.24193 2.08355e+007 -0.00422324
0.0018825 4.24757 2.08659e+007 -0.00422677
0.001885 4.25321 2.08969e+007 -0.00423028
0.0018875 4.25885 2.0929e+007 -0.00423375
0.00189 4.26449 2.09625e+007 -0.00423718
0.0018925 4.27013 2.09976e+007 -0.00424054
0.001895 4.27577 2.10344e+007 -0.00424384
0.0018975 4.28141 2.10728e+007 -0.00424709
0.0019 4.28705 2.11123e+007 -0.00425029
0.0019025 4.29269 2.11526e+007 -0.00425347
0.001905 4.29834 2.1193e+007 -0.00425664
0.0019075 4.30398 2.12331e+007 -0.00425982
0.00191 4.30962 2.12723e+007 -0.00426303
0.0019125 4.31526 2.13105e+007 -0.00426628
0.001915 4.3209 2.13473e+007 -0.00426958
0.0019175 4.32654 2.13829e+007 -0.00427292
0.00192 4.33218 2.14173e+007 -0.00427631
0.0019225 4.33782 2.14506e+007 -0.00427973
0.001925 4.34346 2.14831e+007 -0.00428319
0.0019275 4.3491 2.15149e+007 -0.00428667
0.00193 4.35474 2.15462e+007 -0.00429017
0.0019325 4.36038 2.15772e+007 -0.00429369
0.001935 4.36603 2.1608e+007 -0.00429721
0.0019375 4.37167 2.16389e+007 -0.00430073
0.00194 4.37731 2.16701e+007 -0.00430424
0.0019425 4.38295 2.1702e+007 -0.00430773
0.001945 4.38859 2.17349e+007 -0.00431117
0.0019475 4.39423 2.17692e+007 -0.00431457
0.00195 4.39987 2.18051e+007 -0.00431791
0.0019525 4.40551 2.18426e+007 -0.0043212
0.001955 4.41115 2.18814e+007 -0.00432443
0.0019575 4.41679 2.19213e+007 -0.00432762
0.00196 4.42243 2.19619e+007 -0.00433079
0.0019625 4.42807 2.20024e+007 -0.00433396
0.001965 4.43372 2.20425e+007 -0.00433715
0.0019675 4.43936 2.20816e+007 -0.00434037
0.00197 4.445 2.21194e+007 -0.00434363
0.0019725 4.45064 2.21558e+007 -0.00434695
0.001975 4.45628 2.21908e+007 -0.00435032
0.0019775 4.46192 2.22245e+007 -0.00435373
0.00198 4.46756 2.22572e+007 -0.00435718
0.0019825 4.4732 2.22892e+007 -0.00436066
0.001985 4.47884 2.23207e+007 -0.00436416
0.0019875 4.48448 2.23519e+007 -0.00436767
0.00199 4.49012 2.23831e+007 -0.00437118
0.0019925 4.49577 2.24144e+007 -0.00437469
0.001995 4.50141 2.2446e+007 -0.00437819
0.0019975 4.50705 2.24783e+007 -0.00438166
0.002 4.51269 2.25114e+007 -0.00438511
0.0020025 4.51833 2.25456e+007 -0.00438851
0.002005 4.52397 2.25812e+007 -0.00439186
0.0020075 4.52961 2.26182e+007 -0.00439516
0.00201 4.53525 2.26566e+007 -0.00439841
0.0020125 4.54089 2.26962e+007 -0.00440162
0.002015 4.54653 2.27365e+007 -0.0044048
0.0020175 4.55217 2.27772e+007 -0.00440797
0.00202 4.55781 2.28176e+007 -0.00441115
0.0020225 4.56346 2.28572e+007 -0.00441435
0.002025 4.5691 2.28957e+007 -0.00441759
0.0020275 4.57474 2.29327e+007 -0.00442089
0.00203 4.58038 2.29681e+007 -0.00442424
0.0020325 4.58602 2.30022e+007 -0.00442765
0.002035 4.59166 2.3035e+007 -0.00443109
0.0020375 4.5973 2.3067e+007 -0.00443457
0.00204 4.60294 2.30985e+007 -0.00443807
0.0020425 4.60858 2.31297e+007 -0.00444158
0.002045 4.61422 2.3161e+007 -0.00444509
0.0020475 4.61986 2.31927e+007 -0.00444859
0.00205 4.6255 2.32248e+007 -0.00445207
0.0020525 4.63115 2.32576e+007 -0.00445553
0.002055 4.63679 2.32912e+007 -0.00445895
0.0020575 4.64243 2.33259e+007 -0.00446234
0.00206 4.64807 2.33617e+007 -0.00446568
0.0020625 4.65371 2.33988e+007 -0.00446898
0.002065 4.65935 2.34371e+007 -0.00447223
0.0020675 4.66499 2.34766e+007 -0.00447545
0.00207 4.67063 2.35168e+007 -0.00447863
0.0020725 4.67627 2.35574e+007 -0.0044818
0.002075 4.68191 2.35979e+007 -0.00448498
0.0020775 4.68755 2.36376e+007 -0.00448818
0.00208 4.6932 2.36763e+007 -0.00449141
0.0020825 4.69884 2.37135e+007 -0.0044947
0.002085 4.70448 2.37491e+007 -0.00449805
0.0020875 4.71012 2.37832e+007 -0.00450145
0.00209 4.71576 2.3816e+007 -0.0045049
0.0020925 4.7214 2.38479e+007 -0.00450838
0.002095 4.72704 2.38793e+007 -0.00451188
0.0020975 4.73268 2.39106e+007 -0.00451539
0.0021 4.73832 2.3942e+007 -0.00451889
0.0021025 4.74396 2.39739e+007 -0.00452238
0.002105 4.7496 2.40065e+007 -0.00452584
0.0021075 4.75524 2.404e+007 -0.00452927
0.00211 4.76089 2.40743e+007 -0.00453267
0.0021125 4.76653 2.41097e+007 -0.00453603
0.002115 4.77217 2.41462e+007 -0.00453935
0.0021175 4.77781 2.41838e+007 -0.00454263
0.00212 4.78345 2.42224e+007 -0.00454587
0.0021225 4.78909 2.4262e+007 -0.00454908
0.002125 4.79473 2.43022e+007 -0.00455226
0.0021275 4.80037 2.43427e+007 -0.00455543
0.00213 4.80601 2.4383e+007 -0.00455861
0.0021325 4.81165 2.44225e+007 -0.00456182
0.002135 4.81729 2.4461e+007 -0.00456506
0.0021375 4.82293 2.44979e+007 -0.00456836
0.00214 4.82858 2.45333e+007 -0.00457171
0.0021425 4.83422 2.45672e+007 -0.00457511
0.002145 4.83986 2.45998e+007 -0.00457857
0.0021475 4.8455 2.46316e+007 -0.00458205
0.00215 4.85114 2.46628e+007 -0.00458556
0.0021525 4.85678 2.46941e+007 -0.00458906
0.002155 4.86242 2.47258e+007 -0.00459256
0.0021575 4.86806 2.47582e+007 -0.00459602
0.00216 4.8737 2.47915e+007 -0.00459946
0.0021625 4.87934 2.48257e+007 -0.00460286
0.002165 4.88498 2.4861e+007 -0.00460622
0.0021675 4.89062 2.48973e+007 -0.00460955
0.00217 4.89627 2.49347e+007 -0.00461283
0.0021725 4.90191 2.4973e+007 -0.00461608
0.002175 4.90755 2.50122e+007 -0.0046193
0.0021775 4.91319 2.50521e+007 -0.00462249
0.00218 4.91883 2.50923e+007 -0.00462567
0.0021825 4.92447 2.51325e+007 -0.00462884
0.002185 4.93011 2.51724e+007 -0.00463203
0.0021875 4.93575 2.52114e+007 -0.00463525
0.00219 4.94139 2.52493e+007 -0.00463852
0.0021925 4.94703 2.52856e+007 -0.00464183
0.002195 4.95267 2.53204e+007 -0.0046452
0.0021975 4.95832 2.53538e+007 -0.00464862
0.0022 4.96396 2.5386e+007 -0.00465209
0.0022025 4.9696 2.54175e+007 -0.00465558
0.002205 4.97524 2.54488e+007 -0.00465908
0.0022075 4.98088 2.54803e+007 -0.00466257
0.00221 4.98652 2.55125e+007 -0.00466605
0.0022125 4.99216 2.55456e+007 -0.00466948
0.002215 4.9978 2.55798e+007 -0.00467288
0.0022175 4.99657 2.55999e+007 -0.00467253
0.00222 4.99093 2.55189e+007 -0.00466814
0.0022225 4.98529 2.55087e+007 -0.00466383
0.002225 4.97965 2.54664e+007 -0.0046622
0.0022275 4.97401 2.54252e+007 -0.00465784
0.00223 4.96837 2.54063e+007 -0.00465435
0.0022325 4.96273 2.53704e+007 -0.00465095
0.002235 4.95709 2.53359e+007 -0.00464774
0.0022375 4.95145 2.53042e+007 -0.00464373
0.00224 4.94581 2.52717e+007 -0.0046406
0.0022425 4.94017 2.52373e+007 -0.00463747
0.002245 4.93452 2.52033e+007 -0.00463374
0.0022475 4.92888 2.51656e+007 -0.00463048
0.00225 4.92324 2.5125e+007 -0.00462745
0.0022525 4.9176 2.50876e+007 -0.00462416
0.002255 4.91196 2.50481e+007 -0.00462081
0.0022575 4.90632 2.50068e+007 -0.00461765
0.00226 4.90068 2.4968e+007 -0.00461443
0.0022625 4.89504 2.49302e+007 -0.00461136
0.002265 4.8894 2.48927e+007 -0.00460813
0.0022675 4.88376 2.4855e+007 -0.00460468
0.00227 4.87812 2.4816e+007 -0.00460139
0.0022725 4.87247 2.47796e+007 -0.00459815
0.002275 4.86683 2.47462e+007 -0.00459477
0.0022775 4.86119 2.47134e+007 -0.00459129
0.00228 4.85555 2.468e+007 -0.00458785
0.0022825 4.84991 2.46461e+007 -0.00458447
0.002285 4.84427 2.46142e+007 -0.00458101
0.0022875 4.83863 2.4584e+007 -0.00457745
0.00229 4.83299 2.45519e+007 -0.004574
0.0022925 4.82735 2.45177e+007 -0.00457052
0.002295 4.82171 2.44835e+007 -0.00456706
0.0022975 4.81607 2.44491e+007 -0.00456376
0.0023 4.81043 2.44138e+007 -0.00456045
0.0023025 4.80478 2.43766e+007 -0.00455712
0.002305 4.79914 2.43374e+007 -0.00455388
0.0023075 4.7935 2.4298e+007 -0.0045507
0.00231 4.78786 2.42585e+007 -0.00454748
0.0023125 4.78222 2.42185e+007 -0.00454423
0.002315 4.77658 2.4179e+007 -0.00454097
0.0023175 4.77094 2.41409e+007 -0.00453778
0.00232 4.7653 2.41042e+007 -0.00453458
0.0023225 4.75966 2.4068e+007 -0.00453126
0.002325 4.75402 2.40313e+007 -0.00452786
0.0023275 4.74838 2.39952e+007 -0.00452448
0.00233 4.74274 2.39609e+007 -0.00452112
0.0023325 4.73709 2.39281e+007 -0.00451771
0.002335 4.73145 2.3896e+007 -0.0045142
0.0023375 4.72581 2.38636e+007 -0.00451073
0.00234 4.72017 2.3831e+007 -0.0045073
0.0023425 4.71453 2.37991e+007 -0.00450383
0.002345 4.70889 2.37674e+007 -0.00450034
0.0023475 4.70325 2.37344e+007 -0.00449688
0.00235 4.69761 2.36997e+007 -0.00449346
0.0023525 4.69197 2.3664e+007 -0.00449009
0.002355 4.68633 2.36279e+007 -0.00448677
0.0023575 4.68069 2.3591e+007 -0.0044835
0.00236 4.67505 2.35527e+007 -0.00448025
0.0023625 4.6694 2.35135e+007 -0.00447704
0.002365 4.66376 2.34739e+007 -0.00447383
0.0023675 4.65812 2.34344e+007 -0.00447061
0.00237 4.65248 2.33952e+007 -0.00446735
0.0023725 4.64684 2.33568e+007 -0.00446408
0.002375 4.6412 2.33198e+007 -0.00446081
0.0023775 4.63556 2.32842e+007 -0.00445752
0.00238 4.62992 2.32493e+007 -0.00445418
0.0023825 4.62428 2.32144e+007 -0.00445076
0.002385 4.61864 2.31801e+007 -0.00444732
0.0023875 4.613 2.31467e+007 -0.00444389
0.00239 4.60735 2.31144e+007 -0.00444044
0.0023925 4.60171 2.30826e+007 -0.00443694
0.002395 4.59607 2.30506e+007 -0.00443345
0.0023975 4.59043 2.30182e+007 -0.00443
0.0024 4.58479 2.29857e+007 -0.00442656
0.0024025 4.57915 2.29529e+007 -0.00442311
0.002405 4.57351 2.2919e+007 -0.00441968
0.0024075 4.56787 2.28836e+007 -0.0044163
0.00241 4.56223 2.28469e+007 -0.00441297
0.0024125 4.55659 2.28096e+007 -0.00440968
0.002415 4.55095 2.27717e+007 -0.00440642
0.0024175 4.54531 2.27332e+007 -0.00440319
0.00242 4.53966 2.26942e+007 -0.00439998
0.0024225 4.53402 2.2655e+007 -0.00439677
0.002425 4.52838 2.26161e+007 -0.00439353
0.0024275 4.52274 2.25778e+007 -0.00439025
0.00243 4.5171 2.25404e+007 -0.00438694
0.0024325 4.51146 2.25044e+007 -0.00438362
0.002435 4.50582 2.24697e+007 -0.00438027
0.0024375 4.50018 2.24359e+007 -0.00437689
0.00244 4.49454 2.24025e+007 -0.00437346
0.0024425 4.4889 2.23694e+007 -0.00436999
0.002445 4.48326 2.23366e+007 -0.00436652
0.0024475 4.47762 2.23044e+007 -0.00436305
0.00245 4.47197 2.22725e+007 -0.00435957
0.0024525 4.46633 2.22405e+007 -0.00435608
0.002455 4.46069 2.22079e+007 -0.00435262
0.0024575 4.45505 2.21748e+007 -0.0043492
0.00246 4.44941 2.21411e+007 -0.00434579
0.0024625 4.44377 2.21066e+007 -0.0043424
0.002465 4.43813 2.20707e+007 -0.00433905
0.0024675 4.43249 2.20337e+007 -0.00433573
0.00247 4.42685 2.19957e+007 -0.00433246
0.0024725 4.42121 2.19574e+007 -0.0043292
0.002475 4.41557 2.19188e+007 -0.00432597
0.0024775 4.40992 2.18802e+007 -0.00432275
0.00248 4.40428 2.18418e+007 -0.00431952
0.0024825 4.39864 2.18037e+007 -0.00431627
0.002485 4.393 2.17663e+007 -0.00431297
0.0024875 4.38736 2.17298e+007 -0.00430964
0.00249 4.38172 2.16944e+007 -0.00430628
0.0024925 4.37608 2.16603e+007 -0.00430289
0.002495 4.37044 2.16272e+007 -0.00429947
0.0024975 4.3648 2.15948e+007 -0.00429603
0.0025 4.35916 2.15625e+007 -0.00429256
0.0025025 4.35352 2.15303e+007 -0.00428907
0.002505 4.34788 2.14982e+007 -0.00428559
0.0025075 4.34223 2.1466e+007 -0.00428211
0.00251 4.33659 2.14337e+007 -0.00427865
0.0025125 4.33095 2.14009e+007 -0.0042752
0.002515 4.32531 2.13674e+007 -0.00427177
0.0025175 4.31967 2.13332e+007 -0.00426839
0.00252 4.31403 2.12981e+007 -0.00426503
0.0025225 4.30839 2.12622e+007 -0.0042617
0.002525 4.30275 2.12252e+007 -0.0042584
0.0025275 4.29711 2.11873e+007 -0.00425512
0.00253 4.29147 2.11489e+007 -0.00425187
0.0025325 4.28583 2.11103e+007 -0.00424862
0.002535 4.28019 2.1072e+007 -0.00424539
0.0025375 4.27454 2.10342e+007 -0.00424214
0.00254 4.2689 2.09969e+007 -0.00423888
0.0025425 4.26326 2.09603e+007 -0.00423558
0.002545 4.25762 2.09245e+007 -0.00423223
0.0025475 4.25198 2.08896e+007 -0.00422885
0.00255 4.24634 2.08558e+007 -0.00422543
0.0025525 4.2407 2.0823e+007 -0.004222
0.002555 4.23506 2.0791e+007 -0.00421854
0.0025575 4.22942 2.07593e+007 -0.00421507
0.00256 4.22378 2.07276e+007 -0.00421159
0.0025625 4.21814 2.06957e+007 -0.00420811
0.002565 4.2125 2.06635e+007 -0.00420463
0.0025675 4.20685 2.06309e+007 -0.00420118
0.00257 4.20121 2.05979e+007 -0.00419774
0.0025725 4.19557 2.05642e+007 -0.00419432
0.002575 4.18993 2.05298e+007 -0.00419094
0.0025775 4.18429 2.04946e+007 -0.00418759
0.00258 4.17865 2.04587e+007 -0.00418427
0.0025825 4.17301 2.0422e+007 -0.00418098
0.002585 4.16737 2.03846e+007 -0.0041777
0.0025875 4.16173 2.03465e+007 -0.00417444
0.00259 4.15609 2.03082e+007 -0.00417119
0.0025925 4.15045 2.02701e+007 -0.00416794
0.002595 4.1448 2.02325e+007 -0.00416469
0.0025975 4.13916 2.01955e+007 -0.00416141
0.0026 4.13352 2.01595e+007 -0.00415811
0.0026025 4.12788 2.01242e+007 -0.00415477
0.002605 4.12224 2.00898e+007 -0.00415139
0.0026075 4.1166 2.00563e+007 -0.00414797
0.00261 4.11096 2.00235e+007 -0.00414453
0.0026125 4.10532 1.99914e+007 -0.00414106
0.002615 4.09968 1.99599e+007 -0.00413758
0.0026175 4.09404 1.99286e+007 -0.0041341
0.00262 4.0884 1.98971e+007 -0.00413063
0.0026225 4.08276 1.98652e+007 -0.00412716
0.002625 4.07711 1.98328e+007 -0.00412371
0.0026275 4.07147 1.97997e+007 -0.00412028
0.00263 4.06583 1.9766e+007 -0.00411687
0.0026325 4.06019 1.97317e+007 -0.00411349
0.002635 4.05455 1.96966e+007 -0.00411014
0.0026375 4.04891 1.96608e+007 -0.00410682
0.00264 4.04327 1.96244e+007 -0.00410352
0.0026425 4.03763 1.95875e+007 -0.00410025
0.002645 4.03199 1.95502e+007 -0.00409699
0.0026475 4.02635 1.95125e+007 -0.00409373
0.00265 4.02071 1.94747e+007 -0.00409048
0.0026525 4.01507 1.94372e+007 -0.00408721
0.002655 4.00942 1.94003e+007 -0.00408393
0.0026575 4.00378 1.93642e+007 -0.00408063
0.00266 3.99814 1.9329e+007 -0.0040773
0.0026625 3.9925 1.92948e+007 -0.00407394
0.002665 3.98686 1.92615e+007 -0.00407054
