1e-007 -5.6317e-009 -1.57738e-009 
1.01e-007 -5.68802e-009 -1.59317e-009 
1.0201e-007 -5.7449e-009 -1.60909e-009 
1.0303e-007 -5.80247e-009 -1.62531e-009 
1.0406e-007 -5.86039e-009 -1.64146e-009 
1.05101e-007 -5.91902e-009 -1.6579e-009 
1.06152e-007 -5.97814e-009 -1.67441e-009 
1.07214e-007 -6.03795e-009 -1.69118e-009 
1.08286e-007 -6.09832e-009 -1.70808e-009 
1.09369e-007 -6.15942e-009 -1.72528e-009 
1.10462e-007 -6.22091e-009 -1.74243e-009 
1.11567e-007 -6.28324e-009 -1.75997e-009 
1.12683e-007 -6.34602e-009 -1.77752e-009 
1.13809e-007 -6.40942e-009 -1.79523e-009 
1.14947e-007 -6.47361e-009 -1.81328e-009 
1.16097e-007 -6.53826e-009 -1.83133e-009 
1.17258e-007 -6.6037e-009 -1.84971e-009 
1.1843e-007 -6.66973e-009 -1.86819e-009 
1.19615e-007 -6.73641e-009 -1.88686e-009 
1.20811e-007 -6.80383e-009 -1.90577e-009 
1.22019e-007 -6.87175e-009 -1.92472e-009 
1.23239e-007 -6.94055e-009 -1.94405e-009 
1.24472e-007 -7.00998e-009 -1.96351e-009 
1.25716e-007 -7.07998e-009 -1.98305e-009 
1.26973e-007 -7.15082e-009 -2.00292e-009 
1.28243e-007 -7.2223e-009 -2.02292e-009 
1.29526e-007 -7.29453e-009 -2.04316e-009 
1.30821e-007 -7.36748e-009 -2.06359e-009 
1.32129e-007 -7.44116e-009 -2.08423e-009 
1.3345e-007 -7.51558e-009 -2.10509e-009 
1.34785e-007 -7.5907e-009 -2.1261e-009 
1.36133e-007 -7.6666e-009 -2.14735e-009 
1.37494e-007 -7.74331e-009 -2.16888e-009 
1.38869e-007 -7.8208e-009 -2.19062e-009 
1.40258e-007 -7.89893e-009 -2.21244e-009 
1.4166e-007 -7.97793e-009 -2.23459e-009 
1.43077e-007 -8.05774e-009 -2.25696e-009 
1.44508e-007 -8.13835e-009 -2.27955e-009 
1.45953e-007 -8.21967e-009 -2.30229e-009 
1.47412e-007 -8.30189e-009 -2.32533e-009 
1.48886e-007 -8.38491e-009 -2.3486e-009 
1.50375e-007 -8.4687e-009 -2.37203e-009 
1.51879e-007 -8.55341e-009 -2.39577e-009 
1.53398e-007 -8.639e-009 -2.41977e-009 
1.54932e-007 -8.7254e-009 -2.44398e-009 
1.56481e-007 -8.81263e-009 -2.4684e-009 
1.58046e-007 -8.90071e-009 -2.49304e-009 
1.59626e-007 -8.98977e-009 -2.51803e-009 
1.61223e-007 -9.07967e-009 -2.5432e-009 
1.62835e-007 -9.17039e-009 -2.56857e-009 
1.64463e-007 -9.26216e-009 -2.59431e-009 
1.66108e-007 -9.3548e-009 -2.62028e-009 
1.67769e-007 -9.44836e-009 -2.64649e-009 
1.69447e-007 -9.54279e-009 -2.6729e-009 
1.71141e-007 -9.63826e-009 -2.69967e-009 
1.72852e-007 -9.7346e-009 -2.72663e-009 
1.74581e-007 -9.83195e-009 -2.7539e-009 
1.76327e-007 -9.93031e-009 -2.78148e-009 
1.7809e-007 -1.00296e-008 -2.80925e-009 
1.79871e-007 -1.01299e-008 -2.83738e-009 
1.8167e-007 -1.02311e-008 -2.86569e-009 
1.83486e-007 -1.03335e-008 -2.89437e-009 
1.85321e-007 -1.04368e-008 -2.9233e-009 
1.87174e-007 -1.05412e-008 -2.95253e-009 
1.89046e-007 -1.06466e-008 -2.98204e-009 
1.90937e-007 -1.07531e-008 -3.01194e-009 
1.92846e-007 -1.08606e-008 -3.04202e-009 
1.94774e-007 -1.09692e-008 -3.07241e-009 
1.96722e-007 -1.10789e-008 -3.1032e-009 
1.98689e-007 -1.11897e-008 -3.13423e-009 
2.00676e-007 -1.13016e-008 -3.16555e-009 
2.02683e-007 -1.14146e-008 -3.19721e-009 
2.0471e-007 -1.15287e-008 -3.22915e-009 
2.06757e-007 -1.1644e-008 -3.26144e-009 
2.08825e-007 -1.17604e-008 -3.29405e-009 
2.10913e-007 -1.18781e-008 -3.327e-009 
2.13022e-007 -1.19968e-008 -3.36027e-009 
2.15152e-007 -1.21168e-008 -3.39386e-009 
2.17304e-007 -1.2238e-008 -3.42784e-009 
2.19477e-007 -1.23604e-008 -3.46212e-009 
2.21672e-007 -1.2484e-008 -3.49671e-009 
2.23888e-007 -1.26088e-008 -3.5317e-009 
2.26127e-007 -1.27349e-008 -3.567e-009 
2.28388e-007 -1.28622e-008 -3.60266e-009 
2.30672e-007 -1.29908e-008 -3.63869e-009 
2.32979e-007 -1.31208e-008 -3.67508e-009 
2.35309e-007 -1.3252e-008 -3.71183e-009 
2.37662e-007 -1.33845e-008 -3.74898e-009 
2.40038e-007 -1.35184e-008 -3.78648e-009 
2.42439e-007 -1.36535e-008 -3.82429e-009 
2.44863e-007 -1.379e-008 -3.86254e-009 
2.47312e-007 -1.3928e-008 -3.90119e-009 
2.49785e-007 -1.40672e-008 -3.9402e-009 
2.52283e-007 -1.42079e-008 -3.97961e-009 
2.54806e-007 -1.435e-008 -4.01938e-009 
2.57354e-007 -1.44935e-008 -4.05961e-009 
2.59927e-007 -1.46385e-008 -4.10021e-009 
2.62527e-007 -1.47848e-008 -4.14117e-009 
2.65152e-007 -1.49327e-008 -4.18262e-009 
2.67803e-007 -1.5082e-008 -4.22446e-009 
2.70481e-007 -1.52328e-008 -4.26666e-009 
2.73186e-007 -1.53851e-008 -4.30933e-009 
2.75918e-007 -1.5539e-008 -4.35245e-009 
2.78677e-007 -1.56944e-008 -4.39595e-009 
2.81464e-007 -1.58513e-008 -4.43989e-009 
2.84279e-007 -1.60098e-008 -4.48431e-009 
2.87121e-007 -1.61699e-008 -4.52914e-009 
2.89993e-007 -1.63316e-008 -4.57445e-009 
2.92893e-007 -1.64949e-008 -4.62016e-009 
2.95822e-007 -1.66599e-008 -4.66642e-009 
2.9878e-007 -1.68265e-008 -4.71308e-009 
3.01768e-007 -1.69948e-008 -4.76021e-009 
3.04785e-007 -1.71647e-008 -4.80777e-009 
3.07833e-007 -1.73364e-008 -4.85589e-009 
3.10911e-007 -1.75097e-008 -4.90441e-009 
3.1402e-007 -1.76848e-008 -4.95349e-009 
3.17161e-007 -1.78617e-008 -5.00302e-009 
3.20332e-007 -1.80403e-008 -5.05304e-009 
3.23536e-007 -1.82207e-008 -5.10356e-009 
3.26771e-007 -1.84029e-008 -5.15458e-009 
3.30039e-007 -1.85869e-008 -5.20614e-009 
3.33339e-007 -1.87728e-008 -5.25821e-009 
3.36672e-007 -1.89605e-008 -5.3108e-009 
3.40039e-007 -1.91501e-008 -5.3639e-009 
3.4344e-007 -1.93416e-008 -5.41754e-009 
3.46874e-007 -1.9535e-008 -5.47172e-009 
3.50343e-007 -1.97304e-008 -5.52644e-009 
3.53846e-007 -1.99277e-008 -5.58168e-009 
3.57385e-007 -2.0127e-008 -5.63752e-009 
3.60958e-007 -2.03282e-008 -5.69389e-009 
3.64568e-007 -2.05315e-008 -5.7508e-009 
3.68214e-007 -2.07368e-008 -5.80834e-009 
3.71896e-007 -2.09442e-008 -5.8664e-009 
3.75615e-007 -2.11536e-008 -5.92509e-009 
3.79371e-007 -2.13651e-008 -5.98431e-009 
3.83165e-007 -2.15788e-008 -6.04416e-009 
3.86996e-007 -2.17946e-008 -6.10462e-009 
3.90866e-007 -2.20126e-008 -6.16565e-009 
3.94775e-007 -2.22327e-008 -6.22731e-009 
3.98723e-007 -2.2455e-008 -6.2896e-009 
4.0271e-007 -2.26796e-008 -6.35248e-009 
4.06737e-007 -2.29063e-008 -6.41602e-009 
4.10804e-007 -2.31354e-008 -6.48016e-009 
4.14912e-007 -2.33668e-008 -6.54499e-009 
4.19062e-007 -2.36004e-008 -6.61042e-009 
4.23252e-007 -2.38365e-008 -6.67654e-009 
4.27485e-007 -2.40748e-008 -6.7433e-009 
4.3176e-007 -2.43155e-008 -6.8107e-009 
4.36077e-007 -2.45587e-008 -6.87882e-009 
4.40438e-007 -2.48043e-008 -6.9476e-009 
4.44842e-007 -2.50523e-008 -7.0171e-009 
4.49291e-007 -2.53028e-008 -7.08725e-009 
4.53784e-007 -2.55559e-008 -7.15812e-009 
4.58321e-007 -2.58114e-008 -7.22972e-009 
4.62905e-007 -2.60695e-008 -7.30201e-009 
4.67534e-007 -2.63302e-008 -7.37501e-009 
4.72209e-007 -2.65936e-008 -7.44879e-009 
4.76931e-007 -2.68595e-008 -7.52327e-009 
4.817e-007 -2.71281e-008 -7.5985e-009 
4.86517e-007 -2.73993e-008 -7.67449e-009 
4.91383e-007 -2.76733e-008 -7.75122e-009 
4.96296e-007 -2.795e-008 -7.82873e-009 
5.01259e-007 -2.82296e-008 -7.90704e-009 
5.06272e-007 -2.85118e-008 -7.98609e-009 
5.11335e-007 -2.8797e-008 -8.06597e-009 
5.16448e-007 -2.90849e-008 -8.1466e-009 
5.21613e-007 -2.93758e-008 -8.22807e-009 
5.26829e-007 -2.96695e-008 -8.31036e-009 
5.32097e-007 -2.99663e-008 -8.39348e-009 
5.37418e-007 -3.0266e-008 -8.47742e-009 
5.42792e-007 -3.05686e-008 -8.56218e-009 
5.4822e-007 -3.08742e-008 -8.64778e-009 
5.53702e-007 -3.1183e-008 -8.73428e-009 
5.59239e-007 -3.14948e-008 -8.82161e-009 
5.64832e-007 -3.18098e-008 -8.90983e-009 
5.7048e-007 -3.21279e-008 -8.99895e-009 
5.76185e-007 -3.24491e-008 -9.08891e-009 
5.81947e-007 -3.27736e-008 -9.1798e-009 
5.87766e-007 -3.31014e-008 -9.27161e-009 
5.93644e-007 -3.34323e-008 -9.3643e-009 
5.9958e-007 -3.37667e-008 -9.45796e-009 
6.05576e-007 -3.41043e-008 -9.55252e-009 
6.11632e-007 -3.44453e-008 -9.64806e-009 
6.17748e-007 -3.47898e-008 -9.74455e-009 
6.23926e-007 -3.51377e-008 -9.84199e-009 
6.30165e-007 -3.54891e-008 -9.9404e-009 
6.36466e-007 -3.5844e-008 -1.00398e-008 
6.42831e-007 -3.62025e-008 -1.01402e-008 
6.49259e-007 -3.65645e-008 -1.02416e-008 
6.55752e-007 -3.69301e-008 -1.0344e-008 
6.6231e-007 -3.72994e-008 -1.04475e-008 
6.68933e-007 -3.76725e-008 -1.0552e-008 
6.75622e-007 -3.80492e-008 -1.06575e-008 
6.82378e-007 -3.84296e-008 -1.0764e-008 
6.89202e-007 -3.88139e-008 -1.08717e-008 
6.96094e-007 -3.92021e-008 -1.09804e-008 
7.03055e-007 -3.9594e-008 -1.10902e-008 
7.10085e-007 -3.99899e-008 -1.12011e-008 
7.17186e-007 -4.03899e-008 -1.13131e-008 
7.24358e-007 -4.07937e-008 -1.14262e-008 
7.31602e-007 -4.12017e-008 -1.15405e-008 
7.38918e-007 -4.16136e-008 -1.16559e-008 
7.46307e-007 -4.20298e-008 -1.17724e-008 
7.5377e-007 -4.24501e-008 -1.18902e-008 
7.61308e-007 -4.28748e-008 -1.20091e-008 
7.68921e-007 -4.33034e-008 -1.21292e-008 
7.7661e-007 -4.37365e-008 -1.22505e-008 
7.84376e-007 -4.41739e-008 -1.2373e-008 
7.9222e-007 -4.46156e-008 -1.24967e-008 
8.00142e-007 -4.50617e-008 -1.26217e-008 
8.08144e-007 -4.55123e-008 -1.27479e-008 
8.16225e-007 -4.59673e-008 -1.28753e-008 
8.24387e-007 -4.6427e-008 -1.30041e-008 
8.32631e-007 -4.68913e-008 -1.31341e-008 
8.40957e-007 -4.73602e-008 -1.32655e-008 
8.49367e-007 -4.78339e-008 -1.33981e-008 
8.57861e-007 -4.83121e-008 -1.35321e-008 
8.66439e-007 -4.87954e-008 -1.36675e-008 
8.75104e-007 -4.92832e-008 -1.38041e-008 
8.83855e-007 -4.97762e-008 -1.39422e-008 
8.92693e-007 -5.02739e-008 -1.40816e-008 
9.0162e-007 -5.07766e-008 -1.42224e-008 
9.10636e-007 -5.12843e-008 -1.43646e-008 
9.19743e-007 -5.1797e-008 -1.45082e-008 
9.2894e-007 -5.23152e-008 -1.46533e-008 
9.3823e-007 -5.28384e-008 -1.47999e-008 
9.47612e-007 -5.33666e-008 -1.49479e-008 
9.57088e-007 -5.39004e-008 -1.50973e-008 
9.66659e-007 -5.44392e-008 -1.52483e-008 
9.76325e-007 -5.49838e-008 -1.54008e-008 
9.86089e-007 -5.55336e-008 -1.55548e-008 
9.9595e-007 -5.60889e-008 -1.57104e-008 
1.00591e-006 -5.66498e-008 -1.58674e-008 
1.01597e-006 -5.72162e-008 -1.60261e-008 
1.02613e-006 -5.77885e-008 -1.61864e-008 
1.03639e-006 -5.83664e-008 -1.63483e-008 
1.04675e-006 -5.89499e-008 -1.65117e-008 
1.05722e-006 -5.95395e-008 -1.66768e-008 
1.06779e-006 -6.01347e-008 -1.68436e-008 
1.07847e-006 -6.07363e-008 -1.70121e-008 
1.08926e-006 -6.13437e-008 -1.71822e-008 
1.10015e-006 -6.19571e-008 -1.7354e-008 
1.11115e-006 -6.25767e-008 -1.75275e-008 
1.12226e-006 -6.32024e-008 -1.77028e-008 
1.13348e-006 -6.38343e-008 -1.78798e-008 
1.14482e-006 -6.44724e-008 -1.80586e-008 
1.15627e-006 -6.51172e-008 -1.82392e-008 
1.16783e-006 -6.57687e-008 -1.84216e-008 
1.17951e-006 -6.6426e-008 -1.86057e-008 
1.1913e-006 -6.70905e-008 -1.87919e-008 
1.20322e-006 -6.77614e-008 -1.89798e-008 
1.21525e-006 -6.84391e-008 -1.91696e-008 
1.2274e-006 -6.9123e-008 -1.93612e-008 
1.23967e-006 -6.98144e-008 -1.95548e-008 
1.25207e-006 -7.05128e-008 -1.97504e-008 
1.26459e-006 -7.1218e-008 -1.99479e-008 
1.27724e-006 -7.19302e-008 -2.01474e-008 
1.29001e-006 -7.26494e-008 -2.03489e-008 
1.30291e-006 -7.33756e-008 -2.05523e-008 
1.31594e-006 -7.41094e-008 -2.07578e-008 
1.3291e-006 -7.48509e-008 -2.09655e-008 
1.34239e-006 -7.55987e-008 -2.1175e-008 
1.35581e-006 -7.6355e-008 -2.13868e-008 
1.36937e-006 -7.71183e-008 -2.16006e-008 
1.38307e-006 -7.78895e-008 -2.18166e-008 
1.3969e-006 -7.86685e-008 -2.20348e-008 
1.41086e-006 -7.94553e-008 -2.22552e-008 
1.42497e-006 -8.025e-008 -2.24778e-008 
1.43922e-006 -8.10526e-008 -2.27026e-008 
1.45362e-006 -8.18632e-008 -2.29296e-008 
1.46815e-006 -8.26817e-008 -2.31589e-008 
1.48283e-006 -8.35082e-008 -2.33904e-008 
1.49766e-006 -8.43435e-008 -2.36244e-008 
1.51264e-006 -8.51869e-008 -2.38606e-008 
1.52776e-006 -8.60383e-008 -2.40991e-008 
1.54304e-006 -8.68986e-008 -2.434e-008 
1.55847e-006 -8.77678e-008 -2.45835e-008 
1.57406e-006 -8.86452e-008 -2.48293e-008 
1.5898e-006 -8.95316e-008 -2.50776e-008 
1.6057e-006 -9.04271e-008 -2.53284e-008 
1.62175e-006 -9.13318e-008 -2.55817e-008 
1.63797e-006 -9.22446e-008 -2.58374e-008 
1.65435e-006 -9.31675e-008 -2.60959e-008 
1.67089e-006 -9.40987e-008 -2.63568e-008 
1.6876e-006 -9.50401e-008 -2.66204e-008 
1.70448e-006 -9.59909e-008 -2.68867e-008 
1.72152e-006 -9.69498e-008 -2.71554e-008 
1.73874e-006 -9.79202e-008 -2.74271e-008 
1.75613e-006 -9.88989e-008 -2.77013e-008 
1.77369e-006 -9.98881e-008 -2.79783e-008 
1.79142e-006 -1.00887e-007 -2.82581e-008 
1.80934e-006 -1.01896e-007 -2.85407e-008 
1.82743e-006 -1.02915e-007 -2.88261e-008 
1.84571e-006 -1.03944e-007 -2.91144e-008 
1.86416e-006 -1.04983e-007 -2.94054e-008 
1.8828e-006 -1.06033e-007 -2.96994e-008 
1.90163e-006 -1.07093e-007 -2.99964e-008 
1.92065e-006 -1.08164e-007 -3.02965e-008 
1.93986e-006 -1.09245e-007 -3.05993e-008 
1.95925e-006 -1.10339e-007 -3.09055e-008 
1.97885e-006 -1.11441e-007 -3.12144e-008 
1.99864e-006 -1.12555e-007 -3.15264e-008 
2.01862e-006 -1.13682e-007 -3.18419e-008 
2.03881e-006 -1.14818e-007 -3.21601e-008 
2.0592e-006 -1.15967e-007 -3.24819e-008 
2.07979e-006 -1.17127e-007 -3.28067e-008 
2.10059e-006 -1.18298e-007 -3.31348e-008 
2.12159e-006 -1.1948e-007 -3.3466e-008 
2.14281e-006 -1.20675e-007 -3.38008e-008 
2.16424e-006 -1.21882e-007 -3.41387e-008 
2.18588e-006 -1.231e-007 -3.44799e-008 
2.20774e-006 -1.24331e-007 -3.48247e-008 
2.22981e-006 -1.25575e-007 -3.51732e-008 
2.25211e-006 -1.26831e-007 -3.55249e-008 
2.27463e-006 -1.28098e-007 -3.58799e-008 
2.29738e-006 -1.2938e-007 -3.6239e-008 
2.32035e-006 -1.30674e-007 -3.66014e-008 
2.34356e-006 -1.31979e-007 -3.69671e-008 
2.36699e-006 -1.333e-007 -3.7337e-008 
2.39066e-006 -1.34633e-007 -3.77102e-008 
2.41457e-006 -1.35979e-007 -3.80872e-008 
2.43871e-006 -1.37338e-007 -3.8468e-008 
2.4631e-006 -1.38712e-007 -3.88527e-008 
2.48773e-006 -1.40099e-007 -3.92412e-008 
2.51261e-006 -1.415e-007 -3.96336e-008 
2.53774e-006 -1.42915e-007 -4.00299e-008 
2.56311e-006 -1.44343e-007 -4.04301e-008 
2.58874e-006 -1.45788e-007 -4.08348e-008 
2.61463e-006 -1.47245e-007 -4.12429e-008 
2.64078e-006 -1.48718e-007 -4.16555e-008 
2.66719e-006 -1.50206e-007 -4.20721e-008 
2.69386e-006 -1.51707e-007 -4.24927e-008 
2.7208e-006 -1.53225e-007 -4.29179e-008 
2.748e-006 -1.54755e-007 -4.33465e-008 
2.77548e-006 -1.56305e-007 -4.37804e-008 
2.80324e-006 -1.57866e-007 -4.42177e-008 
2.83127e-006 -1.59447e-007 -4.46604e-008 
2.85958e-006 -1.61039e-007 -4.51065e-008 
2.88818e-006 -1.62651e-007 -4.5558e-008 
2.91706e-006 -1.64275e-007 -4.60131e-008 
2.94623e-006 -1.6592e-007 -4.64736e-008 
2.9757e-006 -1.67579e-007 -4.69383e-008 
3.00545e-006 -1.69256e-007 -4.74078e-008 
3.03551e-006 -1.70947e-007 -4.78816e-008 
3.06586e-006 -1.72655e-007 -4.83602e-008 
3.09652e-006 -1.74382e-007 -4.88439e-008 
3.12749e-006 -1.76127e-007 -4.93325e-008 
3.15876e-006 -1.7789e-007 -4.98261e-008 
3.19035e-006 -1.79667e-007 -5.0324e-008 
3.22225e-006 -1.81462e-007 -5.08269e-008 
3.25447e-006 -1.83279e-007 -5.13358e-008 
3.28702e-006 -1.85111e-007 -5.18489e-008 
3.31989e-006 -1.86961e-007 -5.23672e-008 
3.35309e-006 -1.8883e-007 -5.28907e-008 
3.38662e-006 -1.90721e-007 -5.34202e-008 
3.42049e-006 -1.92627e-007 -5.39541e-008 
3.45469e-006 -1.94551e-007 -5.44931e-008 
3.48924e-006 -1.96498e-007 -5.50384e-008 
3.52413e-006 -1.98464e-007 -5.55891e-008 
3.55937e-006 -2.00449e-007 -5.6145e-008 
3.59496e-006 -2.02453e-007 -5.67062e-008 
3.63091e-006 -2.04475e-007 -5.72728e-008 
3.66722e-006 -2.06522e-007 -5.78459e-008 
3.7039e-006 -2.08587e-007 -5.84243e-008 
3.74093e-006 -2.10671e-007 -5.90082e-008 
3.77834e-006 -2.12779e-007 -5.95986e-008 
3.81613e-006 -2.14907e-007 -6.01945e-008 
3.85429e-006 -2.17053e-007 -6.07959e-008 
3.89283e-006 -2.19224e-007 -6.1404e-008 
3.93176e-006 -2.2142e-007 -6.20188e-008 
3.97108e-006 -2.2363e-007 -6.26379e-008 
4.01079e-006 -2.2587e-007 -6.32651e-008 
4.0509e-006 -2.28129e-007 -6.3898e-008 
4.0914e-006 -2.30408e-007 -6.45364e-008 
4.13232e-006 -2.32712e-007 -6.51817e-008 
4.17364e-006 -2.35042e-007 -6.5834e-008 
4.21538e-006 -2.3739e-007 -6.6492e-008 
4.25753e-006 -2.39765e-007 -6.71571e-008 
4.30011e-006 -2.42159e-007 -6.78278e-008 
4.34311e-006 -2.44585e-007 -6.85072e-008 
4.38654e-006 -2.47024e-007 -6.91907e-008 
4.4304e-006 -2.49496e-007 -6.98831e-008 
4.47471e-006 -2.51995e-007 -7.05827e-008 
4.51946e-006 -2.54513e-007 -7.1288e-008 
4.56465e-006 -2.57057e-007 -7.20008e-008 
4.6103e-006 -2.59629e-007 -7.27209e-008 
4.6564e-006 -2.62227e-007 -7.34485e-008 
4.70296e-006 -2.64844e-007 -7.41818e-008 
4.74999e-006 -2.67496e-007 -7.49244e-008 
4.79749e-006 -2.70167e-007 -7.56728e-008 
4.84547e-006 -2.72874e-007 -7.64307e-008 
4.89392e-006 -2.756e-007 -7.71943e-008 
4.94286e-006 -2.78353e-007 -7.79656e-008 
4.99229e-006 -2.81142e-007 -7.87466e-008 
5.04221e-006 -2.83951e-007 -7.95333e-008 
5.09264e-006 -2.86786e-007 -8.03279e-008 
5.14356e-006 -2.8966e-007 -8.11323e-008 
5.195e-006 -2.92551e-007 -8.19425e-008 
5.24695e-006 -2.95481e-007 -8.27628e-008 
5.29942e-006 -2.98439e-007 -8.35911e-008 
5.35241e-006 -3.01414e-007 -8.4425e-008 
5.40594e-006 -3.04428e-007 -8.52693e-008 
5.46e-006 -3.07471e-007 -8.61215e-008 
5.5146e-006 -3.10553e-007 -8.69843e-008 
5.56974e-006 -3.13652e-007 -8.78527e-008 
5.62544e-006 -3.16791e-007 -8.87318e-008 
5.68169e-006 -3.19959e-007 -8.96191e-008 
5.73851e-006 -3.23155e-007 -9.05145e-008 
5.79589e-006 -3.26392e-007 -9.14208e-008 
5.85385e-006 -3.29658e-007 -9.23354e-008 
5.91239e-006 -3.32952e-007 -9.32584e-008 
5.97152e-006 -3.36276e-007 -9.41895e-008 
6.03123e-006 -3.39641e-007 -9.51319e-008 
6.09154e-006 -3.43035e-007 -9.60827e-008 
6.15246e-006 -3.46471e-007 -9.70449e-008 
6.21398e-006 -3.49937e-007 -9.80155e-008 
6.27612e-006 -3.53431e-007 -9.89945e-008 
6.33888e-006 -3.56969e-007 -9.99852e-008 
6.40227e-006 -3.60535e-007 -1.00984e-007 
6.4663e-006 -3.64146e-007 -1.01995e-007 
6.53096e-006 -3.67785e-007 -1.03015e-007 
6.59627e-006 -3.71453e-007 -1.04043e-007 
6.66223e-006 -3.75182e-007 -1.05086e-007 
6.72885e-006 -3.78923e-007 -1.06135e-007 
6.79614e-006 -3.8271e-007 -1.07196e-007 
6.8641e-006 -3.86542e-007 -1.08269e-007 
6.93275e-006 -3.90403e-007 -1.0935e-007 
7.00207e-006 -3.9431e-007 -1.10444e-007 
7.07209e-006 -3.98245e-007 -1.11547e-007 
7.14281e-006 -4.02228e-007 -1.12662e-007 
7.21424e-006 -4.06257e-007 -1.13791e-007 
7.28638e-006 -4.10314e-007 -1.14927e-007 
7.35925e-006 -4.14419e-007 -1.16077e-007 
7.43284e-006 -4.18573e-007 -1.1724e-007 
7.50717e-006 -4.22754e-007 -1.18411e-007 
7.58224e-006 -4.26984e-007 -1.19596e-007 
7.65806e-006 -4.3124e-007 -1.20789e-007 
7.73464e-006 -4.35568e-007 -1.22e-007 
7.81199e-006 -4.39924e-007 -1.2322e-007 
7.89011e-006 -4.44305e-007 -1.24448e-007 
7.96901e-006 -4.4876e-007 -1.25695e-007 
8.0487e-006 -4.53241e-007 -1.26951e-007 
8.12919e-006 -4.57773e-007 -1.2822e-007 
8.21048e-006 -4.62355e-007 -1.29503e-007 
8.29259e-006 -4.66989e-007 -1.308e-007 
8.37551e-006 -4.71648e-007 -1.32106e-007 
8.45927e-006 -4.76359e-007 -1.33426e-007 
8.54386e-006 -4.81121e-007 -1.3476e-007 
8.6293e-006 -4.85935e-007 -1.36108e-007 
8.71559e-006 -4.90801e-007 -1.3747e-007 
8.80275e-006 -4.95691e-007 -1.38841e-007 
8.89077e-006 -5.00663e-007 -1.40233e-007 
8.97968e-006 -5.05658e-007 -1.41633e-007 
9.06948e-006 -5.10737e-007 -1.43054e-007 
9.16017e-006 -5.15839e-007 -1.44483e-007 
9.25178e-006 -5.20994e-007 -1.45927e-007 
9.34429e-006 -5.26203e-007 -1.47386e-007 
9.43774e-006 -5.31466e-007 -1.4886e-007 
9.53211e-006 -5.36783e-007 -1.50349e-007 
9.62743e-006 -5.42155e-007 -1.51853e-007 
9.72371e-006 -5.47546e-007 -1.53365e-007 
9.82095e-006 -5.53028e-007 -1.549e-007 
9.91916e-006 -5.58564e-007 -1.56451e-007 
1.00183e-005 -5.64156e-007 -1.58016e-007 
1.01185e-005 -5.69804e-007 -1.59598e-007 
1.02197e-005 -5.75468e-007 -1.61186e-007 
1.03219e-005 -5.81227e-007 -1.62799e-007 
1.04251e-005 -5.87041e-007 -1.64427e-007 
1.05294e-005 -5.92912e-007 -1.66072e-007 
1.06347e-005 -5.98839e-007 -1.67732e-007 
1.0741e-005 -6.04822e-007 -1.69408e-007 
1.08484e-005 -6.10906e-007 -1.7111e-007 
1.09569e-005 -6.17002e-007 -1.72818e-007 
1.10665e-005 -6.23155e-007 -1.74542e-007 
1.11772e-005 -6.29411e-007 -1.76293e-007 
1.12889e-005 -6.35676e-007 -1.7805e-007 
1.14018e-005 -6.42046e-007 -1.79833e-007 
1.15158e-005 -6.48474e-007 -1.81633e-007 
1.1631e-005 -6.54959e-007 -1.83449e-007 
1.17473e-005 -6.61502e-007 -1.85282e-007 
1.18648e-005 -6.68101e-007 -1.87131e-007 
1.19834e-005 -6.74811e-007 -1.89009e-007 
1.21033e-005 -6.81524e-007 -1.90891e-007 
1.22243e-005 -6.88349e-007 -1.92802e-007 
1.23465e-005 -6.95232e-007 -1.9473e-007 
1.247e-005 -7.02172e-007 -1.96675e-007 
1.25947e-005 -7.09229e-007 -1.98649e-007 
1.27206e-005 -7.16283e-007 -2.00627e-007 
1.28478e-005 -7.23455e-007 -2.02635e-007 
1.29763e-005 -7.30685e-007 -2.0466e-007 
1.31061e-005 -7.37971e-007 -2.06702e-007 
1.32372e-005 -7.45379e-007 -2.08776e-007 
1.33695e-005 -7.52846e-007 -2.10866e-007 
1.35032e-005 -7.60369e-007 -2.12973e-007 
1.36383e-005 -7.67949e-007 -2.15098e-007 
1.37746e-005 -7.75656e-007 -2.17255e-007 
1.39124e-005 -7.83421e-007 -2.19429e-007 
1.40515e-005 -7.91242e-007 -2.2162e-007 
1.4192e-005 -7.99118e-007 -2.23829e-007 
1.43339e-005 -8.07126e-007 -2.2607e-007 
1.44773e-005 -8.1519e-007 -2.28329e-007 
1.46221e-005 -8.23389e-007 -2.30623e-007 
1.47683e-005 -8.31564e-007 -2.32916e-007 
1.4916e-005 -8.39875e-007 -2.35244e-007 
1.50651e-005 -8.48325e-007 -2.37607e-007 
1.52158e-005 -8.56745e-007 -2.3997e-007 
1.53679e-005 -8.65304e-007 -2.42367e-007 
1.55216e-005 -8.74007e-007 -2.44802e-007 
1.56768e-005 -8.82765e-007 -2.47254e-007 
1.58336e-005 -8.91577e-007 -2.49723e-007 
1.59919e-005 -9.00441e-007 -2.52208e-007 
1.61518e-005 -9.09452e-007 -2.54732e-007 
1.63134e-005 -9.18614e-007 -2.57294e-007 
1.64765e-005 -9.27729e-007 -2.59851e-007 
1.66413e-005 -9.36995e-007 -2.62447e-007 
1.68077e-005 -9.46416e-007 -2.65082e-007 
1.69757e-005 -9.55888e-007 -2.67735e-007 
1.71455e-005 -9.6541e-007 -2.70404e-007 
1.7317e-005 -9.75091e-007 -2.73113e-007 
1.74901e-005 -9.8482e-007 -2.7584e-007 
1.7665e-005 -9.94712e-007 -2.78607e-007 
1.78417e-005 -1.00465e-006 -2.81392e-007 
1.80201e-005 -1.01464e-006 -2.84192e-007 
1.82003e-005 -1.02479e-006 -2.87035e-007 
1.83823e-005 -1.03498e-006 -2.89894e-007 
1.85661e-005 -1.04535e-006 -2.92796e-007 
1.87518e-005 -1.05589e-006 -2.95742e-007 
1.89393e-005 -1.06634e-006 -2.98676e-007 
1.91287e-005 -1.0771e-006 -3.01683e-007 
1.932e-005 -1.0879e-006 -3.04707e-007 
1.95132e-005 -1.09874e-006 -3.07745e-007 
1.97083e-005 -1.10962e-006 -3.10799e-007 
1.99054e-005 -1.12083e-006 -3.13931e-007 
2.01045e-005 -1.13192e-006 -3.17045e-007 
2.03055e-005 -1.14335e-006 -3.2024e-007 
2.05086e-005 -1.15466e-006 -3.23415e-007 
2.07136e-005 -1.16632e-006 -3.26674e-007 
2.09208e-005 -1.17802e-006 -3.29947e-007 
2.113e-005 -1.18974e-006 -3.33234e-007 
2.13413e-005 -1.20166e-006 -3.36571e-007 
2.15547e-005 -1.21361e-006 -3.39921e-007 
2.17702e-005 -1.22575e-006 -3.43322e-007 
2.19879e-005 -1.2381e-006 -3.46774e-007 
2.22078e-005 -1.25047e-006 -3.5024e-007 
2.24299e-005 -1.26287e-006 -3.53718e-007 
2.26542e-005 -1.27546e-006 -3.57248e-007 
2.28807e-005 -1.28827e-006 -3.60832e-007 
2.31095e-005 -1.3011e-006 -3.64428e-007 
2.33406e-005 -1.31414e-006 -3.68078e-007 
2.35741e-005 -1.3274e-006 -3.71784e-007 
2.38098e-005 -1.34067e-006 -3.75501e-007 
2.40479e-005 -1.35394e-006 -3.79227e-007 
2.42884e-005 -1.36744e-006 -3.8301e-007 
2.45313e-005 -1.38117e-006 -3.86851e-007 
2.47766e-005 -1.39489e-006 -3.907e-007 
2.50243e-005 -1.40884e-006 -3.94608e-007 
2.52746e-005 -1.42303e-006 -3.98575e-007 
2.55273e-005 -1.43722e-006 -4.0255e-007 
2.57826e-005 -1.45164e-006 -4.06586e-007 
2.60404e-005 -1.46605e-006 -4.10629e-007 
2.63008e-005 -1.4807e-006 -4.14732e-007 
2.65638e-005 -1.49559e-006 -4.18898e-007 
2.68295e-005 -1.51047e-006 -4.2307e-007 
2.70978e-005 -1.5256e-006 -4.27305e-007 
2.73687e-005 -1.54098e-006 -4.31605e-007 
2.76424e-005 -1.55633e-006 -4.35908e-007 
2.79189e-005 -1.57195e-006 -4.40278e-007 
2.8198e-005 -1.58752e-006 -4.44649e-007 
2.848e-005 -1.60336e-006 -4.49087e-007 
2.87648e-005 -1.61946e-006 -4.53592e-007 
2.90525e-005 -1.63552e-006 -4.58097e-007 
2.9343e-005 -1.65216e-006 -4.62741e-007 
2.96364e-005 -1.66844e-006 -4.67314e-007 
2.99328e-005 -1.68531e-006 -4.72028e-007 
3.02321e-005 -1.70214e-006 -4.76741e-007 
3.05344e-005 -1.71924e-006 -4.81526e-007 
3.08398e-005 -1.73628e-006 -4.86307e-007 
3.11482e-005 -1.7536e-006 -4.9116e-007 
3.14597e-005 -1.7712e-006 -4.96087e-007 
3.17743e-005 -1.78873e-006 -5.01008e-007 
3.2092e-005 -1.80655e-006 -5.06002e-007 
3.24129e-005 -1.82467e-006 -5.11073e-007 
3.2737e-005 -1.84309e-006 -5.1622e-007 
3.30644e-005 -1.86141e-006 -5.21359e-007 
3.33951e-005 -1.88004e-006 -5.26576e-007 
3.3729e-005 -1.89899e-006 -5.31872e-007 
3.40663e-005 -1.91782e-006 -5.37155e-007 
3.4407e-005 -1.93696e-006 -5.42518e-007 
3.4751e-005 -1.95642e-006 -5.47963e-007 
3.50985e-005 -1.97575e-006 -5.53392e-007 
3.54495e-005 -1.99587e-006 -5.59003e-007 
3.5804e-005 -2.01586e-006 -5.64599e-007 
3.61621e-005 -2.03569e-006 -5.70173e-007 
3.65237e-005 -2.05635e-006 -5.7594e-007 
3.68889e-005 -2.07686e-006 -5.81685e-007 
3.72578e-005 -2.09718e-006 -5.87405e-007 
3.76304e-005 -2.11837e-006 -5.93325e-007 
3.80067e-005 -2.13937e-006 -5.99219e-007 
3.83868e-005 -2.16073e-006 -6.05202e-007 
3.87706e-005 -2.18244e-006 -6.11276e-007 
3.91583e-005 -2.20452e-006 -6.17443e-007 
3.95499e-005 -2.22639e-006 -6.23579e-007 
3.99454e-005 -2.24863e-006 -6.29807e-007 
4.03449e-005 -2.27123e-006 -6.3613e-007 
4.07483e-005 -2.2936e-006 -6.42416e-007 
4.11558e-005 -2.31697e-006 -6.48933e-007 
4.15674e-005 -2.34009e-006 -6.55411e-007 
4.1983e-005 -2.3636e-006 -6.61988e-007 
4.24029e-005 -2.38684e-006 -6.68521e-007 
4.28269e-005 -2.41114e-006 -6.75299e-007 
4.32552e-005 -2.43516e-006 -6.82031e-007 
4.36877e-005 -2.45958e-006 -6.88865e-007 
4.41246e-005 -2.48369e-006 -6.95647e-007 
4.45658e-005 -2.50893e-006 -7.02689e-007 
4.50115e-005 -2.53384e-006 -7.09678e-007 
4.54616e-005 -2.55917e-006 -7.16771e-007 
4.59162e-005 -2.58493e-006 -7.23973e-007 
4.63754e-005 -2.61032e-006 -7.31112e-007 
4.68391e-005 -2.63694e-006 -7.38534e-007 
4.73075e-005 -2.66318e-006 -7.45891e-007 
4.77806e-005 -2.68986e-006 -7.53359e-007 
4.82584e-005 -2.71612e-006 -7.60753e-007 
4.8741e-005 -2.7437e-006 -7.68449e-007 
4.92284e-005 -2.77084e-006 -7.76068e-007 
4.97207e-005 -2.79843e-006 -7.83801e-007 
5.02179e-005 -2.82648e-006 -7.91651e-007 
5.07201e-005 -2.855e-006 -7.99622e-007 
5.12273e-005 -2.88302e-006 -8.07503e-007 
5.17396e-005 -2.9125e-006 -8.15718e-007 
5.2257e-005 -2.94148e-006 -8.2384e-007 
5.27795e-005 -2.97093e-006 -8.32086e-007 
5.33073e-005 -3.00088e-006 -8.40457e-007 
5.38404e-005 -3.03026e-006 -8.48723e-007 
5.43788e-005 -3.06122e-006 -8.5735e-007 
5.49226e-005 -3.09158e-006 -8.65869e-007 
5.54718e-005 -3.12245e-006 -8.74516e-007 
5.60265e-005 -3.15384e-006 -8.83294e-007 
5.65868e-005 -3.18455e-006 -8.91948e-007 
5.71527e-005 -3.21699e-006 -9.00994e-007 
5.77242e-005 -3.24874e-006 -9.09911e-007 
5.83014e-005 -3.28101e-006 -9.18961e-007 
5.88844e-005 -3.31382e-006 -9.28149e-007 
5.94733e-005 -3.34718e-006 -9.37476e-007 
6.0068e-005 -3.38111e-006 -9.46947e-007 
6.06687e-005 -3.41423e-006 -9.56266e-007 
6.12754e-005 -3.44931e-006 -9.66028e-007 
6.18881e-005 -3.48356e-006 -9.75634e-007 
6.2507e-005 -3.51838e-006 -9.85384e-007 
6.31321e-005 -3.55378e-006 -9.95284e-007 
6.37634e-005 -3.58826e-006 -1.00501e-006 
6.44011e-005 -3.62485e-006 -1.01521e-006 
6.50451e-005 -3.66049e-006 -1.02522e-006 
6.56955e-005 -3.69671e-006 -1.03539e-006 
6.63525e-005 -3.73353e-006 -1.04571e-006 
6.7016e-005 -3.77096e-006 -1.05618e-006 
6.76862e-005 -3.80902e-006 -1.06682e-006 
6.8363e-005 -3.84774e-006 -1.07762e-006 
6.90466e-005 -3.88533e-006 -1.0882e-006 
6.97371e-005 -3.92535e-006 -1.09934e-006 
7.04345e-005 -3.96422e-006 -1.11024e-006 
7.11388e-005 -4.00373e-006 -1.12131e-006 
7.18502e-005 -4.04389e-006 -1.13255e-006 
7.25687e-005 -4.08277e-006 -1.14354e-006 
7.32944e-005 -4.12427e-006 -1.15511e-006 
7.40273e-005 -4.16649e-006 -1.16687e-006 
7.47676e-005 -4.20734e-006 -1.17836e-006 
7.55153e-005 -4.24887e-006 -1.19002e-006 
7.62705e-005 -4.29107e-006 -1.20186e-006 
7.70332e-005 -4.33398e-006 -1.21388e-006 
7.78035e-005 -4.37761e-006 -1.22607e-006 
7.85815e-005 -4.42198e-006 -1.23846e-006 
7.93673e-005 -4.46711e-006 -1.25104e-006 
8.0161e-005 -4.51061e-006 -1.26329e-006 
8.09626e-005 -4.55481e-006 -1.27572e-006 
8.17722e-005 -4.60224e-006 -1.28888e-006 
8.259e-005 -4.64796e-006 -1.3017e-006 
8.34159e-005 -4.69444e-006 -1.31472e-006 
8.425e-005 -4.74169e-006 -1.32793e-006 
8.50925e-005 -4.78704e-006 -1.34075e-006 
8.59435e-005 -4.83587e-006 -1.35436e-006 
8.68029e-005 -4.88272e-006 -1.36758e-006 
8.76709e-005 -4.93319e-006 -1.3816e-006 
8.85476e-005 -4.98162e-006 -1.39522e-006 
8.94331e-005 -5.03084e-006 -1.40904e-006 
9.03274e-005 -5.08088e-006 -1.42307e-006 
9.12307e-005 -5.13174e-006 -1.43731e-006 
9.2143e-005 -5.18347e-006 -1.45176e-006 
9.30644e-005 -5.23607e-006 -1.46644e-006 
9.39951e-005 -5.28957e-006 -1.48135e-006 
9.4935e-005 -5.34063e-006 -1.49576e-006 
9.58844e-005 -5.39594e-006 -1.51112e-006 
9.68432e-005 -5.44871e-006 -1.52597e-006 
9.78117e-005 -5.50235e-006 -1.54104e-006 
9.87898e-005 -5.55686e-006 -1.55633e-006 
9.97777e-005 -5.61228e-006 -1.57186e-006 
0.000100775 -5.66862e-006 -1.58762e-006 
0.000101783 -5.72592e-006 -1.60362e-006 
0.000102801 -5.78419e-006 -1.61987e-006 
0.000103829 -5.83944e-006 -1.6355e-006 
0.000104867 -5.89966e-006 -1.65225e-006 
0.000105916 -5.95674e-006 -1.66835e-006 
0.000106975 -6.01902e-006 -1.68561e-006 
0.000108045 -6.07803e-006 -1.70221e-006 
0.000109125 -6.13802e-006 -1.71905e-006 
0.000110217 -6.19899e-006 -1.73615e-006 
0.000111319 -6.26097e-006 -1.7535e-006 
0.000112432 -6.324e-006 -1.77112e-006 
0.000113556 -6.38809e-006 -1.78901e-006 
0.000114692 -6.45329e-006 -1.80717e-006 
0.000115839 -6.51459e-006 -1.82454e-006 
0.000116997 -6.58196e-006 -1.84326e-006 
0.000118167 -6.64529e-006 -1.86114e-006 
0.000119349 -6.71495e-006 -1.88044e-006 
0.000120542 -6.78043e-006 -1.89887e-006 
0.000121748 -6.84697e-006 -1.91758e-006 
0.000122965 -6.91459e-006 -1.93657e-006 
0.000124195 -6.98333e-006 -1.95584e-006 
0.000125437 -7.05322e-006 -1.9754e-006 
0.000126691 -7.12428e-006 -1.99526e-006 
0.000127958 -7.19655e-006 -2.01542e-006 
0.000129238 -7.27005e-006 -2.0359e-006 
0.00013053 -7.33846e-006 -2.05532e-006 
0.000131835 -7.41441e-006 -2.07642e-006 
0.000133154 -7.48507e-006 -2.09642e-006 
0.000134485 -7.5636e-006 -2.11817e-006 
0.00013583 -7.63663e-006 -2.13877e-006 
0.000137188 -7.71787e-006 -2.1612e-006 
0.00013856 -7.7934e-006 -2.18245e-006 
0.000139946 -7.87017e-006 -2.20401e-006 
0.000141345 -7.9482e-006 -2.22589e-006 
0.000142759 -8.02752e-006 -2.24811e-006 
0.000144186 -8.10818e-006 -2.27066e-006 
0.000145628 -8.19019e-006 -2.29356e-006 
0.000147085 -8.27361e-006 -2.31681e-006 
0.000148555 -8.35021e-006 -2.33864e-006 
0.000150041 -8.43637e-006 -2.36258e-006 
0.000151541 -8.52404e-006 -2.38691e-006 
0.000153057 -8.60451e-006 -2.40973e-006 
0.000154587 -8.69514e-006 -2.43481e-006 
0.000156133 -8.7783e-006 -2.45832e-006 
0.000157695 -8.86276e-006 -2.48218e-006 
0.000159271 -8.95804e-006 -2.50842e-006 
0.000160864 -9.04541e-006 -2.53301e-006 
0.000162473 -9.13419e-006 -2.55797e-006 
0.000164098 -9.22443e-006 -2.58329e-006 
0.000165739 -9.31616e-006 -2.609e-006 
0.000167396 -9.40941e-006 -2.63509e-006 
0.00016907 -9.50424e-006 -2.66158e-006 
0.000170761 -9.60067e-006 -2.68848e-006 
0.000172468 -9.69876e-006 -2.7158e-006 
0.000174193 -9.7872e-006 -2.7411e-006 
0.000175935 -9.8885e-006 -2.76923e-006 
0.000177694 -9.99158e-006 -2.79781e-006 
0.000179471 -1.00845e-005 -2.82425e-006 
0.000181266 -1.0191e-005 -2.8537e-006 
0.000183078 -1.02869e-005 -2.88093e-006 
0.000184909 -1.03971e-005 -2.91131e-006 
0.000186758 -1.04963e-005 -2.93936e-006 
0.000188626 -1.05971e-005 -2.96783e-006 
0.000190512 -1.0713e-005 -2.99963e-006 
0.000192417 -1.08172e-005 -3.02898e-006 
0.000194341 -1.09231e-005 -3.05876e-006 
0.000196285 -1.10308e-005 -3.08898e-006 
0.000198248 -1.11402e-005 -3.11966e-006 
0.00020023 -1.12514e-005 -3.1508e-006 
0.000202232 -1.13645e-005 -3.18241e-006 
0.000204255 -1.14796e-005 -3.21451e-006 
0.000206297 -1.15965e-005 -3.2471e-006 
0.00020836 -1.17155e-005 -3.2802e-006 
0.000210444 -1.18201e-005 -3.31025e-006 
0.000212548 -1.19429e-005 -3.34434e-006 
0.000214674 -1.2068e-005 -3.37896e-006 
0.000216821 -1.21777e-005 -3.41036e-006 
0.000218989 -1.23069e-005 -3.44604e-006 
0.000221179 -1.24202e-005 -3.47836e-006 
0.00022339 -1.25538e-005 -3.51514e-006 
0.000225624 -1.26708e-005 -3.54843e-006 
0.000227881 -1.2809e-005 -3.58637e-006 
0.000230159 -1.293e-005 -3.62068e-006 
0.000232461 -1.30529e-005 -3.65547e-006 
0.000234786 -1.31983e-005 -3.6952e-006 
0.000237134 -1.33255e-005 -3.73108e-006 
0.000239505 -1.34547e-005 -3.76749e-006 
0.0002419 -1.3586e-005 -3.80442e-006 
0.000244319 -1.37194e-005 -3.8419e-006 
0.000246762 -1.3855e-005 -3.87994e-006 
0.00024923 -1.39928e-005 -3.91855e-006 
0.000251722 -1.4133e-005 -3.95775e-006 
0.000254239 -1.42755e-005 -3.99754e-006 
0.000256782 -1.44204e-005 -4.03795e-006 
0.000259349 -1.45678e-005 -4.07898e-006 
0.000261943 -1.47178e-005 -4.12066e-006 
0.000264562 -1.48704e-005 -4.16299e-006 
0.000267208 -1.4999e-005 -4.20025e-006 
0.00026988 -1.51565e-005 -4.24383e-006 
0.000272579 -1.53168e-005 -4.28812e-006 
0.000275305 -1.54518e-005 -4.32702e-006 
0.000278058 -1.56174e-005 -4.37264e-006 
0.000280838 -1.57566e-005 -4.41267e-006 
0.000283647 -1.59278e-005 -4.4597e-006 
0.000286483 -1.60716e-005 -4.5009e-006 
0.000289348 -1.62487e-005 -4.54939e-006 
0.000292241 -1.63973e-005 -4.59184e-006 
0.000295164 -1.65805e-005 -4.64187e-006 
0.000298115 -1.67342e-005 -4.68561e-006 
0.000301097 -1.68901e-005 -4.72995e-006 
0.000304108 -1.70829e-005 -4.78235e-006 
0.000307149 -1.72443e-005 -4.82808e-006 
0.00031022 -1.74081e-005 -4.87445e-006 
0.000313322 -1.75746e-005 -4.92149e-006 
0.000316456 -1.77436e-005 -4.96921e-006 
0.00031962 -1.79535e-005 -5.02583e-006 
0.000322816 -1.81287e-005 -5.07511e-006 
0.000326045 -1.83068e-005 -5.12511e-006 
0.000329305 -1.84879e-005 -5.17586e-006 
0.000332598 -1.86719e-005 -5.22737e-006 
0.000335924 -1.8859e-005 -5.27966e-006 
0.000339283 -1.90492e-005 -5.33275e-006 
0.000342676 -1.92427e-005 -5.38666e-006 
0.000346103 -1.94395e-005 -5.4414e-006 
0.000349564 -1.95942e-005 -5.48717e-006 
0.000353059 -1.9797e-005 -5.54345e-006 
0.00035659 -2.00034e-005 -5.60062e-006 
0.000360156 -2.02134e-005 -5.65871e-006 
0.000363758 -2.04272e-005 -5.71775e-006 
0.000367395 -2.05946e-005 -5.76688e-006 
0.000371069 -2.08152e-005 -5.82764e-006 
0.00037478 -2.10399e-005 -5.8894e-006 
0.000378528 -2.12154e-005 -5.94067e-006 
0.000382313 -2.14474e-005 -6.00429e-006 
0.000386136 -2.16839e-005 -6.06899e-006 
0.000389997 -2.18681e-005 -6.12255e-006 
0.000393897 -2.21125e-005 -6.18924e-006 
0.000397836 -2.23026e-005 -6.24435e-006 
0.000401815 -2.25553e-005 -6.31311e-006 
0.000405833 -2.27517e-005 -6.36984e-006 
0.000409891 -2.30132e-005 -6.44079e-006 
0.00041399 -2.32161e-005 -6.49922e-006 
0.00041813 -2.34218e-005 -6.55839e-006 
0.000422311 -2.36967e-005 -6.63266e-006 
0.000426534 -2.39094e-005 -6.69365e-006 
0.0004308 -2.41252e-005 -6.75545e-006 
0.000435108 -2.44146e-005 -6.83327e-006 
0.000439459 -2.4638e-005 -6.89702e-006 
0.000443853 -2.48647e-005 -6.96163e-006 
0.000448292 -2.50948e-005 -7.02713e-006 
0.000452775 -2.54046e-005 -7.10998e-006 
0.000457303 -2.56431e-005 -7.17761e-006 
0.000461876 -2.58853e-005 -7.2462e-006 
0.000466494 -2.61313e-005 -7.31575e-006 
0.000471159 -2.63811e-005 -7.38629e-006 
0.000475871 -2.66348e-005 -7.45785e-006 
0.00048063 -2.68926e-005 -7.53044e-006 
0.000485436 -2.71545e-005 -7.6041e-006 
0.00049029 -2.75101e-005 -7.69813e-006 
0.000495193 -2.77824e-005 -7.77436e-006 
0.000500145 -2.80592e-005 -7.85175e-006 
0.000505146 -2.83406e-005 -7.9303e-006 
0.000510198 -2.853e-005 -7.98917e-006 
0.0005153 -2.88191e-005 -8.06973e-006 
0.000520453 -2.91132e-005 -8.15154e-006 
0.000525657 -2.94123e-005 -8.23463e-006 
0.000530914 -2.97167e-005 -8.31903e-006 
0.000536223 -3.00265e-005 -8.40477e-006 
0.000541585 -3.03418e-005 -8.49188e-006 
0.000547001 -3.06628e-005 -8.58041e-006 
0.000552471 -3.0876e-005 -8.64591e-006 
0.000557996 -3.12064e-005 -8.73685e-006 
0.000563576 -3.15429e-005 -8.82931e-006 
0.000569212 -3.18857e-005 -8.9233e-006 
0.000574904 -3.22349e-005 -9.01888e-006 
0.000580653 -3.24652e-005 -9.08905e-006 
0.000586459 -3.28252e-005 -9.18735e-006 
0.000592324 -3.31921e-005 -9.28735e-006 
0.000598247 -3.3433e-005 -9.3604e-006 
0.00060423 -3.38115e-005 -9.46331e-006 
0.000610272 -3.41975e-005 -9.56805e-006 
0.000616375 -3.44499e-005 -9.64419e-006 
0.000622538 -3.48484e-005 -9.75205e-006 
0.000628764 -3.51081e-005 -9.83021e-006 
0.000635051 -3.55198e-005 -9.94134e-006 
0.000641402 -3.594e-005 -1.00545e-005 
0.000647816 -3.62128e-005 -1.01361e-005 
0.000654294 -3.66472e-005 -1.02528e-005 
0.000660837 -3.69284e-005 -1.03367e-005 
0.000667445 -3.73778e-005 -1.04571e-005 
0.00067412 -3.76679e-005 -1.05434e-005 
0.000680861 -3.81331e-005 -1.06676e-005 
0.00068767 -3.84325e-005 -1.07564e-005 
0.000694546 -3.89142e-005 -1.08846e-005 
0.000701492 -3.92235e-005 -1.0976e-005 
0.000708507 -3.95363e-005 -1.10683e-005 
0.000715592 -4.00425e-005 -1.12026e-005 
0.000722748 -4.03659e-005 -1.12977e-005 
0.000729975 -4.08909e-005 -1.14365e-005 
0.000737275 -4.12256e-005 -1.15346e-005 
0.000744648 -4.15644e-005 -1.16338e-005 
0.000752094 -4.21171e-005 -1.17793e-005 
0.000759615 -4.2468e-005 -1.18816e-005 
0.000767211 -4.28233e-005 -1.19852e-005 
0.000774883 -4.31831e-005 -1.20899e-005 
0.000782632 -4.37743e-005 -1.22448e-005 
0.000790459 -4.41476e-005 -1.2353e-005 
0.000798363 -4.45257e-005 -1.24625e-005 
0.000806347 -4.49088e-005 -1.25734e-005 
0.00081441 -4.55426e-005 -1.27385e-005 
0.000822554 -4.59406e-005 -1.28531e-005 
0.00083078 -4.63441e-005 -1.29692e-005 
0.000839088 -4.67531e-005 -1.30867e-005 
0.000847479 -4.7434e-005 -1.32631e-005 
0.000855953 -4.78596e-005 -1.33848e-005 
0.000864513 -4.82912e-005 -1.35081e-005 
0.000873158 -4.87291e-005 -1.36331e-005 
0.00088189 -4.91733e-005 -1.37597e-005 
0.000890709 -4.96241e-005 -1.3888e-005 
0.000899616 -5.00816e-005 -1.4018e-005 
0.000908612 -5.05458e-005 -1.41499e-005 
0.000917698 -5.1329e-005 -1.43506e-005 
0.000926875 -5.18136e-005 -1.44874e-005 
0.000936144 -5.23056e-005 -1.46262e-005 
0.000945505 -5.28054e-005 -1.47669e-005 
0.00095496 -5.33131e-005 -1.49097e-005 
0.00096451 -5.38288e-005 -1.50545e-005 
0.000974155 -5.43529e-005 -1.52014e-005 
0.000983896 -5.48854e-005 -1.53505e-005 
0.000993735 -5.54267e-005 -1.55017e-005 
0.00100367 -5.5977e-005 -1.56553e-005 
0.00101371 -5.65364e-005 -1.58112e-005 
0.00102385 -5.71052e-005 -1.59694e-005 
0.00103409 -5.76838e-005 -1.61301e-005 
0.00104443 -5.82723e-005 -1.62932e-005 
0.00105487 -5.88709e-005 -1.64589e-005 
0.00106542 -5.94801e-005 -1.66272e-005 
0.00107607 -6.01e-005 -1.67982e-005 
0.00108683 -6.02944e-005 -1.68781e-005 
0.0010977 -6.09277e-005 -1.70527e-005 
0.00110868 -6.15724e-005 -1.72301e-005 
0.00111977 -6.2229e-005 -1.74104e-005 
0.00113096 -6.28976e-005 -1.75937e-005 
0.00114227 -6.35786e-005 -1.77801e-005 
0.0011537 -6.42724e-005 -1.79695e-005 
0.00116523 -6.49794e-005 -1.81622e-005 
0.00117689 -6.56998e-005 -1.83582e-005 
0.00118865 -6.5912e-005 -1.84454e-005 
0.00120054 -6.66495e-005 -1.86458e-005 
0.00121255 -6.74014e-005 -1.88497e-005 
0.00122467 -6.81681e-005 -1.90572e-005 
0.00123692 -6.89501e-005 -1.92684e-005 
0.00124929 -6.91718e-005 -1.93597e-005 
0.00126178 -6.99732e-005 -1.95759e-005 
0.0012744 -7.07909e-005 -1.9796e-005 
0.00128714 -7.16254e-005 -2.00202e-005 
0.00130001 -7.24772e-005 -2.02484e-005 
0.00131301 -7.27104e-005 -2.03444e-005 
0.00132614 -7.35843e-005 -2.05783e-005 
0.00133941 -7.44767e-005 -2.08166e-005 
0.0013528 -7.53882e-005 -2.10594e-005 
0.00136633 -7.56305e-005 -2.11591e-005 
0.00137999 -7.65665e-005 -2.14081e-005 
0.00139379 -7.7523e-005 -2.16619e-005 
0.00140773 -7.77707e-005 -2.17642e-005 
0.00142181 -7.87535e-005 -2.20246e-005 
0.00143602 -7.97583e-005 -2.22902e-005 
0.00145038 -8.07858e-005 -2.25611e-005 
0.00146489 -8.10451e-005 -2.26678e-005 
0.00147954 -8.21019e-005 -2.2946e-005 
0.00149433 -8.31831e-005 -2.32299e-005 
0.00150928 -8.34497e-005 -2.33396e-005 
0.00152437 -8.45625e-005 -2.36313e-005 
0.00153961 -8.57015e-005 -2.3929e-005 
0.00155501 -8.59761e-005 -2.4042e-005 
0.00157056 -8.71493e-005 -2.43481e-005 
0.00158626 -8.74257e-005 -2.44625e-005 
0.00160213 -8.86344e-005 -2.47772e-005 
0.00161815 -8.98727e-005 -2.50988e-005 
0.00163433 -9.01587e-005 -2.52169e-005 
0.00165067 -9.14355e-005 -2.55478e-005 
0.00166718 -9.27441e-005 -2.5886e-005 
0.00168385 -9.30409e-005 -2.60081e-005 
0.00170069 -9.43912e-005 -2.63563e-005 
0.0017177 -9.4691e-005 -2.64801e-005 
0.00173487 -9.60849e-005 -2.68388e-005 
0.00175222 -9.6388e-005 -2.69644e-005 
0.00176974 -9.78274e-005 -2.7334e-005 
0.00178744 -9.93046e-005 -2.77121e-005 
0.00180532 -9.96211e-005 -2.78425e-005 
0.00182337 -0.000101148 -2.82323e-005 
0.0018416 -0.000101469 -2.83648e-005 
0.00186002 -0.000103047 -2.87669e-005 
0.00187862 -0.000103373 -2.89016e-005 
0.00189741 -0.000105006 -2.93165e-005 
0.00191638 -0.000105336 -2.94536e-005 
0.00193554 -0.000107026 -2.98819e-005 
0.0019549 -0.000107362 -3.00213e-005 
0.00197445 -0.000109111 -3.04636e-005 
0.00199419 -0.000109453 -3.06056e-005 
0.00201413 -0.000111265 -3.10626e-005 
0.00203427 -0.000111614 -3.12073e-005 
0.00205462 -0.000113492 -3.16795e-005 
0.00207516 -0.000113847 -3.1827e-005 
0.00209592 -0.000115794 -3.23153e-005 
0.00211687 -0.000116157 -3.24658e-005 
0.00213804 -0.000118177 -3.29708e-005 
0.00215942 -0.000118547 -3.31245e-005 
0.00218102 -0.000120643 -3.36471e-005 
0.00220283 -0.000121023 -3.38041e-005 
0.00222486 -0.0001232 -3.43452e-005 
0.00224711 -0.000123589 -3.45057e-005 
0.00226958 -0.00012397 -3.46651e-005 
0.00229227 -0.000126249 -3.52303e-005 
0.00231519 -0.000126641 -3.53934e-005 
0.00233835 -0.00012901 -3.59791e-005 
0.00236173 -0.000129413 -3.61461e-005 
0.00238535 -0.000131877 -3.67533e-005 
0.0024092 -0.000132291 -3.69245e-005 
0.00243329 -0.000132698 -3.70946e-005 
0.00245763 -0.000135283 -3.77299e-005 
0.0024822 -0.000135702 -3.79044e-005 
0.00250702 -0.000138394 -3.85638e-005 
0.00253209 -0.000138827 -3.87429e-005 
0.00255742 -0.000139252 -3.89208e-005 
0.00258299 -0.000142081 -3.96116e-005 
0.00260882 -0.00014252 -3.97945e-005 
0.00263491 -0.000145469 -4.05122e-005 
0.00266126 -0.000145925 -4.07003e-005 
0.00268787 -0.000146372 -4.08872e-005 
0.00271475 -0.000149475 -4.16401e-005 
0.0027419 -0.000149939 -4.18326e-005 
0.00276931 -0.000150394 -4.20237e-005 
0.00279701 -0.000153662 -4.28141e-005 
0.00282498 -0.000154136 -4.30112e-005 
0.00285323 -0.000154601 -4.3207e-005 
0.00288176 -0.000158045 -4.40374e-005 
0.00291058 -0.00015853 -4.42394e-005 
0.00293968 -0.000159005 -4.44401e-005 
0.00296908 -0.000162639 -4.53131e-005 
0.00299877 -0.000163135 -4.55206e-005 
