0 0 0 0 0 0 0 0 0 0 -50 -1.97641e-013 -50 1.41172e-014 0 -50 -1.97641e-013 -50 -8.47033e-014 -8.47033e-014 -50 -9.88205e-014 -50 -8.47033e-014 -8.47033e-014 -50 -9.88205e-014 -50 -8.47033e-014 -8.47033e-014 -50 -9.88205e-014 -50 -8.47033e-014 -8.47033e-014 -50 -9.88205e-014 -50 
0.0004801 0.158333 58817.5 -0.0646092 0.401347 -80.2603 -301.416 89.6787 -0.16362 -0.16362 -50.1038 -0.192895 -50.1038 -0.0825247 -0.0825247 -50.0195 -0.0193534 -50.0195 0.0302562 0.0302562 -49.943 0.0515511 -49.943 0.0540341 0.0540341 -49.9702 0.0299258 -49.9702 -0.014629 -0.014629 -50.0839 -0.0759584 -50.0839 -0.137197 -0.137197 -50.1517 -0.172251 -50.1517 
0.0009701 0.321667 122064 -0.170822 0.811679 -213.023 -871.764 222.816 -0.503801 -0.503801 -50.2612 -0.557919 -50.2612 -0.192316 -0.192316 -50.0006 -0.0154889 -50.0006 0.0958938 0.0958938 -49.8688 0.142324 -49.8688 0.142196 0.142196 -49.9131 0.0945414 -49.9131 -0.0027617 -0.0027617 -50.1907 -0.177756 -50.1907 -0.387896 -0.387896 -50.4407 -0.537754 -50.4407 
0.0014601 0.485 186036 -0.258432 1.21789 -322.54 -1547.43 436.324 -0.908431 -0.908431 -50.4079 -0.960975 -50.4079 -0.284617 -0.284617 -49.9601 0.023238 -49.9601 0.203483 0.203483 -49.7581 0.279252 -49.7581 0.27582 0.27582 -49.8178 0.208223 -49.8178 0.0464886 0.0464886 -50.265 -0.260658 -50.265 -0.641557 -0.641557 -50.7329 -0.990337 -50.7329 
0.0019501 0.648333 250467 -0.342838 1.61813 -428.047 -2348.7 636.937 -1.32958 -1.32958 -50.5124 -1.35982 -50.5124 -0.346844 -0.346844 -49.9034 0.077897 -49.9034 0.310617 0.310617 -49.6617 0.407643 -49.6617 0.398618 0.398618 -49.739 0.319045 -49.739 0.106493 0.106493 -50.3202 -0.332877 -50.3202 -0.89959 -0.89959 -51.0214 -1.50315 -51.0214 
0.0024401 0.811667 315293 -0.418779 2.01465 -522.972 -3198.74 860.56 -1.7828 -1.7828 -50.6224 -1.77381 -50.6224 -0.404021 -0.404021 -49.8326 0.144637 -49.8326 0.431157 0.431157 -49.5634 0.550763 -49.5634 0.536965 0.536965 -49.6395 0.446221 -49.6395 0.184743 0.184743 -50.3589 -0.392306 -50.3589 -1.15123 -1.15123 -51.2875 -2.04718 -51.2875 
0.0029301 0.975 380462 -0.484782 2.40666 -605.477 -4088.1 1088.5 -2.23094 -2.23094 -50.7072 -2.16617 -50.7072 -0.443437 -0.443437 -49.7676 0.219204 -49.7676 0.554992 0.554992 -49.4603 0.696643 -49.4603 0.677271 0.677271 -49.5477 0.577231 -49.5477 0.270334 0.270334 -50.3795 -0.438522 -50.3795 -1.38764 -1.38764 -51.5316 -2.61637 -51.5316 
0.0034201 1.13833 445936 -0.544311 2.79236 -679.888 -5010.98 1320.16 -2.67923 -2.67923 -50.7806 -2.5463 -50.7806 -0.470978 -0.470978 -49.6984 0.303231 -49.6984 0.683693 0.683693 -49.3614 0.844899 -49.3614 0.817932 0.817932 -49.4561 0.710147 -49.4561 0.361175 0.361175 -50.3889 -0.478114 -50.3889 -1.61959 -1.61959 -51.7528 -3.20701 -51.7528 
0.0039101 1.30167 511692 -0.596127 3.17278 -744.658 -5940.41 1549.54 -3.12642 -3.12642 -50.8429 -2.91147 -50.8429 -0.484898 -0.484898 -49.6217 0.392394 -49.6217 0.813208 0.813208 -49.2658 0.991705 -49.2658 0.958726 0.958726 -49.3664 0.844644 -49.3664 0.455754 0.455754 -50.3907 -0.508779 -50.3907 -1.83971 -1.83971 -51.946 -3.80185 -51.946 
0.0044001 1.465 577703 -0.640954 3.5473 -800.692 -6881.22 1783.68 -3.56677 -3.56677 -50.8933 -3.26263 -50.8933 -0.492003 -0.492003 -49.5484 0.48471 -49.5484 0.945246 0.945246 -49.1705 1.14155 -49.1705 1.10119 1.10119 -49.2758 0.98178 -49.2758 0.556114 0.556114 -50.3828 -0.52993 -50.3828 -2.04674 -2.04674 -52.1236 -4.40397 -52.1236 
0.0048901 1.62833 644079 -0.693402 3.91502 -866.252 -7827.02 2017.89 -4.09258 -4.09258 -50.9552 -3.64626 -50.9552 -0.506627 -0.506627 -49.4789 0.574046 -49.4789 1.07586 1.07586 -49.0773 1.29145 -49.0773 1.24394 1.24394 -49.1865 1.11868 -49.1865 0.659239 0.659239 -50.3682 -0.543591 -50.3682 -2.24417 -2.24417 -52.2829 -5.00927 -52.2829 
0.0053801 1.79167 710884 -0.758277 4.27769 -947.346 -8918.42 2250.83 -4.6441 -4.6441 -51.0158 -4.02583 -51.0158 -0.515615 -0.515615 -49.4069 0.665392 -49.4069 1.20695 1.20695 -48.9849 1.44053 -48.9849 1.38677 1.38677 -49.0993 1.25549 -49.0993 0.760647 0.760647 -50.359 -0.56546 -50.359 -2.46419 -2.46419 -52.4951 -5.70778 -52.4951 
0.0058701 1.955 778046 -0.823454 4.63357 -1028.82 -10061.3 2485.01 -5.2005 -5.2005 -51.0689 -4.39287 -51.0689 -0.518126 -0.518126 -49.335 0.758913 -49.335 1.3392 1.3392 -48.8938 1.59041 -48.8938 1.53022 1.53022 -49.0126 1.39262 -49.0126 0.862348 0.862348 -50.3472 -0.585268 -50.3472 -2.68282 -2.68282 -52.7164 -6.43921 -52.7164 
0.0063601 2.11833 845514 -0.885196 4.98289 -1106 -11217.9 2720.62 -5.76129 -5.76129 -51.1168 -4.7471 -51.1168 -0.513494 -0.513494 -49.2616 0.856592 -49.2616 1.47346 1.47346 -48.803 1.74119 -48.803 1.6741 1.6741 -48.9264 1.53065 -48.9264 0.966504 0.966504 -50.3302 -0.60004 -50.3302 -2.89358 -2.89358 -52.9311 -7.17944 -52.9311 
0.0068501 2.28167 913280 -0.943273 5.32498 -1178.59 -12383.9 2956.5 -6.32199 -6.32199 -51.1581 -5.08725 -51.1581 -0.502977 -0.502977 -49.1881 0.955696 -49.1881 1.60804 1.60804 -48.7128 1.89216 -48.7128 1.8188 1.8188 -48.8405 1.66992 -48.8405 1.07317 1.07317 -50.3081 -0.608517 -50.3081 -3.09524 -3.09524 -53.1396 -7.92569 -53.1396 
0.0073401 2.445 981334 -0.99753 5.65971 -1246.41 -13554.4 3193.21 -6.88239 -6.88239 -51.194 -5.41363 -51.194 -0.486215 -0.486215 -49.1138 1.05748 -49.1138 1.7438 1.7438 -48.6232 2.04366 -48.6232 1.96391 1.96391 -48.7547 1.80985 -48.7547 1.18175 1.18175 -50.2816 -0.611483 -50.2816 -3.28776 -3.28776 -53.3416 -8.6748 -53.3416 
0.0078301 2.60833 1.04967e+006 -1.04785 5.98676 -1309.31 -14725.7 3430.84 -7.44035 -7.44035 -51.2247 -5.72614 -51.2247 -0.463934 -0.463934 -49.039 1.16132 -49.039 1.88042 1.88042 -48.534 2.19574 -48.534 2.10952 2.10952 -48.6692 1.9507 -48.6692 1.29223 1.29223 -50.251 -0.609033 -50.251 -3.47102 -3.47102 -53.5373 -9.42444 -53.5373 
