0 0 0 0 0 0 0 0 0 -50 0 -50 0 -50 0 -50 -8.47033e-014 -50 -8.47033e-014 -50 -1.41172e-014 -1.41172e-014 -1.41172e-014 -1.41172e-014 7.05861e-014 7.05861e-014 2.82344e-014 0 0 0 -8.47033e-014 -8.47033e-014 -50 -50 -50 -50 -50 -50 
0.0004801 0.158333 3943 -0.0158826 0.170173 -19.3526 -29.7541 5.89741 0.00134975 -50.0161 -0.013663 -50.0168 -0.0147112 -50.0104 -0.0111215 -50.0128 -0.0131836 -50.015 -0.0166668 -50.0203 -0.0144717 -0.0110761 -0.0115809 -0.00964112 -0.0142759 -0.001556 0.00134975 -0.013663 -0.0147112 -0.0111215 -0.0131836 -0.0166668 -50.0161 -50.0168 -50.0104 -50.0128 -50.015 -50.0203 
0.0009701 0.321667 8233.84 -0.0421251 0.378383 -52.1544 -59.7516 0 -0.0209474 -50.0351 -0.03297 -50.0339 -0.0315983 -50.0348 -0.0357075 -50.0364 -0.0348146 -50.0361 -0.0382341 -50.0317 -0.0375629 -0.0353486 -0.0326818 -0.0341998 -0.0337577 -0.0328481 -0.0208894 -0.0330986 -0.0315396 -0.0356581 -0.0348122 -0.0381798 -50.0353 -50.0335 -50.0351 -50.0364 -50.0361 -50.0317 
0.0014601 0.485 12643.1 -0.0656494 0.599439 -81.5601 -88.8156 0 -0.039291 -50.0551 -0.0532169 -50.055 -0.053905 -50.0533 -0.0553205 -50.0558 -0.0546985 -50.0538 -0.0546913 -50.0455 -0.0548971 -0.0531421 -0.0568425 -0.0561746 -0.0550343 -0.0404752 -0.0395209 -0.0535224 -0.0541556 -0.0554413 -0.0545043 -0.0546684 -50.0546 -50.0547 -50.0532 -50.0559 -50.0535 -50.0458 
0.0019501 0.648333 17147.2 -0.086673 0.821686 -107.84 -115.123 0 -0.0595074 -50.0723 -0.0708759 -50.0699 -0.0727443 -50.0717 -0.0700837 -50.0708 -0.070413 -50.0695 -0.0722245 -50.0623 -0.0723904 -0.0712186 -0.0736759 -0.070994 -0.0714726 -0.0586172 -0.0593544 -0.0710234 -0.0717215 -0.0694583 -0.0699747 -0.0718041 -50.0718 -50.0702 -50.072 -50.0705 -50.0696 -50.062 
0.0024401 0.811667 21746.8 -0.104361 1.04374 -129.95 -139.086 0 -0.0736828 -50.0873 -0.0868905 -50.0862 -0.0854322 -50.0837 -0.0852585 -50.0852 -0.0841261 -50.0836 -0.0841118 -50.0774 -0.0890059 -0.0860098 -0.085176 -0.0851132 -0.084364 -0.0702847 -0.0735611 -0.0868695 -0.0850215 -0.0847673 -0.0841687 -0.0844059 -50.0869 -50.0869 -50.0834 -50.0847 -50.0839 -50.0774 
0.0029301 0.975 26428.8 -0.119296 1.26645 -148.619 -155.203 0 -0.0863342 -50.0989 -0.0979076 -50.0967 -0.0975548 -50.098 -0.097308 -50.095 -0.0956966 -50.0961 -0.0969743 -50.0897 -0.0993204 -0.0975977 -0.0970084 -0.0963903 -0.0968978 -0.0855201 -0.0864549 -0.0973076 -0.097614 -0.0966735 -0.0958819 -0.0968717 -50.0991 -50.0966 -50.0975 -50.095 -50.0957 -50.0896 
0.0034201 1.13833 31190 -0.130775 1.48617 -162.967 -168.418 0 -0.0936081 -50.1071 -0.106458 -50.1061 -0.105922 -50.105 -0.106003 -50.1069 -0.105897 -50.106 -0.106742 -50.0999 -0.107779 -0.106297 -0.106259 -0.10602 -0.106114 -0.093831 -0.0933728 -0.106651 -0.105737 -0.106116 -0.106066 -0.107011 -50.1071 -50.1067 -50.105 -50.1072 -50.106 -50.0996 
0.0039101 1.30167 36023.3 -0.139134 1.70325 -173.416 -181.276 0 -0.097584 -50.1113 -0.112047 -50.1132 -0.114167 -50.1131 -0.111195 -50.1112 -0.113889 -50.1127 -0.114598 -50.112 -0.113478 -0.112573 -0.113282 -0.113287 -0.111933 -0.098668 -0.0976377 -0.112354 -0.114234 -0.111254 -0.113455 -0.116012 -50.1112 -50.1132 -50.1141 -50.1113 -50.1117 -50.1124 
0.0044001 1.465 40928.8 -0.144508 1.91842 -180.133 -186.654 0 -0.101352 -50.1165 -0.11611 -50.1175 -0.118961 -50.1183 -0.117346 -50.1163 -0.116641 -50.1175 -0.117788 -50.1172 -0.116041 -0.117806 -0.118021 -0.114784 -0.119455 -0.102734 -0.101707 -0.115921 -0.118411 -0.116525 -0.117394 -0.116061 -50.1163 -50.117 -50.118 -50.1156 -50.1194 -50.1156 
0.0048901 1.62833 45899.9 -0.146758 2.13054 -182.947 -191.039 0 -0.103883 -50.1173 -0.119304 -50.1189 -0.12143 -50.1201 -0.118995 -50.1179 -0.11784 -50.1152 -0.122261 -50.1178 -0.117924 -0.121861 -0.11883 -0.118174 -0.118646 -0.104681 -0.104006 -0.119288 -0.121 -0.118704 -0.118388 -0.121192 -50.1172 -50.1187 -50.1208 -50.1176 -50.1173 -50.117 
0.0053801 1.79167 50931.3 -0.146733 2.34237 -182.915 -193.624 0 -0.106458 -50.1203 -0.119832 -50.1214 -0.118523 -50.1175 -0.116768 -50.1182 -0.118384 -50.1143 -0.123715 -50.1141 -0.122404 -0.118079 -0.117764 -0.116351 -0.123918 -0.104844 -0.106245 -0.120053 -0.118726 -0.116618 -0.118926 -0.122472 -50.1203 -50.1213 -50.1177 -50.1175 -50.1153 -50.1135 
0.0058701 1.955 56025.2 -0.143679 2.54967 -179.098 -189.373 0 -0.105037 -50.1183 -0.118532 -50.1153 -0.116643 -50.1175 -0.116211 -50.1148 -0.115354 -50.1212 -0.112981 -50.1066 -0.11943 -0.119195 -0.115177 -0.117144 -0.110937 -0.108066 -0.104964 -0.118749 -0.116666 -0.116496 -0.115086 -0.114168 -50.1184 -50.1157 -50.1176 -50.1148 -50.1197 -50.1076 
0.0063601 2.11833 61174.6 -0.137954 2.75522 -171.943 -183.888 0 -0.102346 -50.1141 -0.112539 -50.1131 -0.111816 -50.1104 -0.110032 -50.1113 -0.112988 -50.1077 -0.114594 -50.1027 -0.114571 -0.111532 -0.111052 -0.110611 -0.11769 -0.098443 -0.102409 -0.112459 -0.111784 -0.109728 -0.113285 -0.113403 -50.1142 -50.1131 -50.1106 -50.1113 -50.1093 -50.102 
0.0068501 2.28167 66382.5 -0.129402 2.95637 -161.252 -170.725 0 -0.0951717 -50.1086 -0.105978 -50.0987 -0.104087 -50.1054 -0.105484 -50.1022 -0.105751 -50.104 -0.10544 -50.0993 -0.109257 -0.106484 -0.104959 -0.106704 -0.106014 -0.0915784 -0.0950528 -0.106074 -0.1041 -0.105499 -0.105754 -0.106502 -50.1084 -50.0989 -50.1053 -50.1023 -50.1035 -50.0993 
0.0073401 2.445 71636.9 -0.11869 3.15586 -147.862 -155.075 0 -0.0848439 -50.0969 -0.0955105 -50.0977 -0.0955754 -50.0939 -0.0945015 -50.0973 -0.0970383 -50.0992 -0.0980928 -50.0889 -0.0970853 -0.0953346 -0.0951985 -0.094543 -0.0958552 -0.0904195 -0.0846756 -0.0958197 -0.0958133 -0.0944555 -0.0967966 -0.0992449 -50.0972 -50.0978 -50.0939 -50.0969 -50.0987 -50.0893 
0.0078301 2.60833 76947 -0.104868 3.35088 -130.585 -139.381 0 -0.0702014 -50.084 -0.0850251 -50.0882 -0.0854003 -50.0837 -0.08369 -50.0858 -0.0853553 -50.0892 -0.0859875 -50.0812 -0.0852805 -0.0854752 -0.0840896 -0.0838912 -0.0841755 -0.0774481 -0.0704679 -0.0850368 -0.0855685 -0.0833808 -0.0853767 -0.0869752 -50.0842 -50.0882 -50.0835 -50.0858 -50.089 -50.0812 
