0 3e-006 -0.00740477
0.0001 0.000303 0.0938358
0.0002 0.000603 0.194614
0.0003 0.000903 0.299243
0.0004 0.001203 0.404337
0.0005 0.001503 0.510502
0.0006 0.001803 0.617375
0.0007 0.002103 0.724597
0.0008 0.002403 0.832186
0.0009 0.002703 0.940094
0.001 0.003003 1.04823
0.0011 0.002703 0.938185
0.0012 0.002403 0.830378
0.0013 0.002103 0.722736
0.0014 0.001803 0.615484
0.0015 0.001503 0.508727
0.0016 0.001203 0.402609
0.0017 0.000903 0.297392
0.0018 0.000603 0.19352
0.0019 0.000885 0.292828
0.002 0.001185 0.398096
0.0021 0.001485 0.504136
0.0022 0.001785 0.610903
0.0023 0.002085 0.718155
0.0024 0.002385 0.82574
0.0025 0.002685 0.933615
0.0026 0.002985 1.04173
0.0027 0.002721 0.944633
0.0028 0.002421 0.836845
0.0029 0.002121 0.729183
0.003 0.001821 0.621906
0.0031 0.001521 0.515116
0.0032 0.001221 0.408954
0.0033 0.000921 0.303672
0.0034 0.000621 0.199702
0.0035 0.000867 0.286569
0.0036 0.001167 0.39175
0.0037 0.001467 0.497741
0.0038 0.001767 0.604488
0.0039 0.002067 0.711712
0.004 0.002367 0.819273
0.0041 0.002667 0.927134
0.0042 0.002967 1.03524
0.0043 0.002739 0.951082
0.0044 0.002439 0.843308
0.0045 0.002139 0.73563
0.0046 0.001839 0.628331
0.0047 0.001539 0.521509
0.0048 0.001239 0.415301
0.0049 0.000939 0.309958
0.005 0.000639 0.205892
0.0051 0.000849 0.280321
0.0052 0.001149 0.385402
0.0053 0.001449 0.491351
