0 0 0 0 0 0 0 0 0 0 0 0 0 0 0 0 0 0 0 0 0 0 0 0 0 0 0 0 0 0 0 0 0 0 0 0 0 0 0 0 0 0 0 0 0 0 0 0 0 0 0 0 0 0 0 0 0 0 0 0 0 0 0 0 0 0 0 0 0 0 0 0 0 0 0 0 0 0 0 0 0 0 0 0 0 0 0 0 0 0 0 0 0 0 0 0 0 0 0 0 0 0 0 0 0 0 0 0 0 0 0 0 0 0 0 0 0 0 0 0 0 0 0 0 0 0 0 0 0 0 0 0 0 0 0 0 0 0 0 0 0 0 0 0 0 0 0 0 0 0 0 0 0 0 0 0 0 0 0 0 0 0 0 0 0 0 0 0 0 0 0 0 0 0 0 0 0 0 0 0 0 0 0 0 0 0 0 0 0 0 0 0 0 0 0 0 0 0 0 0 0 0 0 0 0 0 0 0 0 0 0 
0 0 0 0 0 0 0 0 0 0 0 0 0 0 0 0 0 0 0 0 0 0 0 0 0 0 0 0 0 0 0 0 0 0 0 0 0 0 0 0 0 0 0 0 0 0 0 0 0 0 0 0 0 0 0 0 0 0 0 0 0 0 0 0 0 0 0 0 0 0 0 0 0 0 0 0 0 0 0 0 0 0 0 0 0 0 0 0 0 0 0 0 0 0 0 0 0 0 0 0 0 0 0 0 0 0 0 0 0 0 0 0 0 0 0 0 0 0 0 0 0 0 0 0 0 0 0 0 0 0 0 0 0 0 0 0 0 0 0 0 0 0 0 0 0 0 0 0 0 0 0 0 0 0 0 0 0 0 0 0 0 0 0 0 0 0 0 0 0 0 0 0 0 0 0 0 0 0 0 0 0 0 0 0 0 0 0 0 0 0 0 0 0 0 0 0 0 0 0 0 0 0 0 0 0 0 0 0 0 0 0 
0 0 0 0 0 0 0 0 0 0 0 0 0 0 0 0 0 0 0 0 0 0 0 0 0 0 0 0 0 0 0 0 0 0 0 0 0 0 0 0 0 0 0 0 0 0 0 0 0 0 0 0 0 0 0 0 0 0 0 0 0 0 0 0 0 0 0 0 0 0 0 0 0 0 0 0 0 0 0 0 0 0 0 0 0 0 0 0 0 0 0 0 0 0 0 0 0 0 0 0 0 0 0 0 0 0 0 0 0 0 0 0 0 0 0 0 0 0 0 0 0 0 0 0 0 0 0 0 0 0 0 0 0 0 0 0 0 0 0 0 0 0 0 0 0 0 0 0 0 0 0 0 0 0 0 0 0 0 0 0 0 0 0 0 0 0 0 0 0 0 0 0 0 0 0 0 0 0 0 0 0 0 0 0 0 0 0 0 0 0 0 0 0 0 0 0 0 0 0 0 0 0 0 0 0 0 0 0 0 0 0 
0 0 0 0 0 0 0 0 0 0 0 0 0 0 0 0 0 0 0 0 0 0 0 0 0 0 0 0 0 0 0 0 0 0 0 0 0 0 0 0 0 0 0 0 0 0 0 0 0 0 0 0 0 0 0 0 0 0 0 0 0 0 0 0 0 0 0 0 0 0 0 0 0 0 0 0 0 0 0 0 0 0 0 0 0 0 0 0 0 0 0 0 0 0 0 0 0 0 0 0 0 0 0 0 0 0 0 0 0 0 0 0 0 0 0 0 0 0 0 0 0 0 0 0 0 0 0 0 0 0 0 0 0 0 0 0 0 0 0 0 0 0 0 0 0 0 0 0 0 0 0 0 0 0 0 0 0 0 0 0 0 0 0 0 0 0 0 0 0 0 0 0 0 0 0 0 0 0 0 0 0 0 0 0 0 0 0 0 0 0 0 0 0 0 0 0 0 0 0 0 0 0 0 0 0 0 0 0 0 0 0 
0 0 0 0 0 0 0 0 0 0 0 0 0 0 0 0 0 0 0 0 0 0 0 0 0 0 0 0 0 0 0 0 0 0 0 0 0 0 0 0 0 0 0 0 0 0 0 0 0 0 0 0 0 0 0 0 0 0 0 0 0 0 0 0 0 0 0 0 0 0 0 0 0 0 0 0 0 0 0 0 0 0 0 0 0 0 0 0 0 0 0 0 0 0 0 0 0 0 0 0 0 0 0 0 0 0 0 0 0 0 0 0 0 0 0 0 0 0 0 0 0 0 0 0 0 0 0 0 0 0 0 0 0 0 0 0 0 0 0 0 0 0 0 0 0 0 0 0 0 0 0 0 0 0 0 0 0 0 0 0 0 0 0 0 0 0 0 0 0 0 0 0 0 0 0 0 0 0 0 0 0 0 0 0 0 0 0 0 0 0 0 0 0 0 0 0 0 0 0 0 0 0 0 0 0 0 0 0 0 0 0 
0 0 0 0 0 0 0 0 0 0 0 0 0 0 0 0 0 0 0 0 0 0 0 0 0 0 0 0 0 0 0 0 0 0 0 0 0 0 0 0 0 0 0 0 0 0 0 0 0 0 0 0 0 0 0 0 0 0 0 0 0 0 0 0 0 0 0 0 0 0 0 0 0 0 0 0 0 0 0 0 0 0 0 0 0 0 0 0 0 0 0 0 0 0 0 0 0 0 0 0 0 0 0 0 0 0 0 0 0 0 0 0 0 0 0 0 0 0 0 0 0 0 0 0 0 0 0 0 0 0 0 0 0 0 0 0 0 0 0 0 0 0 0 0 0 0 0 0 0 0 0 0 0 0 0 0 0 0 0 0 0 0 0 0 0 0 0 0 0 0 0 0 0 0 0 0 0 0 0 0 0 0 0 0 0 0 0 0 0 0 0 0 0 0 0 0 0 0 0 0 0 0 0 0 0 0 0 0 0 0 0 
0 0 0 0 0 0 0 0 0 0 0 0 0 0 0 0 0 0 0 0 0 0 0 0 0 0 0 0 0 0 0 0 0 0 0 0 0 0 0 0 0 0 0 0 0 0 0 0 0 0 0 0 0 0 0 0 0 0 0 0 0 0 0 0 0 0 0 0 0 0 0 0 0 0 0 0 0 0 0 0 0 0 0 0 0 0 0 0 0 0 0 0 0 0 0 0 0 0 0 0 0 0 0 0 0 0 0 0 0 0 0 0 0 0 0 0 0 0 0 0 0 0 0 0 0 0 0 0 0 0 0 0 0 0 0 0 0 0 0 0 0 0 0 0 0 0 0 0 0 0 0 0 0 0 0 0 0 0 0 0 0 0 0 0 0 0 0 0 0 0 0 0 0 0 0 0 0 0 0 0 0 0 0 0 0 0 0 0 0 0 0 0 0 0 0 0 0 0 0 0 0 0 0 0 0 0 0 0 0 0 0 
0 0 0 0 0 0 0 0 0 0 0 0 0 0 0 0 0 0 0 0 0 0 0 0 0 0 0 0 0 0 0 0 0 0 0 0 0 0 0 0 0 0 0 0 0 0 0 0 0 0 0 0 0 0 0 0 0 0 0 0 0 0 0 0 0 0 0 0 0 0 0 0 0 0 0 0 0 0 0 0 0 0 0 0 0 0 0 0 0 0 0 0 0 0 0 0 0 0 0 0 0 0 0 0 0 0 0 0 0 0 0 0 0 0 0 0 0 0 0 0 0 0 0 0 0 0 0 0 0 0 0 0 0 0 0 0 0 0 0 0 0 0 0 0 0 0 0 0 0 0 0 0 0 0 0 0 0 0 0 0 0 0 0 0 0 0 0 0 0 0 0 0 0 0 0 0 0 0 0 0 0 0 0 0 0 0 0 0 0 0 0 0 0 0 0 0 0 0 0 0 0 0 0 0 0 0 0 0 0 0 0 
0 0 0 0 0 0 0 0 0 0 0 0 0 0 0 0 0 0 0 0 0 0 0 0 0 0 0 0 0 0 0 0 0 0 0 0 0 0 0 0 0 0 0 0 0 0 0 0 0 0 0 0 0 0 0 0 0 0 0 0 0 0 0 0 0 0 0 0 0 0 0 0 0 0 0 0 0 0 0 0 0 0 0 0 0 0 0 0 0 0 0 0 0 0 0 0 0 0 0 0 0 0 0 0 0 0 0 0 0 0 0 0 0 0 0 0 0 0 0 0 0 0 0 0 0 0 0 0 0 0 0 0 0 0 0 0 0 0 0 0 0 0 0 0 0 0 0 0 0 0 0 0 0 0 0 0 0 0 0 0 0 0 0 0 0 0 0 0 0 0 0 0 0 0 0 0 0 0 0 0 0 0 0 0 0 0 0 0 0 0 0 0 0 0 0 0 0 0 0 0 0 0 0 0 0 0 0 0 0 0 0 
0 0 0 0 0 0 0 0 0 0 0 0 0 0 0 0 0 0 0 0 0 0 0 0 0 0 0 0 0 0 0 0 0 0 0 0 0 0 0 0 0 0 0 0 0 0 0 0 0 0 0 0 0 0 0 0 0 0 0 0 0 0 0 0.219688 0 0 0 -0.0754043 0 0.0423842 0 0 0 0 0 0 0 0 0 0 0 0 0 0.0343825 0 0 0 0 0 0 0 0 0 0 0 0 0 0 0 0 0 0 0 0 0 0 0 0 0 0 0 0 0 0 0 0 0 0 0 0 0 0 0 0 0 0 0 0 0 0 0 0 0 0 0 0 0 0 0 0 0 0 0 0 0 0 0 0 0.00689768 0 0 0 0 0 0 0 0 0 0 0 0 0 0 0 0 0 0 0 0 0 0 0 0 0 0 0 0 0 0 0 0 0 0 0 0 0 0 0 0 0 0 0 0.395352 0 0 0 0 0 0 0 0 0 0 0 0 0 0 0 0 0 0 
0 0 0 0 0 0 0 0 0 0 0 0 0 0 0 0 0 0 0 0 0 0 0 0 0 0 0 0 0 0 0 0 0 0 0 0 0 0 0 0 0 0 0 0 0 0 0 0 0 0 0 0 0 0 0 0 0 -0.00182304 -0.00197834 -0.00230702 -0.0118496 0.00276949 0.0185703 0.0256612 0.0514214 0.0566666 0.0875907 0.108558 0.12789 0.154597 0.146123 0.160823 0.155757 0.166051 0.161699 0.16579 0.163658 0.166998 0.1596 0.167626 0.169623 0.160877 0.170372 0.154689 0.159386 0.164895 0.150373 0.162074 0.148158 0.160799 0.154226 0.157609 0.144684 0.155108 0.146086 0.147765 0.147076 0.143311 0.144528 0.13967 0.141017 0.139756 0.140227 0.13646 0.141561 0.140477 0.143637 0.146187 0.137504 0.142913 0.136107 0.131416 0.12651 0.128293 0.132871 0.127835 0.12299 0.121216 0.117993 0.120868 0.118307 0.121546 0.125146 0.112795 0.124881 0.110671 0.115007 0.115645 0.111723 0.109489 0.109195 0.112125 0.117719 0.11975 0.111875 0.120559 0.120287 0.11461 0.125899 0.118999 0.137321 0.125345 0.126035 0.137786 0.127642 0.123257 0.129504 0.136437 0.113136 0.138016 0.122825 0.136439 0.138608 0.133859 0.159433 0.145232 0.173017 0.165046 0.148916 0.13938 0.158436 0.147572 0.155872 0.169713 0.144831 0.215913 0.191437 0.24142 0.204607 0.230699 0.187261 0.230063 0.222451 0.177149 0.282985 0.231538 0.229919 0.209254 0.498234 0.332287 0.471406 0.375066 0.41598 0.319281 0.277813 0.378242 0.484459 0.476312 0.419323 1.27332 0.505481 0.539483 0.469126 1.12732 0.341597 1.33285 1.35094 -0.0144993 0 0 0 0 0 0 0 0 0 0 0 0 0 
0 0 0 0 0 0 0 0 0 0 0 0 0 0 0 0 0 0 0 0 0 0 0 0 0 0 0 0 0 0 0 0 0 0 0 0 0 0 0 0 0 0 0 0 0 0 0 0 0 0 0 0 0 0 0 0 0 -0.00024437 -0.00169833 -0.00855983 0.0148053 0.0175112 0.0299866 0.0516402 0.0877576 0.121508 0.136078 0.151773 0.163894 0.182247 0.233558 0.252578 0.274966 0.308612 0.326051 0.37479 0.370308 0.385286 0.410617 0.4015 0.434721 0.415165 0.42992 0.474446 0.477603 0.482785 0.519228 0.428783 0.484717 0.517075 0.419628 0.463815 0.520018 0.505968 0.474196 0.534674 0.440961 0.410317 0.410782 0.460859 0.452914 0.481782 0.50777 0.366871 0.376009 0.463127 0.411974 0.346106 0.367776 0.328012 0.351838 0.276508 0.254554 0.362884 0.445971 0.32903 0.312692 0.341807 0.221627 0.246288 0.178784 0.222822 0.237428 0.268844 0.178855 0.239068 0.291123 0.266723 0.200527 0.179976 0.162538 0.199975 0.297528 0.389438 0.383471 0.378242 0.278097 0.279737 0.322044 0.295175 0.245071 0.342595 0.351712 0.293122 0.409114 0.382774 0.377264 0.412495 0.557621 0.568808 0.554458 0.637173 0.653375 0.640946 0.577135 0.661576 0.701151 0.574286 0.666774 0.68127 0.59768 0.725748 0.793237 0.777139 0.752968 0.800162 0.754237 0.822157 0.747126 0.828324 0.99154 0.842914 0.837731 1.09647 0.907608 0.938338 1.00837 1.10498 1.09108 1.09569 1.1371 1.13209 1.01462 1.20855 1.24496 1.2448 1.27519 1.27213 1.21376 1.22082 1.18678 1.19003 1.25013 1.3097 1.33666 1.35438 1.37322 0.640076 0 0 0 0 0 0 0 0 0 0 0 0 0 
0 0 0 0 0 0 0 0 0 0 0 0 0 0 0 0 0 0 0 0 0 0 0 0 0 0 0 0 0 0 0 0 0 0 0 0 0 0 0 0 0 0 0 0 0 0 0 0 0 0 0 0 0 0 0 0 0 0 -0.00120502 0.00828116 0.0223135 0.0159842 0.0168741 0.0835041 0.0674949 0.148741 0.148265 0.198357 0.254058 0.284178 0.274523 0.286525 0.300879 0.333505 0.374613 0.425526 0.451889 0.475063 0.459741 0.547312 0.54137 0.6059 0.583828 0.603928 0.597671 0.62715 0.63353 0.64623 0.643572 0.658582 0.661727 0.693644 0.711757 0.706001 0.749265 0.72227 0.728184 0.748318 0.74102 0.748765 0.750988 0.745841 0.737632 0.742181 0.752943 0.728348 0.751612 0.718373 0.719952 0.724628 0.744758 0.724399 0.748848 0.75243 0.717329 0.76577 0.741956 0.745973 0.716885 0.735388 0.739075 0.724817 0.72572 0.727251 0.725489 0.727124 0.731012 0.703918 0.740098 0.757142 0.754952 0.760341 0.767737 0.762898 0.758432 0.737671 0.765841 0.779999 0.785147 0.782397 0.698873 0.770788 0.75802 0.793591 0.808912 0.766394 0.805089 0.769892 0.787382 0.786204 0.821403 0.823481 0.793112 0.855306 0.855493 0.858265 0.908997 0.883239 0.828524 0.880766 0.886177 0.873719 0.927068 0.902843 0.937897 0.90831 0.957918 1.01321 0.982036 1.01728 0.931836 0.978654 0.977258 1.08398 1.05804 1.21164 1.18716 1.20959 1.18385 1.25223 1.2863 1.21955 1.26534 1.24693 1.26134 1.2475 1.24959 1.31612 1.24941 1.30284 1.3078 1.30847 1.33024 1.33932 1.37627 1.36262 1.38231 0.0563036 0 0 0 0 0 0 0 0 0 0 0 0 0 
0 0 0 0 0 0 0 0 0 0 0 0 0 0 0 0 0 0 0 0 0 0 0 0 0 0 0 0 0 0 0 0 0 0 0 0 0 0 0 0 0 0 0 0 0 0 0 0 0 0 0 0 0 0 0 0 0 -0.000503522 -0.00162491 -0.0118501 0.00691578 0.0208884 0.0640424 0.0894469 0.0944137 0.145246 0.213525 0.219245 0.27033 0.30129 0.377178 0.392254 0.469591 0.49382 0.553149 0.584647 0.644646 0.651653 0.703366 0.681792 0.71704 0.750939 0.772896 0.782209 0.82262 0.816117 0.823268 0.806963 0.837871 0.849961 0.906072 0.904465 0.928226 0.965228 0.93764 0.950656 0.955472 0.944659 0.966665 0.998217 1.00667 1.00288 1.02423 0.993329 1.04474 0.990245 0.995776 1.00827 1.03622 1.02119 0.997699 1.01374 1.03638 1.06007 1.05823 1.03852 1.08456 1.04317 1.07924 0.9908 1.06888 0.969735 1.0314 1.05184 1.00557 1.07019 1.06485 1.06303 1.01979 1.02589 1.06006 1.08223 1.06719 1.08499 0.951528 0.965122 1.0003 0.983579 1.08323 0.996735 1.02201 0.906675 1.0838 1.08487 0.93511 0.988131 0.949784 0.980675 1.01055 0.984805 0.997875 1.05363 1.05461 1.13255 1.13846 1.14935 1.08368 1.0446 0.964663 1.06689 1.13369 1.10798 1.1148 1.14937 1.07853 1.11977 1.18558 1.05141 1.13838 1.05785 1.07839 1.11999 1.15991 1.13366 1.18529 1.29219 1.31096 1.32536 1.32241 1.34049 1.32369 1.36062 1.33735 1.25197 1.24258 1.31953 1.3155 1.32945 1.30474 1.34635 1.35547 1.35942 1.37049 1.36988 1.36622 1.39347 1.40714 0.620961 0 0 0 0 0 0 0 0 0 0 0 0 0 
0 0 0 0 0 0 0 0 0 0 0 0 0 0 0 0 0 0 0 0 0 0 0 0 0 0 0 0 0 0 0 0 0 0 0 0 0 0 0 0 0 0 0 0 0 0 0 0 0 0 0 0 0 0 0 0 0 0 0.0033967 0.00539749 0.00723936 0.0702765 0.0724844 0.129924 0.144824 0.230434 0.284065 0.311356 0.350186 0.433656 0.458479 0.563241 0.610836 0.634837 0.683651 0.701394 0.760003 0.788804 0.835226 0.872342 0.878496 0.904407 0.898228 0.905159 0.871984 0.951715 0.947451 0.970617 0.972379 1.00956 1.01877 0.994001 1.0163 1.05892 1.03702 1.05549 1.06941 1.01272 1.03454 1.0882 1.11255 1.13338 1.12974 1.09468 1.10891 1.1153 1.11271 1.06411 1.06285 1.06532 1.10851 1.10719 1.07356 1.04515 1.13587 1.11034 1.05675 1.06891 1.08442 1.1254 1.09329 1.17655 1.02915 1.11754 1.08969 1.11374 1.08759 1.1292 1.15455 1.16121 1.19054 1.18852 1.20862 1.11404 1.1655 1.07981 1.13046 1.12266 1.02369 1.13227 1.12232 1.13711 1.18774 1.17215 1.18794 1.17844 1.13886 1.12363 1.12663 1.13971 1.14134 1.15722 1.205 1.23334 1.22748 1.1152 1.0675 1.05651 1.12805 1.11369 1.2256 1.26329 1.26383 1.28015 1.13144 1.08996 1.18718 1.18087 1.14389 1.21921 1.11514 1.12016 1.22585 1.15072 1.20127 1.3822 1.39617 1.3948 1.33565 1.34476 1.30429 1.36726 1.27503 1.27288 1.25563 1.33035 1.25401 1.22331 1.24722 1.33416 1.36121 1.37173 1.37967 1.39174 1.41795 1.41983 1.43021 0.0890378 0 0 0 0 0 0 0 0 0 0 0 0 0 
0 0 0 0 0 0 0 0 0 0 0 0 0 0 0 0 0 0 0 0 0 0 0 0 0 0 0 0 0 0 0 0 0 0 0 0 0 0 0 0 0 0 0 0 0 0 0 0 0 0 0 0 0 0 0 0 0 -0.00164652 -0.000109592 0.00797619 0.0890695 0.0396544 0.123507 0.210196 0.252461 0.305596 0.366643 0.467515 0.537957 0.577267 0.644542 0.680318 0.752188 0.780121 0.827762 0.870768 0.898779 0.932104 0.932372 0.959473 0.960822 1.01906 1.04744 1.00107 1.06962 1.0663 1.06824 1.076 1.11944 1.09698 1.14408 1.16257 1.16939 1.17327 1.19259 1.16847 1.18274 1.19292 1.19397 1.23468 1.23668 1.21244 1.22423 1.24847 1.22341 1.246 1.25269 1.29671 1.24692 1.2416 1.265 1.24078 1.27813 1.25931 1.24633 1.23968 1.26669 1.27334 1.3026 1.28168 1.31396 1.3118 1.3132 1.2684 1.32193 1.21786 1.29081 1.24125 1.27993 1.2611 1.35341 1.37621 1.35344 1.29976 1.2902 1.30634 1.21549 1.36474 1.35071 1.25247 1.33706 1.23554 1.3778 1.32384 1.25043 1.32832 1.29287 1.31041 1.26607 1.2298 1.2917 1.32278 1.30111 1.32988 1.31081 1.22038 1.21684 1.28012 1.27089 1.24431 1.23506 1.33124 1.25029 1.2183 1.29262 1.29139 1.23824 1.21485 1.27942 1.30119 1.31028 1.31494 1.34285 1.29313 1.33061 1.30771 1.40763 1.3746 1.29668 1.36656 1.26646 1.23029 1.22247 1.36207 1.25609 1.28861 1.25484 1.25413 1.29848 1.3539 1.34623 1.38315 1.36874 1.40044 1.4039 1.42429 1.44241 0 0 0 0 0 0 0 0 0 0 0 0 0 0 
0 0 0 0 0 0 0 0 0 0 0 0 0 0 0 0 0 0 0 0 0 0 0 0 0 0 0 0 0 0 0 0 0 0 0 0 0 0 0 0 0 0 0 0 0 0 0 0 0 0 0 0 0 0 0 0 0 -0.00491694 -0.00243829 -0.00327407 0.0263113 0.0883059 0.226881 0.292445 0.333475 0.458066 0.562993 0.609037 0.669166 0.736328 0.781587 0.84537 0.844524 0.925517 0.958013 0.989177 0.983517 1.00861 1.07445 1.05638 1.10626 1.07694 1.11827 1.14173 1.11787 1.15726 1.14945 1.18762 1.16812 1.20276 1.211 1.21643 1.2198 1.24666 1.21918 1.24257 1.24122 1.24004 1.25627 1.23415 1.22466 1.27683 1.28003 1.25499 1.2554 1.23094 1.237 1.20058 1.28112 1.2943 1.2507 1.27909 1.26928 1.25447 1.27356 1.31601 1.29869 1.292 1.29671 1.32729 1.28416 1.33862 1.28129 1.3191 1.27609 1.38254 1.28839 1.35252 1.24161 1.26 1.36695 1.36805 1.38526 1.31932 1.40394 1.21043 1.33078 1.34657 1.20602 1.35972 1.32996 1.2615 1.30386 1.41581 1.27409 1.23592 1.24041 1.31608 1.30834 1.36961 1.2097 1.15643 1.38235 1.34709 1.44991 1.3185 1.26806 1.33099 1.32352 1.42662 1.35559 1.20137 1.24301 1.12199 1.24171 1.27602 1.25203 1.31454 1.29765 1.20639 1.41863 1.16743 1.34278 1.20689 1.23513 1.29129 1.28859 1.30037 1.36071 1.20802 1.22047 1.2583 1.2943 1.2039 1.27256 1.26695 1.3125 1.25677 1.29392 1.35568 1.29393 1.33613 1.3928 1.41336 1.42526 1.40942 1.44547 -0.0563463 0 0 0 0 0 0 0 0 0 0 0 0 0 
0 0 0 0 0 0 0 0 0 0 0 0 0 0 0 0 0 0 0 0 0 0 0 0 0 0 0 0 0 0 0 0 0 0 0 0 0 0 0 0 0 0 0 0 0 0 0 0 0 0 0 0 0 0 0 0 0 0.00262178 -0.0011188 -0.00548518 0.14053 0.133681 0.315211 0.446839 0.52981 0.634912 0.68596 0.746292 0.818197 0.896725 0.954275 0.967701 1.04057 1.03817 1.07681 1.0761 1.11933 1.13773 1.12279 1.14945 1.12712 1.18749 1.19939 1.19296 1.21285 1.23956 1.21781 1.19412 1.2681 1.22942 1.24412 1.23887 1.2516 1.19637 1.25939 1.26931 1.25363 1.24629 1.24232 1.25433 1.24583 1.23865 1.2892 1.30064 1.27961 1.34548 1.3197 1.39677 1.29977 1.29281 1.32377 1.29486 1.25971 1.34834 1.3676 1.30055 1.29946 1.29282 1.34853 1.30381 1.38689 1.38677 1.33649 1.36608 1.391 1.36922 1.39815 1.37202 1.42107 1.34533 1.4194 1.46038 1.42742 1.29694 1.4079 1.45111 1.31657 1.43891 1.39121 1.30046 1.45945 1.32902 1.41536 1.45228 1.33744 1.4265 1.42464 1.33743 1.35093 1.35375 1.34874 1.35413 1.37152 1.47245 1.47604 1.39315 1.43873 1.31271 1.33813 1.3408 1.29752 1.40594 1.30067 1.49746 1.37586 1.40469 1.36158 1.36008 1.24251 1.33246 1.33163 1.35601 1.3229 1.28871 1.25024 1.43477 1.27819 1.31311 1.306 1.33612 1.37669 1.30427 1.22908 1.28308 1.28049 1.32918 1.24107 1.27748 1.3622 1.34434 1.39131 1.36804 1.41937 1.40915 1.421 1.43319 1.45654 0 0 0 0 0 0 0 0 0 0 0 0 0 0 
0 0 0 0 0 0 0 0 0 0 0 0 0 0 0 0 0 0 0 0 0 0 0 0 0 0 0 0 0 0 0 0 0 0 0 0 0 0 0 0 0 0 0 0 0 0 0 0 0 0 0 0 0 0 0 0 0 0 0.00201861 0.0463347 0.272426 0.326011 0.554074 0.578449 0.660571 0.766212 0.855825 0.898454 0.968487 1.00161 1.07578 1.09117 1.09756 1.15114 1.14921 1.1892 1.19953 1.21439 1.22981 1.21155 1.26167 1.22387 1.26867 1.22772 1.25277 1.21398 1.26643 1.28892 1.26178 1.29872 1.2726 1.32205 1.31261 1.31206 1.31579 1.311 1.26628 1.32162 1.3096 1.32621 1.34254 1.33035 1.36672 1.36487 1.32564 1.31093 1.36231 1.32601 1.37618 1.40233 1.33773 1.38083 1.41711 1.33518 1.35501 1.41198 1.42186 1.39288 1.38148 1.42901 1.38942 1.3748 1.401 1.38644 1.38599 1.40949 1.42049 1.39507 1.41985 1.41019 1.40957 1.44261 1.448 1.46597 1.33108 1.45564 1.30554 1.44939 1.38906 1.46724 1.37443 1.38502 1.38465 1.45557 1.35902 1.34574 1.46665 1.38349 1.46889 1.42151 1.4112 1.43669 1.48137 1.51954 1.4921 1.44669 1.35249 1.32835 1.36748 1.45153 1.41809 1.26817 1.49911 1.25802 1.44463 1.29557 1.51068 1.28157 1.3638 1.50252 1.269 1.44284 1.37638 1.28888 1.35369 1.21669 1.3722 1.33546 1.31293 1.28522 1.25417 1.28974 1.25849 1.28488 1.36529 1.16886 1.24259 1.32502 1.20257 1.35706 1.30871 1.39972 1.38745 1.43336 1.41066 1.46356 1.46814 0.29654 0 0 0 0 0 0 0 0 0 0 0 0 0 
0 0 0 0 0 0 0 0 0 0 0 0 0 0 0 0 0 0 0 0 0 0 0 0 0 0 0 0 0 0 0 0 0 0 0 0 0 0 0 0 0 0 0 0 0 0 0 0 0 0 0 0 0 0 0 0 0 -0.000129896 -0.00340913 0.245659 0.411374 0.553411 0.70837 0.82402 0.876138 0.957689 1.04537 1.11795 1.12718 1.15472 1.20199 1.22853 1.2673 1.27115 1.24023 1.25639 1.26567 1.2931 1.23393 1.26169 1.26048 1.28032 1.29984 1.30685 1.30933 1.32169 1.29658 1.30473 1.31986 1.33466 1.32522 1.32738 1.29697 1.31312 1.34037 1.28983 1.35087 1.36848 1.34923 1.35501 1.34186 1.35837 1.35716 1.35321 1.33306 1.34022 1.33044 1.36304 1.30454 1.31709 1.37372 1.34358 1.35168 1.37781 1.38777 1.37856 1.34571 1.41165 1.38817 1.32295 1.38659 1.30197 1.36209 1.4086 1.40872 1.44926 1.46975 1.47747 1.39814 1.36696 1.37921 1.36958 1.46849 1.31541 1.4484 1.41474 1.47394 1.46501 1.4073 1.30047 1.50195 1.39073 1.29345 1.41597 1.46574 1.41168 1.37068 1.43106 1.3403 1.48878 1.35276 1.34816 1.41913 1.51748 1.43814 1.37348 1.42002 1.34642 1.41071 1.33936 1.37449 1.42979 1.29027 1.41825 1.24953 1.36512 1.27121 1.43732 1.42145 1.26635 1.36286 1.26049 1.26381 1.29553 1.22166 1.34281 1.22889 1.32633 1.33431 1.33507 1.30629 1.37589 1.32878 1.30091 1.27256 1.34896 1.25954 1.27176 1.25141 1.27207 1.35341 1.38581 1.39367 1.40966 1.44149 1.43339 1.47484 0 0 0 0 0 0 0 0 0 0 0 0 0 0 
0 0 0 0 0 0 0 0 0 0 0 0 0 0 0 0 0 0 0 0 0 0 0 0 0 0 0 0 0 0 0 0 0 0 0 0 0 0 0 0 0 0 0 0 0 0 0 0 0 0 0 0 0 0 0 0 0 0 0.085375 0.53546 0.74444 0.835655 0.96331 1.04647 1.14215 1.18391 1.20836 1.22785 1.26535 1.31073 1.31249 1.33026 1.33291 1.32912 1.3449 1.33042 1.32784 1.34185 1.35249 1.31657 1.33752 1.34323 1.34179 1.24923 1.35021 1.30022 1.31736 1.33411 1.32559 1.32392 1.30693 1.32981 1.33018 1.33954 1.33339 1.33639 1.33393 1.27895 1.33648 1.29668 1.2865 1.33223 1.28949 1.35843 1.29641 1.33932 1.38429 1.36942 1.36224 1.34465 1.32197 1.37742 1.42903 1.35056 1.36668 1.32874 1.42543 1.28916 1.43686 1.37641 1.40933 1.43624 1.34547 1.43182 1.3621 1.4184 1.42611 1.42238 1.44834 1.45328 1.44935 1.39585 1.4982 1.49745 1.4469 1.32941 1.46267 1.37182 1.48125 1.38165 1.40369 1.4292 1.48675 1.45244 1.39147 1.42302 1.53 1.36718 1.46149 1.42059 1.38766 1.4079 1.48591 1.54344 1.4632 1.48294 1.40427 1.40103 1.40548 1.34887 1.46742 1.29102 1.42079 1.40707 1.4057 1.41373 1.3947 1.42992 1.3457 1.33639 1.31868 1.39005 1.31403 1.31426 1.34857 1.33135 1.35698 1.29784 1.36163 1.30375 1.37491 1.27492 1.30457 1.26266 1.3578 1.29419 1.3363 1.26301 1.34861 1.32018 1.33907 1.35863 1.45324 1.41934 1.47055 1.4486 1.45405 0.0361553 0 0 0 0 0 0 0 0 0 0 0 0 0 
0 0 0 0 0 0 0 0 0 0 0 0 0.947771 2.2326 2.33475 3.05515 3.26745 3.44724 3.38828 3.38621 3.35538 3.35669 3.18548 3.13506 3.10273 2.95197 2.87853 2.81457 2.77472 2.62472 2.60751 2.4952 2.41194 2.32592 2.23391 2.08529 2.00477 1.91636 1.83652 1.78589 1.67471 1.62314 1.59741 1.52246 1.46678 1.40806 1.33673 1.28569 1.25125 1.19435 1.13221 1.08069 1.04336 1.01011 0.988001 0.943093 0.980248 1.04391 0.870604 0.972613 1.02592 1.16882 1.22898 1.25586 1.26322 1.32655 1.33567 1.35131 1.36514 1.38222 1.37577 1.36061 1.38002 1.35027 1.35045 1.36246 1.34335 1.35579 1.3264 1.3748 1.33607 1.34644 1.36276 1.35002 1.31951 1.32378 1.29943 1.29438 1.31753 1.33586 1.31647 1.3178 1.3475 1.31073 1.30419 1.33441 1.28703 1.32741 1.29011 1.32304 1.33069 1.31769 1.31862 1.341 1.31632 1.37417 1.32977 1.33554 1.36527 1.33714 1.34039 1.39533 1.35705 1.42566 1.44129 1.45907 1.43378 1.44257 1.44747 1.37732 1.33618 1.42977 1.41185 1.37783 1.40409 1.39911 1.40292 1.44615 1.43856 1.38888 1.39112 1.36044 1.34213 1.39309 1.39684 1.44493 1.44177 1.41048 1.50195 1.39429 1.48368 1.36547 1.40307 1.46716 1.46007 1.38069 1.33615 1.50181 1.39003 1.39778 1.4156 1.46388 1.37324 1.41838 1.41489 1.32284 1.45222 1.35803 1.27931 1.41497 1.41396 1.53572 1.29065 1.32087 1.50356 1.30432 1.32176 1.39785 1.38485 1.33996 1.36977 1.34222 1.44294 1.34619 1.2845 1.32248 1.31339 1.38918 1.29642 1.32042 1.22504 1.35364 1.27359 1.33625 1.27139 1.31158 1.27853 1.35058 1.25659 1.27669 1.36108 1.34096 1.33565 1.47 1.47141 1.46087 1.47573 0 0 0 0 0 0 0 0 0 0 0 0 0 0 
0 0 0 0 0 0 0 0 0 0 3.1373 3.00056 0.250529 1.17828 0.899634 1.2601 1.35579 1.40767 1.48113 1.55041 1.59151 1.62524 1.65179 1.7002 1.66183 1.68518 1.7257 1.68534 1.66309 1.64361 1.6577 1.60453 1.61212 1.59727 1.59594 1.58032 1.53377 1.51907 1.50611 1.44319 1.46632 1.383 1.37215 1.31294 1.30771 1.23444 1.21093 1.15598 1.13018 1.06967 1.04847 1.01695 0.978192 0.972668 0.947768 0.944436 0.990567 1.07739 1.32845 1.41118 1.40874 1.42606 1.42157 1.46332 1.46956 1.47111 1.47461 1.45704 1.46377 1.44034 1.4467 1.40327 1.42206 1.37144 1.38757 1.39215 1.40183 1.36305 1.37818 1.37579 1.37307 1.3645 1.33748 1.37287 1.35324 1.37928 1.37457 1.35765 1.34956 1.36481 1.35015 1.31618 1.3278 1.33659 1.30753 1.32552 1.31658 1.34448 1.36356 1.33013 1.33821 1.35833 1.34491 1.35702 1.35681 1.34116 1.33839 1.39222 1.32607 1.40118 1.40275 1.38777 1.41881 1.4272 1.43019 1.43514 1.43702 1.3085 1.37034 1.36435 1.35558 1.42208 1.39602 1.34926 1.42865 1.39638 1.41703 1.39211 1.4303 1.36366 1.48263 1.47871 1.33196 1.49583 1.43151 1.36786 1.49264 1.42595 1.39698 1.4817 1.30706 1.51471 1.40263 1.37281 1.43649 1.44473 1.46168 1.36263 1.51334 1.4891 1.37301 1.47256 1.44533 1.47627 1.36163 1.35957 1.38419 1.41904 1.49689 1.39472 1.41738 1.24712 1.39641 1.44975 1.25027 1.40101 1.38334 1.47124 1.30835 1.36689 1.29227 1.29525 1.26215 1.30402 1.4103 1.24204 1.32982 1.27066 1.34325 1.37224 1.3434 1.21969 1.36867 1.24338 1.33239 1.33291 1.29368 1.2691 1.29642 1.34381 1.36107 1.3837 1.41493 1.44679 1.40235 1.44476 1.47204 0.0396832 0 0 0 0 0 0 0 0 0 0 0 0 0 
0 0 0 0 0 0 0 0 0 0 -0.0613217 4.63308 0.64103 1.12078 1.16336 1.29744 1.42473 1.44201 1.46813 1.55428 1.57177 1.58919 1.61688 1.61865 1.62127 1.63265 1.65906 1.63034 1.63456 1.6437 1.62489 1.62078 1.59618 1.59697 1.57047 1.5586 1.56264 1.54287 1.51152 1.4919 1.48735 1.47845 1.47194 1.47503 1.45732 1.45264 1.45287 1.45235 1.43666 1.43217 1.44322 1.44867 1.4323 1.4694 1.47759 1.52387 1.54909 1.61063 1.65302 1.6526 1.65046 1.62582 1.60292 1.60426 1.57738 1.5633 1.54185 1.52489 1.50994 1.48339 1.46607 1.4756 1.43679 1.45695 1.42809 1.40976 1.39004 1.41813 1.39085 1.35225 1.35253 1.33992 1.35623 1.32823 1.3208 1.31859 1.31468 1.34075 1.3467 1.35187 1.309 1.34127 1.31292 1.28776 1.29907 1.35363 1.36268 1.35804 1.29493 1.37646 1.29382 1.29378 1.36622 1.30808 1.35101 1.3413 1.40849 1.41149 1.40762 1.38591 1.29866 1.41287 1.41552 1.42732 1.43247 1.42898 1.39086 1.41021 1.38208 1.43868 1.382 1.382 1.42258 1.37713 1.37684 1.43594 1.35446 1.48152 1.41084 1.44541 1.38056 1.41429 1.49696 1.41924 1.46224 1.40303 1.4278 1.43098 1.49063 1.42194 1.41522 1.39957 1.50449 1.51704 1.35776 1.47688 1.44579 1.51523 1.43167 1.43678 1.50807 1.39656 1.52171 1.35112 1.40254 1.48911 1.38391 1.46978 1.34157 1.36286 1.52148 1.36042 1.34782 1.43284 1.52519 1.38791 1.40778 1.25072 1.39772 1.37812 1.24273 1.39744 1.38967 1.29155 1.33204 1.4492 1.34685 1.32213 1.32631 1.32295 1.26255 1.4777 1.28762 1.33637 1.28606 1.33972 1.33977 1.36761 1.35366 1.23838 1.33863 1.36263 1.41395 1.41963 1.42565 1.45728 1.4696 0 0 0 0 0 0 0 0 0 0 0 0 0 0 
0 0 0 0 0 0 0 0 0 0 3.13246 3.31026 0.491958 1.53587 1.23429 1.30555 1.3723 1.38757 1.41572 1.45925 1.46961 1.47485 1.48454 1.51235 1.51373 1.52953 1.51463 1.53482 1.53034 1.5426 1.5118 1.51503 1.51494 1.51179 1.49835 1.51147 1.52593 1.50737 1.50142 1.49506 1.47856 1.48233 1.48573 1.48005 1.49859 1.49974 1.50267 1.51994 1.52381 1.54895 1.54472 1.58182 1.58579 1.63882 1.64959 1.71456 1.76257 1.78554 1.80527 1.77374 1.73696 1.73424 1.70443 1.68421 1.67589 1.63235 1.59766 1.57772 1.55479 1.53577 1.49202 1.45412 1.45017 1.42487 1.43024 1.43523 1.40194 1.37103 1.36184 1.36312 1.33851 1.35636 1.3437 1.34673 1.3511 1.33138 1.31614 1.30701 1.31223 1.30768 1.32173 1.28299 1.31874 1.33906 1.34456 1.24538 1.29322 1.3093 1.30493 1.31034 1.30985 1.30648 1.28011 1.32897 1.2934 1.39063 1.37425 1.40198 1.34649 1.33467 1.39837 1.39845 1.39978 1.42066 1.43401 1.32997 1.35445 1.40352 1.38178 1.27416 1.3372 1.31492 1.33468 1.31123 1.38028 1.31934 1.38475 1.26364 1.44996 1.30428 1.38819 1.42907 1.29294 1.48228 1.52069 1.37105 1.4255 1.35476 1.29931 1.48039 1.41149 1.41295 1.39373 1.38404 1.52101 1.33537 1.34682 1.31668 1.4246 1.3582 1.37052 1.38134 1.29658 1.46031 1.37047 1.31756 1.37669 1.28231 1.37791 1.26476 1.31117 1.41004 1.44254 1.48831 1.24986 1.36596 1.44 1.27919 1.32839 1.4271 1.47347 1.33115 1.26095 1.39174 1.33193 1.25435 1.33162 1.3839 1.27863 1.207 1.30658 1.21671 1.40511 1.3508 1.32643 1.23533 1.18365 1.17831 1.23405 1.22968 1.32627 1.31947 1.31755 1.42167 1.41842 1.45342 1.46092 0.305122 0 0 0 0 0 0 0 0 0 0 0 0 0 
0 0 0 0 0 0 0 0 0 0 3.11713 3.35811 0.599313 1.09721 1.2298 1.2801 1.30843 1.33159 1.34493 1.35128 1.38048 1.37334 1.37849 1.39087 1.41298 1.41507 1.42575 1.42191 1.43724 1.43893 1.45432 1.44479 1.42829 1.43466 1.42687 1.43204 1.45197 1.44046 1.45527 1.46667 1.49931 1.47679 1.48156 1.492 1.50987 1.52632 1.54167 1.57923 1.60311 1.61138 1.63646 1.67097 1.70908 1.73825 1.77893 1.82139 1.8667 1.89622 1.90246 1.87574 1.8409 1.8267 1.80495 1.7622 1.71513 1.69069 1.65388 1.63374 1.58833 1.54893 1.5242 1.47664 1.43334 1.41465 1.40249 1.35762 1.365 1.36209 1.34843 1.36459 1.37287 1.36541 1.34799 1.32717 1.34497 1.33587 1.35427 1.33932 1.33591 1.30709 1.31733 1.32541 1.35076 1.27622 1.34133 1.34451 1.35563 1.33489 1.34661 1.36432 1.34258 1.3339 1.35823 1.3403 1.32579 1.32549 1.34548 1.31787 1.35879 1.34504 1.32648 1.37216 1.30217 1.40251 1.36646 1.3974 1.39521 1.32055 1.37681 1.40783 1.34987 1.38385 1.39665 1.40989 1.34844 1.42836 1.38731 1.43014 1.37637 1.42061 1.3843 1.39527 1.4717 1.45565 1.47974 1.41394 1.35642 1.4544 1.3729 1.38269 1.40926 1.33741 1.4975 1.37519 1.40013 1.4385 1.43163 1.40649 1.39138 1.49371 1.41531 1.30555 1.48343 1.39177 1.33164 1.3941 1.34304 1.35344 1.35365 1.43159 1.38612 1.22954 1.3613 1.26222 1.40599 1.28854 1.30296 1.40283 1.46317 1.28995 1.35021 1.35323 1.41431 1.22509 1.33267 1.44022 1.28332 1.27346 1.33758 1.38457 1.35625 1.28936 1.20251 1.23279 1.28474 1.27567 1.28271 1.24847 1.28172 1.3578 1.32496 1.33643 1.39471 1.37513 1.43731 1.43199 1.4544 0 0 0 0 0 0 0 0 0 0 0 0 0 0 
0 0 0 0 0 0 0 0 0 0 3.13907 3.34536 0.75023 1.26115 1.1493 1.2187 1.26147 1.25639 1.26446 1.25626 1.27299 1.28432 1.30577 1.29994 1.31217 1.32621 1.31927 1.32855 1.32379 1.33489 1.32076 1.31931 1.33649 1.34942 1.37935 1.37771 1.39955 1.41092 1.42363 1.41891 1.43359 1.45443 1.47977 1.48773 1.51921 1.53158 1.5606 1.58369 1.6048 1.63512 1.67232 1.67032 1.71687 1.78145 1.77869 1.83581 1.88557 1.92346 1.92343 1.92561 1.89116 1.83804 1.79548 1.77544 1.71951 1.69134 1.67128 1.6046 1.55323 1.52838 1.48777 1.47946 1.46455 1.43753 1.39611 1.37676 1.33588 1.32758 1.32113 1.32602 1.29092 1.2763 1.2875 1.29338 1.27231 1.29895 1.2744 1.27116 1.27704 1.30966 1.28032 1.28153 1.26142 1.28017 1.26455 1.2895 1.25577 1.30587 1.26981 1.30602 1.26998 1.34597 1.24951 1.3326 1.29548 1.3548 1.34188 1.34644 1.35378 1.3106 1.29967 1.31046 1.35369 1.31203 1.36217 1.25369 1.36718 1.39956 1.38762 1.36263 1.40596 1.27335 1.30038 1.36148 1.33412 1.3187 1.37329 1.31968 1.36908 1.37954 1.327 1.40557 1.3354 1.449 1.4287 1.40265 1.44362 1.38754 1.45194 1.46162 1.38506 1.39306 1.40872 1.47687 1.38978 1.34788 1.39366 1.41389 1.48714 1.35635 1.41472 1.46998 1.34737 1.38949 1.34372 1.48482 1.43078 1.4771 1.32145 1.31998 1.43394 1.48812 1.34126 1.33138 1.31791 1.33026 1.43393 1.23036 1.28586 1.3249 1.33588 1.26243 1.2658 1.36105 1.31743 1.22197 1.41635 1.34653 1.30273 1.27671 1.30599 1.39015 1.44185 1.38674 1.26464 1.31568 1.20104 1.32143 1.3608 1.25204 1.30877 1.39732 1.36395 1.44092 1.43753 1.4332 1.45255 0.0338298 0 0 0 0 0 0 0 0 0 0 0 0 0 
0 0 0 0 0 0 0 0 0 0 3.11533 3.28692 0.418679 1.31903 1.11988 1.15644 1.21547 1.21151 1.20954 1.20108 1.19755 1.20958 1.19791 1.20579 1.20541 1.2017 1.21481 1.20507 1.21702 1.22518 1.21661 1.22106 1.22747 1.24009 1.26728 1.31068 1.32159 1.3494 1.35189 1.3655 1.40002 1.42196 1.44975 1.47769 1.49922 1.52429 1.54988 1.57289 1.60858 1.64013 1.66894 1.7071 1.743 1.78978 1.82872 1.86928 1.89284 1.92457 1.9467 1.90313 1.90521 1.89962 1.8218 1.76241 1.70433 1.67785 1.60416 1.58985 1.55355 1.48801 1.47486 1.41916 1.4009 1.37803 1.38886 1.37363 1.35166 1.32672 1.30449 1.30211 1.27352 1.28247 1.29421 1.29832 1.29361 1.28547 1.27213 1.2532 1.24849 1.23766 1.25467 1.24237 1.25402 1.23867 1.22478 1.26069 1.23679 1.21445 1.2389 1.2568 1.27243 1.29509 1.27185 1.20901 1.25348 1.20516 1.21247 1.24293 1.18516 1.21939 1.27131 1.29626 1.18253 1.26809 1.21922 1.35047 1.3551 1.22648 1.20775 1.25022 1.19341 1.29347 1.25488 1.32693 1.27512 1.23735 1.1819 1.30625 1.17882 1.17946 1.27406 1.15657 1.22877 1.26221 1.22819 1.33232 1.22699 1.28604 1.24046 1.23455 1.32943 1.24667 1.30219 1.24158 1.23244 1.42089 1.30757 1.25042 1.31071 1.2582 1.20335 1.3153 1.39631 1.2642 1.30073 1.26692 1.17128 1.24079 1.26686 1.2665 1.3704 1.22661 1.34389 1.42626 1.15724 1.31468 1.31379 1.29128 1.27999 1.29126 1.29998 1.31092 1.25357 1.28569 1.27999 1.24762 1.14567 1.2207 1.20044 1.30014 1.21513 1.2186 1.22131 1.23794 1.34087 1.2028 1.27427 1.20954 1.13121 1.23051 1.26792 1.31798 1.38709 1.39921 1.42519 1.42358 1.45235 0 0 0 0 0 0 0 0 0 0 0 0 0 0 
0 0 0 0 0 0 0 0 0 0 3.1647 3.3412 0.693721 1.10066 1.10457 1.10626 1.10814 1.11607 1.09011 1.08673 1.09121 1.08404 1.0803 1.07766 1.08346 1.0692 1.06476 1.09392 1.11818 1.11158 1.10984 1.11378 1.12941 1.15543 1.17895 1.1878 1.22596 1.23544 1.27121 1.28763 1.33828 1.35706 1.38236 1.4073 1.4379 1.43968 1.48509 1.53033 1.57497 1.6051 1.62735 1.69505 1.71182 1.77784 1.78393 1.84576 1.87825 1.8802 1.8582 1.85601 1.82568 1.81271 1.82644 1.77576 1.71748 1.62914 1.60575 1.56181 1.48819 1.48768 1.44407 1.42224 1.37889 1.31483 1.31371 1.3018 1.29071 1.2847 1.26778 1.25381 1.25494 1.23592 1.26748 1.23688 1.2488 1.23503 1.2368 1.25554 1.24103 1.25032 1.22812 1.25345 1.23334 1.21083 1.22771 1.19885 1.22888 1.22901 1.24202 1.25028 1.25901 1.2173 1.20389 1.24623 1.23856 1.22439 1.21761 1.23695 1.22603 1.27094 1.25062 1.20152 1.26139 1.23627 1.24862 1.19983 1.24452 1.25651 1.26169 1.21514 1.29941 1.22452 1.31296 1.29666 1.32037 1.25268 1.31442 1.238 1.29017 1.30082 1.26755 1.3186 1.31886 1.28236 1.27577 1.21589 1.26947 1.24642 1.29207 1.28439 1.22064 1.30372 1.30961 1.26578 1.24503 1.30418 1.32793 1.36496 1.35223 1.30223 1.36391 1.28001 1.30082 1.18719 1.30785 1.26755 1.26974 1.24794 1.25321 1.31093 1.36253 1.3968 1.25209 1.29086 1.3849 1.29983 1.1604 1.26325 1.29921 1.16709 1.16696 1.28126 1.28422 1.19002 1.25246 1.33916 1.26668 1.25234 1.29667 1.2996 1.32527 1.333 1.19063 1.15619 1.28881 1.27041 1.25202 1.21895 1.33484 1.21033 1.36964 1.32257 1.39372 1.37254 1.38689 1.38217 1.41255 -0.00800501 0 0 0 0 0 0 0 0 0 0 0 0 0 
0 0 0 0 0 0 0 0 0 0 3.11977 3.21804 0.404548 1.4062 1.00945 1.04489 1.04766 1.0232 0.99815 0.955512 0.97086 0.981299 0.961703 0.949003 0.954612 0.944497 0.95869 0.965796 0.962001 0.988519 0.999605 0.999362 1.01883 1.03556 1.04808 1.0682 1.10532 1.1356 1.15683 1.17935 1.20616 1.23391 1.27593 1.30637 1.34808 1.37413 1.41841 1.43793 1.49184 1.51626 1.59504 1.63342 1.6841 1.7271 1.77085 1.82085 1.83921 1.83684 1.84986 1.79563 1.792 1.73314 1.68226 1.66159 1.59097 1.55538 1.46427 1.40963 1.40486 1.35827 1.32478 1.30546 1.27484 1.27482 1.22965 1.21374 1.20411 1.18661 1.18909 1.16866 1.14215 1.13165 1.1099 1.11469 1.09899 1.10884 1.08971 1.09627 1.1176 1.11792 1.12237 1.12014 1.13919 1.11358 1.09151 1.05832 1.15261 1.09568 1.06111 1.09935 1.03798 1.12171 1.10459 1.07631 1.06943 1.11133 1.08179 1.099 1.13303 1.05829 1.09901 1.13043 1.05293 1.16286 1.0987 1.1068 1.09363 1.10465 1.09816 1.10804 1.1395 1.14289 1.16448 1.16864 1.18987 1.21166 1.16396 1.16319 1.18049 1.03016 1.11191 1.08554 1.12194 1.10159 1.1967 1.20349 1.13744 1.23654 1.16566 1.15776 1.2139 1.14731 1.12411 1.10161 1.11091 1.18485 1.21672 1.18662 1.21173 1.23252 1.2253 1.15028 1.16239 1.22091 1.1652 1.2046 1.22696 1.24225 1.22773 1.11411 1.22032 1.27268 1.30419 1.20584 1.16527 1.12846 1.18862 1.12405 1.1793 1.13682 1.25494 1.18906 1.09561 1.32076 1.26193 1.10483 1.24838 1.27541 1.18351 1.27513 1.14314 1.20451 1.33623 1.34152 1.21193 1.20936 1.21048 1.22457 1.22582 1.3053 1.25113 1.2734 1.33027 1.36989 1.33885 1.38991 1.40901 0 0 0 0 0 0 0 0 0 0 0 0 0 0 
0 0 0 0 0 0 0 0 0 0 3.10846 3.25249 0.579626 1.00318 0.963444 0.915889 0.920033 0.896612 0.862958 0.85612 0.834646 0.811949 0.831604 0.842942 0.823861 0.82282 0.82306 0.825351 0.829576 0.846425 0.860961 0.87149 0.888278 0.901838 0.929362 0.933701 0.951305 0.96763 1.03254 1.03961 1.07962 1.09661 1.12127 1.15741 1.18772 1.22031 1.2621 1.33443 1.32497 1.38714 1.40196 1.47399 1.48395 1.56179 1.58901 1.65022 1.69055 1.71081 1.73047 1.72804 1.68081 1.65696 1.63159 1.5721 1.53644 1.44383 1.39481 1.35386 1.30565 1.25825 1.21382 1.19342 1.16781 1.13629 1.10697 1.0911 1.11101 1.12918 1.08191 1.06626 1.05126 1.03714 1.04001 1.01725 1.0474 1.02917 1.03032 1.05672 1.00026 1.03318 1.01147 1.00002 0.998965 0.949107 0.970552 0.984681 0.946454 1.00459 0.963326 0.953748 0.965005 0.949586 0.97096 0.932297 0.944571 0.919908 0.90311 0.917936 0.870935 0.939417 0.934029 0.867677 0.978425 0.929195 0.953589 0.914995 0.915141 0.855765 0.924888 0.896014 0.911553 0.975094 1.01182 0.999137 1.03461 0.976356 1.05509 0.987191 0.892062 0.9532 0.825591 0.915498 0.870497 1.00486 0.908823 1.034 0.982737 0.943747 0.909432 0.951094 0.732119 0.952069 0.907462 0.82273 0.94008 1.0041 0.979648 1.06025 1.03726 1.0053 1.05321 1.06682 1.1134 1.06967 1.07824 1.03085 1.08595 0.932044 0.959435 1.07355 1.11442 1.12704 1.04468 1.10749 1.17968 0.983707 1.11358 1.10218 1.04265 1.19174 1.09192 1.16893 1.21948 1.04239 1.19 1.27855 1.12904 1.1786 1.13421 1.10239 1.26372 1.07878 1.12301 1.07469 1.1687 1.15959 1.10856 1.25335 1.09835 1.18844 1.12396 1.11084 1.28238 1.1829 1.34841 1.35334 1.38081 0.0990905 0 0 0 0 0 0 0 0 0 0 0 0 0 
0 0 0 0 0 0 0 0 0 0 3.03772 3.18073 0.356709 1.13173 0.790232 0.796215 0.778556 0.755496 0.728972 0.695377 0.689508 0.680621 0.65709 0.641767 0.634804 0.628208 0.649716 0.670324 0.659272 0.669454 0.678847 0.687573 0.732936 0.733935 0.752537 0.775223 0.78079 0.821354 0.830703 0.848522 0.878961 0.900543 0.932096 0.954348 0.969217 0.992044 1.03877 1.08308 1.11657 1.21021 1.24587 1.27158 1.33411 1.39081 1.39929 1.4211 1.4299 1.40504 1.43207 1.39371 1.37681 1.37269 1.34098 1.30982 1.2665 1.22954 1.16554 1.11598 1.06469 1.0069 0.984558 0.947574 0.919834 0.890317 0.879173 0.831014 0.825775 0.798278 0.787822 0.788864 0.777841 0.777605 0.770307 0.738774 0.754528 0.74724 0.777767 0.741299 0.784372 0.755928 0.746054 0.75318 0.740955 0.733456 0.71593 0.73505 0.739637 0.741851 0.747775 0.746892 0.73368 0.748503 0.74774 0.750083 0.745601 0.752081 0.751385 0.756967 0.730017 0.747113 0.731588 0.741541 0.73888 0.766724 0.734972 0.755489 0.773578 0.758734 0.797182 0.744376 0.789562 0.804266 0.772092 0.80428 0.794534 0.801999 0.776486 0.777699 0.776426 0.752042 0.782057 0.762094 0.787336 0.78869 0.779829 0.780481 0.785316 0.800174 0.797462 0.714623 0.775362 0.713022 0.761057 0.812233 0.797219 0.832296 0.812267 0.821334 0.810463 0.816873 0.839983 0.834234 0.860439 0.842834 0.870477 0.879138 0.900725 0.822862 0.85828 0.813176 0.905413 0.951288 0.9401 1.04836 0.981502 1.02085 0.895383 1.01021 0.996618 0.883643 1.02457 0.992853 0.977867 1.09505 0.993002 0.976083 1.1231 1.09278 1.05158 1.10381 1.03035 1.19112 1.0055 1.07606 1.03933 1.06051 1.18656 1.08273 1.23229 1.04695 1.18231 1.18567 1.19095 1.30792 1.30824 1.30072 1.34646 0.28942 0 0 0 0 0 0 0 0 0 0 0 0 0 
0 0 0 0 0 0 0 0 0 0 2.97636 2.99443 0.2303 0.813129 0.574213 0.551761 0.575929 0.529468 0.501331 0.493946 0.503115 0.475317 0.458393 0.443359 0.442727 0.445824 0.452288 0.453754 0.475038 0.493652 0.493412 0.5166 0.507577 0.527512 0.530545 0.577606 0.583784 0.566233 0.551613 0.569645 0.585693 0.609536 0.636442 0.671419 0.695301 0.721015 0.738981 0.749697 0.797699 0.840217 0.914312 0.952762 1.00385 1.05527 1.06832 1.13357 1.16064 1.15999 1.13162 1.08887 1.11133 1.04362 0.98092 0.942546 0.895837 0.83486 0.731199 0.687994 0.61719 0.550747 0.57845 0.504143 0.487947 0.403931 0.443961 0.432127 0.40515 0.371555 0.383668 0.469984 0.333389 0.346334 0.274089 0.320976 0.295231 0.258106 0.232661 0.287995 0.365544 0.284259 0.25467 0.206897 0.191283 0.166431 0.17595 0.185791 0.203678 0.202417 0.151638 0.147117 0.168118 0.180037 0.141932 0.13802 0.141532 0.132025 0.132569 0.131977 0.126981 0.152352 0.138027 0.137167 0.135694 0.141581 0.133938 0.150337 0.133307 0.144916 0.151014 0.150173 0.166984 0.145858 0.162358 0.149912 0.141274 0.161669 0.158968 0.138463 0.140196 0.148634 0.177694 0.16057 0.167486 0.160525 0.168447 0.180251 0.171597 0.17715 0.156312 0.197751 0.182965 0.190357 0.185616 0.195119 0.227853 0.245537 0.252656 0.277347 0.266034 0.221296 0.227578 0.36002 0.33768 0.393708 0.400948 0.450758 0.352225 0.595471 0.521044 0.562129 0.614757 0.540289 0.647222 0.647299 0.719975 0.631733 0.768684 0.559917 0.680179 0.757713 0.703201 0.87876 0.818215 0.751633 0.79692 0.637696 0.76477 0.686815 0.761031 0.844087 0.938521 0.725215 0.994775 0.885711 0.718085 1.0222 0.813491 0.986117 0.806903 0.978323 1.05079 0.851553 0.868661 1.01341 1.2055 1.04927 1.32645 0 0 0 0 0 0 0 0 0 0 0 0 0 0 
0 0 0 0 0 0 0 0 0 0 0 -0.841221 0.0978801 0.618813 0.376023 0.418786 0.419807 0.381712 0.358762 0.364991 0.346842 0.332773 0.318187 0.324291 0.30276 0.30533 0.306714 0.333463 0.3338 0.334168 0.347606 0.355114 0.361173 0.348331 0.368971 0.373509 0.377825 0.364467 0.393855 0.407421 0.398299 0.415975 0.424282 0.421925 0.42403 0.448687 0.475851 0.463319 0.483363 0.48465 0.491494 0.492846 0.499051 0.492676 0.503895 0.492744 0.486469 0.491646 0.49313 0.481975 0.480385 0.477113 0.468872 0.466062 0.445286 0.435334 0.400856 0.380641 0.371537 0.341627 0.311212 0.306166 0.287775 0.269514 0.229952 0.226938 0.213358 0.205767 0.20801 0.206428 0.206661 0.205784 0.200844 0.194359 0.194821 0.195254 0.181967 0.181005 0.176467 0.172711 0.180413 0.167886 0.176931 0.174399 0.165536 0.16429 0.161551 0.16533 0.165319 0.168451 0.156819 0.147357 0.145956 0.138506 0.144411 0.14069 0.141568 0.137547 0.141315 0.126758 0.138478 0.138359 0.136793 0.141189 0.142172 0.134729 0.135803 0.142239 0.134105 0.129571 0.12582 0.11766 0.116961 0.113487 0.121423 0.115786 0.105608 0.105411 0.106453 0.105239 0.100727 0.0986094 0.103403 0.100428 0.106054 0.096684 0.0991968 0.0983121 0.0973897 0.0937835 0.092343 0.103333 0.109276 0.102654 0.103279 0.1091 0.100094 0.0577343 0.121972 0.11088 0.103622 0.0996286 0.0844305 0.120792 0.0883231 0.0609658 0.111576 0.114305 0.0927289 0.0932996 0.0911701 0.076564 0.105497 0.116716 0.124422 0.1361 0.0941233 0.09541 0.0850201 0.0683459 0.0633774 0.120292 0.160679 0.110433 0.120504 0.0922433 0.129796 0.144929 0.100369 0.440048 0.190987 0.216951 0.0393332 0.0136182 0.217652 0.327727 0.14832 0.139255 0.137623 0.702836 0.138845 0.616135 0.13058 0 0 0 0 0 0 0 0 0 0 0 0 0 0 0 0 0 0 
0 0 0 0 0 0 0 0 0 0 0 0 0.0276968 0.41887 0.288269 0.372556 0.351162 0.341277 0.344302 0.295694 0.294317 0.282611 0.269804 0.275481 0.277358 0.264537 0.272689 0.271223 0.272653 0.28291 0.302821 0.296781 0.29265 0.29904 0.29026 0.305205 0.304794 0.330141 0.33736 0.350466 0.360589 0.350847 0.372535 0.377938 0.41002 0.408666 0.39133 0.401081 0.413215 0.392155 0.412124 0.464864 0.473202 0.445936 0.343764 0.408803 0.364425 0.463904 0.490539 0.683285 0 0 0 0 0 0 0 0 0 0 0 0 0 0 0 0 0 0 0 0 0 0 0 0 0 0 0 0 0 0 0 0 0 0 0 0 0 0 0 0 0 0 0 0 0 0 0 0 0 0 0 0 0 0 0 0 0 0 0 0 0 0 0 0 0 0 0 0 0 0 0 0 0 0 0 0 0 0 0 0 0 0 0 0 0 0 0 0 0 0 0 0 0 0 0 0 0 0 0 0 0 0 0 0 0 0 0 0 0 0 0 0 0 0 0 0 0 0 0 0 0 0 0 0 0 0 0 0 0 0 0 0 0 0 0 0 0 0 0 0 0 0 0 0 0 0 0 0 0 0 0 
0 0 0 0 0 0 0 0 0 0 0 0 0 0 0 0 0 0 0 0 0 0 0 0 0 0 0 0 0 0 0 0 0 0 0 0 0 0 0 0 0 0 0 0 0 0 0 0 0 0 0 0 0 0 0 0 0 0 0 0 0 0 0 0 0 0 0 0 0 0 0 0 0 0 0 0 0 0 0 0 0 0 0 0 0 0 0 0 0 0 0 0 0 0 0 0 0 0 0 0 0 0 0 0 0 0 0 0 0 0 0 0 0 0 0 0 0 0 0 0 0 0 0 0 0 0 0 0 0 0 0 0 0 0 0 0 0 0 0 0 0 0 0 0 0 0 0 0 0 0 0 0 0 0 0 0 0 0 0 0 0 0 0 0 0 0 0 0 0 0 0 0 0 0 0 0 0 0 0 0 0 0 0 0 0 0 0 0 0 0 0 0 0 0 0 0 0 0 0 0 0 0 0 0 0 0 0 0 0 0 0 
0 0 0 0 0 0 0 0 0 0 0 0 0 0 0 0 0 0 0 0 0 0 0 0 0 0 0 0 0 0 0 0 0 0 0 0 0 0 0 0 0 0 0 0 0 0 0 0 0 0 0 0 0 0 0 0 0 0 0 0 0 0 0 0 0 0 0 0 0 0 0 0 0 0 0 0 0 0 0 0 0 0 0 0 0 0 0 0 0 0 0 0 0 0 0 0 0 0 0 0 0 0 0 0 0 0 0 0 0 0 0 0 0 0 0 0 0 0 0 0 0 0 0 0 0 0 0 0 0 0 0 0 0 0 0 0 0 0 0 0 0 0 0 0 0 0 0 0 0 0 0 0 0 0 0 0 0 0 0 0 0 0 0 0 0 0 0 0 0 0 0 0 0 0 0 0 0 0 0 0 0 0 0 0 0 0 0 0 0 0 0 0 0 0 0 0 0 0 0 0 0 0 0 0 0 0 0 0 0 0 0 
0 0 0 0 0 0 0 0 0 0 0 0 0 0 0 0 0 0 0 0 0 0 0 0 0 0 0 0 0 0 0 0 0 0 0 0 0 0 0 0 0 0 0 0 0 0 0 0 0 0 0 0 0 0 0 0 0 0 0 0 0 0 0 0 0 0 0 0 0 0 0 0 0 0 0 0 0 0 0 0 0 0 0 0 0 0 0 0 0 0 0 0 0 0 0 0 0 0 0 0 0 0 0 0 0 0 0 0 0 0 0 0 0 0 0 0 0 0 0 0 0 0 0 0 0 0 0 0 0 0 0 0 0 0 0 0 0 0 0 0 0 0 0 0 0 0 0 0 0 0 0 0 0 0 0 0 0 0 0 0 0 0 0 0 0 0 0 0 0 0 0 0 0 0 0 0 0 0 0 0 0 0 0 0 0 0 0 0 0 0 0 0 0 0 0 0 0 0 0 0 0 0 0 0 0 0 0 0 0 0 0 
0 0 0 0 0 0 0 0 0 0 0 0 0 0 0 0 0 0 0 0 0 0 0 0 0 0 0 0 0 0 0 0 0 0 0 0 0 0 0 0 0 0 0 0 0 0 0 0 0 0 0 0 0 0 0 0 0 0 0 0 0 0 0 0 0 0 0 0 0 0 0 0 0 0 0 0 0 0 0 0 0 0 0 0 0 0 0 0 0 0 0 0 0 0 0 0 0 0 0 0 0 0 0 0 0 0 0 0 0 0 0 0 0 0 0 0 0 0 0 0 0 0 0 0 0 0 0 0 0 0 0 0 0 0 0 0 0 0 0 0 0 0 0 0 0 0 0 0 0 0 0 0 0 0 0 0 0 0 0 0 0 0 0 0 0 0 0 0 0 0 0 0 0 0 0 0 0 0 0 0 0 0 0 0 0 0 0 0 0 0 0 0 0 0 0 0 0 0 0 0 0 0 0 0 0 0 0 0 0 0 0 
0 0 0 0 0 0 0 0 0 0 0 0 0 0 0 0 0 0 0 0 0 0 0 0 0 0 0 0 0 0 0 0 0 0 0 0 0 0 0 0 0 0 0 0 0 0 0 0 0 0 0 0 0 0 0 0 0 0 0 0 0 0 0 0 0 0 0 0 0 0 0 0 0 0 0 0 0 0 0 0 0 0 0 0 0 0 0 0 0 0 0 0 0 0 0 0 0 0 0 0 0 0 0 0 0 0 0 0 0 0 0 0 0 0 0 0 0 0 0 0 0 0 0 0 0 0 0 0 0 0 0 0 0 0 0 0 0 0 0 0 0 0 0 0 0 0 0 0 0 0 0 0 0 0 0 0 0 0 0 0 0 0 0 0 0 0 0 0 0 0 0 0 0 0 0 0 0 0 0 0 0 0 0 0 0 0 0 0 0 0 0 0 0 0 0 0 0 0 0 0 0 0 0 0 0 0 0 0 0 0 0 
0 0 0 0 0 0 0 0 0 0 0 0 0 0 0 0 0 0 0 0 0 0 0 0 0 0 0 0 0 0 0 0 0 0 0 0 0 0 0 0 0 0 0 0 0 0 0 0 0 0 0 0 0 0 0 0 0 0 0 0 0 0 0 0 0 0 0 0 0 0 0 0 0 0 0 0 0 0 0 0 0 0 0 0 0 0 0 0 0 0 0 0 0 0 0 0 0 0 0 0 0 0 0 0 0 0 0 0 0 0 0 0 0 0 0 0 0 0 0 0 0 0 0 0 0 0 0 0 0 0 0 0 0 0 0 0 0 0 0 0 0 0 0 0 0 0 0 0 0 0 0 0 0 0 0 0 0 0 0 0 0 0 0 0 0 0 0 0 0 0 0 0 0 0 0 0 0 0 0 0 0 0 0 0 0 0 0 0 0 0 0 0 0 0 0 0 0 0 0 0 0 0 0 0 0 0 0 0 0 0 0 
0 0 0 0 0 0 0 0 0 0 0 0 0 0 0 0 0 0 0 0 0 0 0 0 0 0 0 0 0 0 0 0 0 0 0 0 0 0 0 0 0 0 0 0 0 0 0 0 0 0 0 0 0 0 0 0 0 0 0 0 0 0 0 0 0 0 0 0 0 0 0 0 0 0 0 0 0 0 0 0 0 0 0 0 0 0 0 0 0 0 0 0 0 0 0 0 0 0 0 0 0 0 0 0 0 0 0 0 0 0 0 0 0 0 0 0 0 0 0 0 0 0 0 0 0 0 0 0 0 0 0 0 0 0 0 0 0 0 0 0 0 0 0 0 0 0 0 0 0 0 0 0 0 0 0 0 0 0 0 0 0 0 0 0 0 0 0 0 0 0 0 0 0 0 0 0 0 0 0 0 0 0 0 0 0 0 0 0 0 0 0 0 0 0 0 0 0 0 0 0 0 0 0 0 0 0 0 0 0 0 0 
0 0 0 0 0 0 0 0 0 0 0 0 0 0 0 0 0 0 0 0 0 0 0 0 0 0 0 0 0 0 0 0 0 0 0 0 0 0 0 0 0 0 0 0 0 0 0 0 0 0 0 0 0 0 0 0 0 0 0 0 0 0 0 0 0 0 0 0 0 0 0 0 0 0 0 0 0 0 0 0 0 0 0 0 0 0 0 0 0 0 0 0 0 0 0 0 0 0 0 0 0 0 0 0 0 0 0 0 0 0 0 0 0 0 0 0 0 0 0 0 0 0 0 0 0 0 0 0 0 0 0 0 0 0 0 0 0 0 0 0 0 0 0 0 0 0 0 0 0 0 0 0 0 0 0 0 0 0 0 0 0 0 0 0 0 0 0 0 0 0 0 0 0 0 0 0 0 0 0 0 0 0 0 0 0 0 0 0 0 0 0 0 0 0 0 0 0 0 0 0 0 0 0 0 0 0 0 0 0 0 0 
0 0 0 0 0 0 0 0 0 0 0 0 0 0 0 0 0 0 0 0 0 0 0 0 0 0 0 0 0 0 0 0 0 0 0 0 0 0 0 0 0 0 0 0 0 0 0 0 0 0 0 0 0 0 0 0 0 0 0 0 0 0 0 0 0 0 0 0 0 0 0 0 0 0 0 0 0 0 0 0 0 0 0 0 0 0 0 0 0 0 0 0 0 0 0 0 0 0 0 0 0 0 0 0 0 0 0 0 0 0 0 0 0 0 0 0 0 0 0 0 0 0 0 0 0 0 0 0 0 0 0 0 0 0 0 0 0 0 0 0 0 0 0 0 0 0 0 0 0 0 0 0 0 0 0 0 0 0 0 0 0 0 0 0 0 0 0 0 0 0 0 0 0 0 0 0 0 0 0 0 0 0 0 0 0 0 0 0 0 0 0 0 0 0 0 0 0 0 0 0 0 0 0 0 0 0 0 0 0 0 0 
