0 0 0 0 0 0 0 0 0 0 0 0 0 0 0 0 0 0 0 0 0 0 0 0 0 0 0 0 0 0 0 0 0 0 0 0 0 0 0 0 0 0 0 0 0 0 0 0 0 0 0 0 0 0 0 0 0 0 0 0 0 0 0 0 0 0 0 0 0 0 0 0 0 0 0 0 0 0 0 0 0 0 0 0 0 0 0 0 0 0 0 0 0 0 0 0 0 0 0 0 0 0 0 0 0 0 0 0 0 0 0 0 0 0 0 0 0 0 0 0 0 0 0 0 0 0 0 0 0 0 0 0 0 0 0 0 0 0 0 0 0 0 0 0 0 0 0 0 0 0 0 0 0 0 0 0 0 0 0 0 0 0 0 0 0 0 0 0 0 0 0 0 0 0 0 0 0 0 0 0 0 0 0 0 0 0 0 0 0 0 0 0 0 0 0 0 0 0 0 0 0 0 0 0 0 0 0 0 0 0 0 
0 0 0 0 0 0 0 0 0 0 0 0 0 0 0 0 0 0 0 0 0 0 0 0 0 0 0 0 0 0 0 0 0 0 0 0 0 0 0 0 0 0 0 0 0 0 0 0 0 0 0 0 0 0 0 0 0 0 0 0 0 0 0 0 0 0 0 0 0 0 0 0 0 0 0 0 0 0 0 0 0 0 0 0 0 0 0 0 0 0 0 0 0 0 0 0 0 0 0 0 0 0 0 0 0 0 0 0 0 0 0 0 0 0 0 0 0 0 0 0 0 0 0 0 0 0 0 0 0 0 0 0 0 0 0 0 0 0 0 0 0 0 0 0 0 0 0 0 0 0 0 0 0 0 0 0 0 0 0 0 0 0 0 0 0 0 0 0 0 0 0 0 0 0 0 0 0 0 0 0 0 0 0 0 0 0 0 0 0 0 0 0 0 0 0 0 0 0 0 0 0 0 0 0 0 0 0 0 0 0 0 
0 0 0 0 0 0 0 0 0 0 0 0 0 0 0 0 0 0 0 0 0 0 0 0 0 0 0 0 0 0 0 0 0 0 0 0 0 0 0 0 0 0 0 0 0 0 0 0 0 0 0 0 0 0 0 0 0 0 0 0 0 0 0 0 0 0 0 0 0 0 0 0 0 0 0 0 0 0 0 0 0 0 0 0 0 0 0 0 0 0 0 0 0 0 0 0 0 0 0 0 0 0 0 0 0 0 0 0 0 0 0 0 0 0 0 0 0 0 0 0 0 0 0 0 0 0 0 0 0 0 0 0 0 0 0 0 0 0 0 0 0 0 0 0 0 0 0 0 0 0 0 0 0 0 0 0 0 0 0 0 0 0 0 0 0 0 0 0 0 0 0 0 0 0 0 0 0 0 0 0 0 0 0 0 0 0 0 0 0 0 0 0 0 0 0 0 0 0 0 0 0 0 0 0 0 0 0 0 0 0 0 
0 0 0 0 0 0 0 0 0 0 0 0 0 0 0 0 0 0 0 0 0 0 0 0 0 0 0 0 0 0 0 0 0 0 0 0 0 0 0 0 0 0 0 0 0 0 0 0 0 0 0 0 0 0 0 0 0 0 0 0 0 0 0 0 0 0 0 0 0 0 0 0 0 0 0 0 0 0 0 0 0 0 0 0 0 0 0 0 0 0 0 0 0 0 0 0 0 0 0 0 0 0 0 0 0 0 0 0 0 0 0 0 0 0 0 0 0 0 0 0 0 0 0 0 0 0 0 0 0 0 0 0 0 0 0 0 0 0 0 0 0 0 0 0 0 0 0 0 0 0 0 0 0 0 0 0 0 0 0 0 0 0 0 0 0 0 0 0 0 0 0 0 0 0 0 0 0 0 0 0 0 0 0 0 0 0 0 0 0 0 0 0 0 0 0 0 0 0 0 0 0 0 0 0 0 0 0 0 0 0 0 
0 0 0 0 0 0 0 0 0 0 0 0 0 0 0 0 0 0 0 0 0 0 0 0 0 0 0 0 0 0 0 0 0 0 0 0 0 0 0 0 0 0 0 0 0 0 0 0 0 0 0 0 0 0 0 0 0 0 0 0 0 0 0 0 0 0 0 0 0 0 0 0 0 0 0 0 0 0 0 0 0 0 0 0 0 0 0 0 0 0 0 0 0 0 0 0 0 0 0 0 0 0 0 0 0 0 0 0 0 0 0 0 0 0 0 0 0 0 0 0 0 0 0 0 0 0 0 0 0 0 0 0 0 0 0 0 0 0 0 0 0 0 0 0 0 0 0 0 0 0 0 0 0 0 0 0 0 0 0 0 0 0 0 0 0 0 0 0 0 0 0 0 0 0 0 0 0 0 0 0 0 0 0 0 0 0 0 0 0 0 0 0 0 0 0 0 0 0 0 0 0 0 0 0 0 0 0 0 0 0 0 
0 0 0 0 0 0 0 0 0 0 0 0 0 0 0 0 0 0 0 0 0 0 0 0 0 0 0 0 0 0 0 0 0 0 0 0 0 0 0 0 0 0 0 0 0 0 0 0 0 0 0 0 0 0 0 0 0 0 0 0 0 0 0 0 0 0 0 0 0 0 0 0 0 0 0 0 0 0 0 0 0 0 0 0 0 0 0 0 0 0 0 0 0 0 0 0 0 0 0 0 0 0 0 0 0 0 0 0 0 0 0 0 0 0 0 0 0 0 0 0 0 0 0 0 0 0 0 0 0 0 0 0 0 0 0 0 0 0 0 0 0 0 0 0 0 0 0 0 0 0 0 0 0 0 0 0 0 0 0 0 0 0 0 0 0 0 0 0 0 0 0 0 0 0 0 0 0 0 0 0 0 0 0 0 0 0 0 0 0 0 0 0 0 0 0 0 0 0 0 0 0 0 0 0 0 0 0 0 0 0 0 
0 0 0 0 0 0 0 0 0 0 0 0 0 0 0 0 0 0 0 0 0 0 0 0 0 0 0 0 0 0 0 0 0 0 0 0 0 0 0 0 0 0 0 0 0 0 0 0 0 0 0 0 0 0 0 0 0 0 0 0 0 0 0 0 0 0 0 0 0 0 0 0 0 0 0 0 0 0 0 0 0 0 0 0 0 0 0 0 0 0 0 0 0 0 0 0 0 0 0 0 0 0 0 0 0 0 0 0 0 0 0 0 0 0 0 0 0 0 0 0 0 0 0 0 0 0 0 0 0 0 0 0 0 0 0 0 0 0 0 0 0 0 0 0 0 0 0 0 0 0 0 0 0 0 0 0 0 0 0 0 0 0 0 0 0 0 0 0 0 0 0 0 0 0 0 0 0 0 0 0 0 0 0 0 0 0 0 0 0 0 0 0 0 0 0 0 0 0 0 0 0 0 0 0 0 0 0 0 0 0 0 
0 0 0 0 0 0 0 0 0 0 0 0 0 0 0 0 0 0 0 0 0 0 0 0 0 0 0 0 0 0 0 0 0 0 0 0 0 0 0 0 0 0 0 0 0 0 0 0 0 0 0 0 0 0 0 0 0 0 0 0 0 0 0 0 0 0 0 0 0 0 0 0 0 0 0 0 0 0 0 0 0 0 0 0 0 0 0 0 0 0 0 0 0 0 0 0 0 0 0 0 0 0 0 0 0 0 0 0 0 0 0 0 0 0 0 0 0 0 0 0 0 0 0 0 0 0 0 0 0 0 0 0 0 0 0 0 0 0 0 0 0 0 0 0 0 0 0 0 0 0 0 0 0 0 0 0 0 0 0 0 0 0 0 0 0 0 0 0 0 0 0 0 0 0 0 0 0 0 0 0 0 0 0 0 0 0 0 0 0 0 0 0 0 0 0 0 0 0 0 0 0 0 0 0 0 0 0 0 0 0 0 
0 0 0 0 0 0 0 0 0 0 0 0 0 0 0 0 0 0 0 0 0 0 0 0 0 0 0 0 0 0 0 0 0 0 0 0 0 0 0 0 0 0 0 0 0 0 0 0 0 0 0 0 0 0 0 0 0 0 0 0 0 0 0 0 0 0 0 0 0 0 0 0 0 0 0 0 0 0 0 0 0 0 0 0 0 0 0 0 0 0 0 0 0 0 0 0 0 0 0 0 0 0 0 0 0 0 0 0 0 0 0 0 0 0 0 0 0 0 0 0 0 0 0 0 0 0 0 0 0 0 0 0 0 0 0 0 0 0 0 0 0 0 0 0 0 0 0 0 0 0 0 0 0 0 0 0 0 0 0 0 0 0 0 0 0 0 0 0 0 0 0 0 0 0 0 0 0 0 0 0 0 0 0 0 0 0 0 0 0 0 0 0 0 0 0 0 0 0 0 0 0 0 0 0 0 0 0 0 0 0 0 
0 0 0 0 0 0 0 0 0 0 0 0 0 0 0 0 0 0 0 0 0 0 0 0 0 0 0 0 0 0 0 0 0 0 0 0 0 0 0 0 0 0 0 0 0 0 0 0 0 0 0 0 0 0 0 0 0 0 0 0 0 0 0 0.00103068 0 0 0 0.00165617 0 -0.000338875 0 0 0 0 0 0 0 0 0 0 0 0 0 2.03168 0 0 0 0 0 0 0 0 0 0 0 0 0 0 0 0 0 0 0 0 0 0 0 0 0 0 0 0 0 0 0 0 0 0 0 0 0 0 0 0 0 0 0 0 0 0 0 0 0 0 0 0 0 0 0 0 0 0 0 0 0 0 0 0 0.90486 0 0 0 0 0 0 0 0 0 0 0 0 0 0 0 0 0 0 0 0 0 0 0 0 0 0 0 0 0 0 0 0 0 0 0 0 0 0 0 0 0 0 0 0.184057 0 0 0 0 0 0 0 0 0 0 0 0 0 0 0 0 0 0 
0 0 0 0 0 0 0 0 0 0 0 0 0 0 0 0 0 0 0 0 0 0 0 0 0 0 0 0 0 0 0 0 0 0 0 0 0 0 0 0 0 0 0 0 0 0 0 0 0 0 0 0 0 0 0 0 0 0.0180456 -0.000360214 0.00020555 0.00340785 -0.00549889 -0.0126964 -0.00582242 -0.0102354 -0.00895205 -0.00465231 -0.0129203 -0.0167741 -0.0102182 0.000632969 -0.0104156 0.00316684 -0.00126636 -0.00403474 0.00547498 -0.00601341 0.00463594 0.00142036 -0.0052978 0.0017474 0.00158943 -0.00184428 -0.00121906 0.00258465 0.00410644 0.00649075 -0.00254462 -0.002332 -0.00377016 0.00726369 0.00331306 -0.00400038 0.0123779 -0.00700915 0.000341344 0.000610679 0.00041598 0.00136482 -0.00146357 0.00214137 5.08189e-006 -0.00311157 0.00180782 0.00108218 -0.00522873 0.003718 -0.00273636 0.00124596 0.00627821 -0.000682634 -0.00328212 0.0032118 -0.00218342 0.00224761 0.00298463 -0.00141001 0.000591499 0.00171207 -0.0053145 0.00226334 3.47369e-005 0.000603683 0.00011175 -0.000748959 0.000388463 -0.00126053 0.00125556 0.00581378 -0.00449642 -0.00121922 -0.00483102 0.00163316 -0.000466626 -0.00255362 0.0014764 -0.00178911 0.00262365 0.00237797 -0.00327988 -0.00409425 0.00487751 0.00136566 -0.0074707 0.00112026 0.000872415 0.0074288 0.00755812 -0.000491015 -0.00487294 0.00188914 -0.00212035 0.00103442 -0.00184114 0.00509439 0.00266686 -0.00409516 -0.00309625 0.00520822 -0.00661693 0.001992 -0.00177828 0.0117394 -0.00744579 0.012266 -0.00375928 -0.0102062 -0.00684216 0.00659613 0.000273119 -0.000841982 -0.00138403 0.00457525 0.00226452 0.0250381 -0.0202034 0.0146176 -0.0187822 0.0322925 -0.0222518 0.00982162 0.0174828 -0.000876229 -0.0212365 0.00993896 0.00500523 -0.0231375 0.0324224 0.0314009 -0.0450041 -0.0246496 0.032218 0.169376 -0.0467409 0.000862689 -0.0265609 -0.0658723 -0.0556749 0 0 0 0 0 0 0 0 0 0 0 0 0 
0 0 0 0 0 0 0 0 0 0 0 0 0 0 0 0 0 0 0 0 0 0 0 0 0 0 0 0 0 0 0 0 0 0 0 0 0 0 0 0 0 0 0 0 0 0 0 0 0 0 0 0 0 0 0 0 0 0.000790876 -0.000271368 -0.00583328 -0.00856793 -0.0354858 -0.045692 -0.0567512 -0.0421542 -0.0542619 -0.0478488 -0.0355035 -0.0513115 -0.0311536 -0.0201828 -0.0213684 -0.00665318 -0.0153548 -0.0150568 0.00123838 -0.0126974 -0.00745139 0.00328769 -0.00296982 -0.0247302 0.0001243 0.0130112 -0.00131363 0.00859642 0.0126242 -0.000193201 -0.00110524 -0.0112225 -0.0189124 0.00627664 0.0174401 -0.00133651 0.0300594 0.00977312 -0.030382 0.0105972 0.005027 0.00942456 -0.0129333 0.0177265 -0.037349 -0.0195773 0.0272856 -0.00318397 -0.0547034 -0.0229686 0.00505695 -0.0071669 0.00679423 0.0367298 0.0244145 -0.00834804 -0.0180579 -0.087554 0.0310665 0.0396223 0.0761391 -0.0363305 -0.0345761 -0.019726 0.00761985 -0.0373077 -0.00698533 -0.0161565 0.0211079 0.00407273 0.00859045 0.0342999 -0.0254533 -0.0392201 -0.0212824 -0.0411578 -0.0647115 -0.0530978 0.0229307 -0.0202448 0.0141519 -0.0575536 -0.0312267 -0.042487 0.0319784 -0.0592644 -0.00806607 0.0723556 -0.019904 0.0102379 -0.0177747 -0.0488648 -0.0845848 -0.0476717 -0.00419337 -0.0367537 0.00712757 -0.0133421 0.0326028 -0.0535791 -0.000310325 0.0198796 0.00974345 0.0118856 0.0015679 -0.0226691 0.0304005 0.0200581 0.0239589 -0.0268605 -0.0144096 0.0136235 -0.0109066 0.0480853 -0.0315567 0.0319724 0.0394085 0.0323455 -0.000555042 0.00256487 -0.0642894 -0.0145651 -0.0172059 -0.0133724 -0.000330341 0.0109252 -0.0278797 -0.0112311 -0.00463172 0.00140712 0.00848263 -0.0138229 -0.0126084 0.0101277 0.0155683 0.00348712 -0.0028279 -0.00424979 -0.00933271 0.00232267 -0.72431 0 0 0 0 0 0 0 0 0 0 0 0 0 
0 0 0 0 0 0 0 0 0 0 0 0 0 0 0 0 0 0 0 0 0 0 0 0 0 0 0 0 0 0 0 0 0 0 0 0 0 0 0 0 0 0 0 0 0 0 0 0 0 0 0 0 0 0 0 0 0 0 -0.00133469 -0.0138934 -0.0232648 -0.0181818 -0.0373225 -0.0888705 -0.0609321 -0.123508 -0.0625323 -0.0789826 -0.101361 -0.0759467 -0.0424624 -0.0609699 -0.0366889 -0.0185181 -0.065357 -0.0457544 -0.0233245 -0.0247916 -0.0146697 -0.048901 -0.0272736 -0.0102042 -0.0378909 -0.00698066 0.00567725 -0.0106331 -0.00123577 -0.0129971 -0.00632733 -0.00862939 -0.0108194 -0.0097854 -0.0201083 0.00719835 -0.0183415 -0.0050491 0.00776096 -0.00716221 0.00859354 -0.00760866 -0.00417933 -0.00409654 0.00936057 0.00275191 -0.00181184 0.000797252 -0.0187194 -0.0120852 0.00251304 -0.000196323 0.0164859 0.0237258 -0.00246804 -0.00179952 0.00944386 0.0217199 -0.00576604 0.00337252 0.0110981 -0.00855404 -0.00852119 -0.00564985 0.0190508 0.00901508 -0.0122355 -0.00206119 0.00721614 0.0101898 0.0315926 0.00363193 -0.0116776 -0.0111852 -0.0186268 -0.0116343 0.00267976 0.0124592 0.00135747 0.00937458 -0.0074383 -0.00792718 -0.0124679 -0.00235278 -0.00622462 0.0112641 -0.00965571 0.00770455 -0.0125553 -0.0277966 -0.016937 -0.00211249 0.00374468 -0.0211704 -0.0194817 0.000649651 0.0160696 -0.020444 0.000971105 0.0120851 -0.0227846 0.0011901 -0.00682804 0.0291717 -0.0140557 0.0168668 0.0216123 0.000275537 0.00409753 0.0228219 0.0116648 -0.00729429 0.0130801 -0.00811946 -0.0134068 -0.00326003 -0.00734099 -0.00986024 -0.0260393 -0.0242056 -0.00705303 -0.00896186 -0.0255912 0.00210709 0.00691191 0.0119928 0.00341586 -0.0128065 0.00228332 -0.00443715 -0.00726736 -0.00103716 -0.00138608 -0.00606094 -0.0195962 -0.00796517 -0.0163381 -0.0243864 -0.0220643 0.086578 0 0 0 0 0 0 0 0 0 0 0 0 0 
0 0 0 0 0 0 0 0 0 0 0 0 0 0 0 0 0 0 0 0 0 0 0 0 0 0 0 0 0 0 0 0 0 0 0 0 0 0 0 0 0 0 0 0 0 0 0 0 0 0 0 0 0 0 0 0 0 0.0833306 -0.000721166 -0.0164542 -0.0351509 -0.0179004 -0.0803807 -0.0709258 -0.0989086 -0.0914784 -0.101 -0.0778175 -0.0766832 -0.0820244 -0.0771665 -0.0669897 -0.0650698 -0.0556737 -0.06857 -0.0738867 -0.032995 -0.0267056 -0.0510191 -0.0314894 -0.0262254 -0.0397621 -0.0180039 -0.0116177 -0.00750944 -0.00256409 -0.0265005 -0.00690476 -0.0105549 0.00247969 -0.0246492 -0.0213056 0.00711824 -0.0218534 -0.000633587 -0.00791597 0.000824589 0.000242779 -0.00715151 -0.00266001 0.00189277 0.0110709 0.00498143 0.0157092 0.00746968 -0.00237483 -0.0174179 -0.00619525 -0.00464151 0.00645826 0.00806863 0.0239792 0.0170547 0.0110118 0.0109529 0.0097197 0.00884872 0.0119491 0.000754937 -0.000797539 -0.00928109 0.0105352 0.0105769 0.000815703 0.0163044 0.00300059 0.00273557 0.0280645 0.0224567 0.0096115 -0.00747177 -0.0233195 -0.0478597 0.00288643 -0.0103953 0.00979557 0.0197745 0.00743735 0.00887727 -0.00885804 -0.0388133 -0.00921956 -0.0101267 -0.00491009 0.00497739 -0.0291602 -0.0407669 -0.0446991 -0.0329545 -0.0530256 -0.0178019 -0.01483 -0.0336115 -0.0157107 -0.0116663 -0.0293153 -0.00615043 -0.0074701 0.011258 -0.0389326 -0.00226079 -0.00486381 0.023192 -0.000664865 0.0168471 0.00235576 -0.0118088 0.00311596 0.0197382 -0.0183346 -0.0204672 -0.0225281 -0.00238024 -0.00274543 0.00421925 -0.0225127 -0.0159007 -0.0218037 -0.00175679 -0.00730584 -0.00563752 -0.021772 -0.0113618 -0.0205447 -0.0104072 -0.0271129 -0.0172488 -0.0205285 -0.00335744 -0.00559026 0.00135309 -0.00463656 -0.00054854 -0.00125402 0.00426752 -0.0118314 -0.0176406 -0.657633 0 0 0 0 0 0 0 0 0 0 0 0 0 
0 0 0 0 0 0 0 0 0 0 0 0 0 0 0 0 0 0 0 0 0 0 0 0 0 0 0 0 0 0 0 0 0 0 0 0 0 0 0 0 0 0 0 0 0 0 0 0 0 0 0 0 0 0 0 0 0 0 0.000616927 -0.027505 -0.0332364 -0.0913091 -0.0855706 -0.156107 -0.167303 -0.169314 -0.161978 -0.153811 -0.13553 -0.123012 -0.155809 -0.122963 -0.133538 -0.124295 -0.133357 -0.0958882 -0.122065 -0.0467209 -0.0810535 -0.0591603 -0.0705215 -0.060602 -0.057097 -0.0439511 -0.0176312 -0.031871 -0.0357244 -0.0611188 -0.0407725 -0.0628337 -0.0472086 -0.0462873 -0.0224726 -0.0071547 -0.0275129 -0.0169306 -0.00344947 -0.0414497 -0.0499912 -0.0107879 -0.00598111 -0.032123 0.00126223 0.0127545 -0.00444008 -0.00893385 -0.0240173 -0.00865068 0.00666435 -0.0161853 0.0153249 -0.0118155 0.00333081 0.0335857 0.033757 0.00427271 -0.00904382 -0.0112182 0.00880076 -0.00274186 0.00780961 -0.00230805 -0.0020169 -0.0108008 -0.00271266 0.00394162 -0.000260363 0.0244224 0.018488 0.0143792 0.0120863 0.000950966 -0.0181896 -0.0162993 -0.00886627 0.00457435 0.0307273 -0.0104278 -0.00220239 -0.0206998 -0.00635885 0.0108128 0.00712049 -0.000828724 -0.00557043 -0.0151989 0.00452918 -0.0230624 -0.0352124 -0.0237697 -0.0302569 -0.0272007 -0.0159399 -0.0168944 -0.0283581 -0.0106861 -0.00914526 -0.0008231 -0.000518855 0.00636797 0.00377208 0.0176069 0.00454336 0.017747 0.00176317 0.00685388 -0.0353043 0.00543796 -0.0129319 -0.0146612 -0.0227484 -0.0107546 -0.0101305 -0.00183403 -0.0117728 -0.0178361 -0.0271126 -0.0110927 -0.00193027 -0.00767653 -0.0165786 -0.0169169 -0.00361129 -0.0211339 -0.00443726 -0.0201634 -0.0177574 -0.00812639 -0.0104083 -0.0057166 -0.013513 -0.00880179 -0.00469748 -0.0026046 -0.00740177 -0.0168951 -0.0159002 -0.043376 0 0 0 0 0 0 0 0 0 0 0 0 0 
0 0 0 0 0 0 0 0 0 0 0 0 0 0 0 0 0 0 0 0 0 0 0 0 0 0 0 0 0 0 0 0 0 0 0 0 0 0 0 0 0 0 0 0 0 0 0 0 0 0 0 0 0 0 0 0 0 0.0308149 -0.00189527 -0.0554399 -0.139981 -0.0767607 -0.130047 -0.209473 -0.185145 -0.237843 -0.241615 -0.220279 -0.245906 -0.191789 -0.207069 -0.217432 -0.178021 -0.173916 -0.173753 -0.174317 -0.12459 -0.120215 -0.0661475 -0.0762781 -0.0988826 -0.0788067 -0.0574142 -0.0366684 -0.0552705 -0.0365214 -0.0432638 -0.0455858 -0.0487243 -0.0394029 -0.0399734 -0.0365522 -0.0350648 -0.0239418 -0.0225367 -0.0182955 -0.0192945 -0.0119572 -0.00727968 -0.00962808 -0.0156001 0.00110585 -0.00624308 -0.00531192 0.000886421 -0.00488473 -0.00386866 -0.00429659 0.00992053 0.00576638 0.00969848 0.00396772 0.0147086 0.016253 0.0188272 0.00550688 -0.00303707 0.0117609 0.00986164 0.0102601 0.00558618 -0.00046396 0.00207455 0.00230746 0.0049577 0.00511759 -0.00158975 0.0215303 0.0251231 0.0216604 0.0104778 0.00566043 -0.00351442 -0.0128387 -0.00205757 0.00568664 0.0142692 0.0104936 -0.000102904 -0.0132877 3.23865e-007 -0.00145261 -0.0105656 -0.00594144 -0.00370529 -0.0135077 0.00261909 0.000710928 -0.023879 -0.0313907 -0.0170972 -0.0120804 -0.0155002 -0.000237365 -0.00712784 -0.0123665 0.00153883 -0.00539193 -0.0121396 0.00354219 -0.000993315 -0.0105213 -0.0144773 -0.00720851 0.0046011 -0.0144983 -0.0212269 -0.00651409 -0.00466051 -0.0257058 -0.0243362 -0.0214125 -0.0343591 -0.0226394 -0.0292039 -0.0222108 -0.0282954 -0.0150861 -0.0100321 -0.00406598 -0.00739457 -0.00754914 -0.0231831 -0.00253903 0.000124005 -0.0175893 -0.0160195 -0.00768076 -0.00965244 -0.0138607 -0.00111955 -0.00326085 -0.00494373 -0.0145064 -0.0102853 -0.0136452 -0.010874 0 0 0 0 0 0 0 0 0 0 0 0 0 0 
0 0 0 0 0 0 0 0 0 0 0 0 0 0 0 0 0 0 0 0 0 0 0 0 0 0 0 0 0 0 0 0 0 0 0 0 0 0 0 0 0 0 0 0 0 0 0 0 0 0 0 0 0 0 0 0 0 -0.0149112 -0.00459389 -0.0804055 -0.0650337 -0.189672 -0.174 -0.254937 -0.240661 -0.291898 -0.302185 -0.297842 -0.243463 -0.259827 -0.229843 -0.212232 -0.214733 -0.170643 -0.189196 -0.172183 -0.135845 -0.118774 -0.102859 -0.086631 -0.0871073 -0.0794245 -0.0568124 -0.0466244 -0.0372516 -0.0654037 -0.0556543 -0.0482937 -0.0562866 -0.0426638 -0.0379258 -0.0205435 -0.0284127 -0.0339513 -0.0248643 -0.00956482 -0.0246761 -0.0180552 -0.0151084 -0.00959185 -0.0079998 -0.015471 -0.0145084 0.00863164 0.00289024 0.00093627 -0.00587511 -0.00814312 0.000775808 0.0126048 0.0155425 0.0129469 0.00124487 0.0242737 0.0110516 0.00914658 0.00834101 0.00321255 -0.0015069 -0.00171467 -0.00154498 0.00995588 0.00346053 -0.0115812 0.0148649 0.0122646 0.0248053 -0.00157015 0.0148805 0.030157 0.00166105 -0.00730949 0.00227209 -0.020941 0.00295705 0.00127724 0.00362499 -0.010363 0.0051896 0.00594981 -0.0197492 -0.00492124 -0.0075977 0.0036673 -0.00273068 -0.0198593 -0.0156687 -0.0299163 -0.0192925 -0.0209814 -0.0184236 -0.0164997 -0.0204572 -0.0234137 -0.0164906 -0.0147186 -0.00405835 -0.0116614 -0.00675156 0.00693172 0.0129449 -0.00505304 0.00857884 0.00218263 -0.0098362 -0.0132046 -0.0259683 -0.0182074 -0.0229165 -0.0217017 -0.0260268 -0.0112215 -0.0170523 -0.018389 -0.0301793 -0.0186064 -0.012468 -0.00848105 -0.0101519 -0.0135162 -0.00586476 -0.0151001 -0.0106073 -0.0252451 -0.0169081 -0.0242908 -0.0193826 -0.0178822 -0.0182504 -0.0184243 -0.0100961 0.000268623 -0.00194218 -0.00793563 -0.0124002 -0.0166678 -0.023695 0.0847652 0 0 0 0 0 0 0 0 0 0 0 0 0 
0 0 0 0 0 0 0 0 0 0 0 0 0 0 0 0 0 0 0 0 0 0 0 0 0 0 0 0 0 0 0 0 0 0 0 0 0 0 0 0 0 0 0 0 0 0 0 0 0 0 0 0 0 0 0 0 0 0.0755415 -0.00206821 -0.109918 -0.20185 -0.256653 -0.347829 -0.371388 -0.380178 -0.384895 -0.380444 -0.332462 -0.327719 -0.320001 -0.287923 -0.252479 -0.250167 -0.240227 -0.218301 -0.202058 -0.156855 -0.152747 -0.117273 -0.103459 -0.100512 -0.0953034 -0.0872911 -0.0595502 -0.0852235 -0.0700918 -0.0749769 -0.0759696 -0.0645075 -0.0512507 -0.0663057 -0.0513109 -0.0326131 -0.0289377 -0.0289257 -0.0328739 -0.0229301 -0.0177613 -0.0181565 -0.0206679 -0.0231733 -0.0140187 -0.0202875 -0.00949844 0.000417096 -0.0264721 -0.00788196 -0.00566212 -0.00509853 0.00169964 -0.00102843 -0.00114261 0.021435 -0.00352113 0.00981696 0.0118695 -0.00056107 -0.00802183 -0.00584308 0.00445203 -0.00217497 -0.00686732 0.00719225 -0.00201156 0.00497152 0.00811322 0.0122227 0.0290018 0.0323173 0.018218 0.0130923 0.0145561 -0.00742761 -0.00655345 0.0045699 0.00539712 0.00577078 0.000468605 -0.0118342 -0.0111803 0.00286802 0.0028681 0.0112034 -0.00107146 -0.00405388 -0.016089 0.00288286 -0.00644046 -0.0146321 -0.0196451 -0.00304125 -0.0133404 -0.00660813 -0.0143651 -0.0141118 0.00369564 -0.00163916 -0.00839994 -0.0061429 0.011307 0.00274264 0.0172345 0.00219134 0.000707468 0.000896288 -0.0040127 -0.00585386 -0.0154092 -0.0194018 -0.0276763 -0.0208473 -0.0231872 -0.0164876 -0.0197081 -0.0217241 -0.0237946 -0.0144656 -0.01066 -0.00830566 -0.00607249 -0.009209 -0.0159722 -0.00880518 -0.00900179 -0.00768034 -0.0206409 -0.024714 -0.0229603 -0.0171226 -0.0129911 -0.00622619 -0.00653592 -0.00400939 -0.00339814 -0.00613003 -0.0195094 -0.0268542 0 0 0 0 0 0 0 0 0 0 0 0 0 0 
0 0 0 0 0 0 0 0 0 0 0 0 0 0 0 0 0 0 0 0 0 0 0 0 0 0 0 0 0 0 0 0 0 0 0 0 0 0 0 0 0 0 0 0 0 0 0 0 0 0 0 0 0 0 0 0 0 0 -0.00764101 -0.161772 -0.388444 -0.407871 -0.486423 -0.466664 -0.482502 -0.480066 -0.448949 -0.425656 -0.40505 -0.374642 -0.344917 -0.289794 -0.287418 -0.254551 -0.23686 -0.225227 -0.166018 -0.143066 -0.129991 -0.128876 -0.112115 -0.100466 -0.0918856 -0.0819333 -0.0733507 -0.0757262 -0.0752434 -0.0757566 -0.057753 -0.0568934 -0.0395764 -0.0468001 -0.0362554 -0.0396375 -0.0319897 -0.0154144 -0.023097 -0.0199882 -0.0256855 -0.0226836 -0.0110822 -0.0163882 -0.0143845 -0.0198782 -0.0128684 -0.0014483 -0.00551743 0.00582458 0.00764403 0.00193852 -0.00311534 0.00478819 -0.00199413 0.00966311 0.00837591 0.00212842 0.00145315 0.00653086 0.00845907 0.0112459 0.0082717 0.0032612 0.00728514 0.00346417 0.00968056 0.00991925 0.0133659 0.0145731 0.0134818 0.0184768 0.016731 0.00447701 0.0087015 0.00516804 -0.00815736 0.00153151 0.00106495 -0.00454187 0.00606193 0.0104249 0.009452 -0.00359706 -0.00100612 -0.00112337 0.000154369 -0.00325862 -0.00181947 0.000417924 -0.00610816 -0.0143886 -0.00804811 -0.0136671 -0.015019 -0.00123854 -0.00723051 -0.00955381 -0.00520335 0.00368757 0.000484483 0.00120241 -0.00187658 -0.00625663 -0.00665285 0.000934726 -0.00347799 -0.000612933 -0.00226385 -0.0146675 -0.0147851 -0.0258987 -0.0217587 -0.0146563 -0.00520013 -0.0140745 -0.0211321 -0.0115764 -0.00904627 -0.00935388 -0.00214672 -0.0084242 -0.00663637 -0.0160233 -0.013644 -0.0168561 -0.0108326 -0.0215284 -0.0156364 -0.0129802 -0.018554 -0.0155744 -0.0055493 -0.0111821 -0.00553338 -0.0101936 -0.00923552 -0.0189055 -0.0232627 0.368684 0 0 0 0 0 0 0 0 0 0 0 0 0 
0 0 0 0 0 0 0 0 0 0 0 0 0 0 0 0 0 0 0 0 0 0 0 0 0 0 0 0 0 0 0 0 0 0 0 0 0 0 0 0 0 0 0 0 0 0 0 0 0 0 0 0 0 0 0 0 0 0.0145375 -0.0263739 -0.408268 -0.49051 -0.599515 -0.570156 -0.564134 -0.529923 -0.520841 -0.520063 -0.469089 -0.443308 -0.383156 -0.372462 -0.313622 -0.299631 -0.271624 -0.225091 -0.20644 -0.192702 -0.153582 -0.143184 -0.11507 -0.128981 -0.0952076 -0.098911 -0.0636422 -0.065581 -0.0706441 -0.066149 -0.068275 -0.0733791 -0.047968 -0.0451003 -0.0339831 -0.0305182 -0.0292323 -0.0248614 -0.0225509 -0.0296172 -0.0160229 -0.0106163 -0.00440237 -0.0195435 -0.0164791 -0.0132616 -0.00699229 -0.00601384 -0.00653395 -0.0121152 -0.0130555 0.00474319 0.00658234 0.00728702 0.00737697 0.00920057 0.00330622 0.00846212 0.013426 0.011465 0.00743764 -0.0083627 0.000267902 -0.0116662 -0.0046474 0.00350102 0.0122543 0.0156372 0.00437001 0.0138572 0.00641039 0.0115073 0.015536 0.0122015 0.00849363 0.00330196 -0.00413816 -0.00833397 -0.00223034 -0.000924333 -0.00473048 -6.63854e-005 0.00168143 0.00302398 0.00539217 0.00364615 0.00202185 0.00265292 -0.00474988 -0.00911185 -0.0160206 -0.0159326 -0.0127432 -0.0140965 -0.0173666 -0.00809618 -0.0131094 -0.00692559 0.00627086 0.00922699 0.00152237 0.00860694 0.0214758 0.0130557 0.014093 0.0097722 0.0038501 0.00292725 -0.0040581 -0.0244642 -0.0162948 -0.0255099 -0.00513002 -0.0155378 -0.00166887 -0.00540181 -0.00124542 -0.012028 -0.00727861 -0.00494021 -0.0114598 -0.00148226 -0.00871965 -0.00972649 -0.00555272 -0.00525603 -0.0115786 -0.00820167 -0.0290805 -0.0215821 -0.0299075 -0.021354 -0.0148245 -0.00251721 -0.000303922 -0.00357779 -0.00532544 -0.0158515 -0.026076 -0.0228098 0 0 0 0 0 0 0 0 0 0 0 0 0 0 
0 0 0 0 0 0 0 0 0 0 0 0 0 0 0 0 0 0 0 0 0 0 0 0 0 0 0 0 0 0 0 0 0 0 0 0 0 0 0 0 0 0 0 0 0 0 0 0 0 0 0 0 0 0 0 0 0 0 -0.216703 -0.696211 -0.649116 -0.672481 -0.682119 -0.642231 -0.627192 -0.594889 -0.545813 -0.521838 -0.477801 -0.429519 -0.389086 -0.352784 -0.293176 -0.261547 -0.244194 -0.220536 -0.186755 -0.163711 -0.128118 -0.114622 -0.0974318 -0.106765 -0.0859718 -0.067937 -0.0730177 -0.0658623 -0.0856661 -0.0788353 -0.0638307 -0.0566319 -0.0488556 -0.040202 -0.0386557 -0.0304013 -0.0230212 -0.023363 -0.0319837 -0.0223283 -0.0167556 -0.0264182 -0.0228292 -0.0224656 -0.0029924 -0.0124219 -0.00912398 -0.0113949 -0.00116502 0.00239145 0.0102737 0.00827311 0.00558559 0.002651 -0.00621518 -0.00350105 0.00725661 -0.00887494 -0.00669393 0.00493939 0.0114081 0.00852497 0.00879417 0.00625821 0.00518141 0.00225396 0.0114862 0.0190753 0.00662283 0.000879463 0.00508808 -0.000281626 0.0146372 0.00759856 0.00639764 0.00690616 -0.00085213 0.000947367 -0.00917236 -0.00463699 -0.00612094 0.00396342 0.00470865 0.00922664 0.0133623 -0.00752296 -0.0117323 -0.00423165 -0.00416804 -0.000871427 -0.00547226 -0.00980598 -0.0129274 -0.0149841 -0.0186757 -0.0022263 -0.000866959 0.00459926 0.0100997 0.0181809 0.0188868 0.00737382 0.00647125 -0.000345933 0.00762951 0.00363097 0.00565464 -0.00445768 -0.00230617 -0.00776153 -0.0070372 0.00169017 0.00501746 -0.00609355 0.00355702 -0.0154816 -0.00501414 -0.00968007 -0.00184413 -0.00443071 -0.00427966 -0.00410849 -0.00922071 -0.00160557 -0.00379575 0.000118499 -0.0116089 -0.00853814 -0.00899551 -0.0128738 -0.0155173 -0.0100298 -0.00663078 0.00508245 -0.0100275 -0.00770701 -0.0138967 -0.0213583 -0.0164347 0.0281594 0 0 0 0 0 0 0 0 0 0 0 0 0 
0 0 0 0 0 0 0 0 0 0 0 0 -1.10941 -0.191852 0.184162 0.17553 0.20583 0.178518 0.161699 0.159912 0.134338 0.137097 0.121398 0.104461 0.103779 0.0909382 0.0905232 0.0749846 0.0856528 0.0731742 0.0662753 0.0628476 0.0545446 0.0510724 0.0448358 0.0496766 0.0426846 0.0334764 0.0327093 0.0398908 0.0362188 0.0261674 0.0272208 0.027703 0.0304662 0.0214162 0.0246028 0.0259127 0.0215772 0.0222207 0.0275841 0.0219102 0.0263463 0.0245177 0.0247859 0.0144729 0.00651924 -0.0507562 -0.518236 -0.642699 -0.884519 -0.796949 -0.718636 -0.700054 -0.644129 -0.596346 -0.567966 -0.541911 -0.495799 -0.435899 -0.390464 -0.350027 -0.302542 -0.266752 -0.228296 -0.210627 -0.177955 -0.157433 -0.123336 -0.113347 -0.111761 -0.0898644 -0.0751358 -0.0787716 -0.0726158 -0.0683144 -0.06777 -0.0637246 -0.0663441 -0.053228 -0.0413189 -0.0506517 -0.0387502 -0.0311928 -0.028245 -0.0301363 -0.0221217 -0.0252143 -0.0208255 -0.00856414 -0.00445302 -0.0107131 -0.0237407 -0.0173936 -0.0109639 -0.00779485 -0.00822495 0.00214945 0.00442485 0.00266144 -0.00750083 -0.0040706 0.00555596 0.00148263 -0.00962236 -0.00324837 -0.000989595 0.006753 0.000396045 0.00884029 0.00225776 0.00672964 0.00638224 0.0157548 0.0185137 0.0115559 -0.0007259 0.00143031 0.00678764 0.00755029 0.00412235 0.0160975 0.0127623 0.00319136 0.000701238 0.00910403 0.00261462 -0.0181375 -0.000682715 0.0103418 0.00236347 0.00580803 0.00203754 -0.00875159 0.000493341 0.00159473 0.0137817 0.00516837 0.00617846 0.00259538 0.00124604 -0.0125749 -0.0152997 -0.0116335 -0.00527242 0.00373579 0.0110578 0.0160185 0.0130262 0.0100563 0.00517154 0.00541735 0.00598595 0.0182595 0.0157745 0.0100615 0.0117458 -0.00238951 0.0012267 0.00354751 0.0109171 0.00960676 0.00545609 0.00689611 -0.00541076 0.00112918 -0.0108331 -0.000658391 -0.00491949 -0.000748109 -0.00647048 -0.00842816 -0.0116446 -0.0054713 -0.0105985 -0.012668 -0.0156689 -0.0132564 -0.0198471 -0.0140785 -0.0134769 -0.00457265 0.00423629 -0.00750302 -0.00936499 -0.0149249 -0.0112505 0 0 0 0 0 0 0 0 0 0 0 0 0 0 
0 0 0 0 0 0 0 0 0 0 -0.0420825 0.0863105 -0.0775947 -0.30799 -0.206749 -0.186015 -0.134244 -0.0867188 -0.0668736 -0.0205361 -0.0221154 -0.0135775 0.02072 0.0210205 0.0195526 0.0603172 0.0338841 0.0630772 0.0629975 0.0264227 0.0695563 0.0767589 0.0702997 0.0969804 0.0776912 0.0989898 0.115295 0.112247 0.130805 0.113779 0.133318 0.109018 0.131042 0.121526 0.139475 0.126182 0.118497 0.107779 0.0975916 0.0859862 0.0981006 0.0815195 0.0585496 0.0460417 0.0347091 0.0200549 -0.0326706 -0.137555 -0.643246 -0.76457 -0.773245 -0.777811 -0.726004 -0.703372 -0.649039 -0.599796 -0.5602 -0.516674 -0.484597 -0.437856 -0.401509 -0.345692 -0.307281 -0.265173 -0.245473 -0.196846 -0.16787 -0.142544 -0.124755 -0.115671 -0.0950473 -0.0918245 -0.0770367 -0.0648493 -0.0603925 -0.0667332 -0.0634493 -0.0614392 -0.0583515 -0.0560479 -0.0416255 -0.0390495 -0.0338268 -0.0223568 -0.0211331 -0.0178331 -0.0197613 -0.0285691 -0.0154247 -0.0132656 -0.0178528 -0.00811757 -0.0053071 -0.00320327 -0.00801475 -0.0149378 -0.00293469 -0.0054651 0.00151093 -0.00293728 -0.000381733 0.00115896 -0.0032312 0.00626634 0.00513448 -0.00952104 -0.00162452 -0.000207089 0.00202708 -0.0065325 -0.00709725 -0.000943336 0.00244279 0.00734348 0.00607191 0.0109035 0.00737517 0.00249593 0.00539331 0.0116232 0.00808027 -0.00566428 -0.00269986 0.00143034 -0.00712375 -0.00905668 -0.0112803 -0.00396771 -0.000441328 0.00476988 0.00826674 0.00921886 0.00622793 0.00242278 -0.0114319 -0.00959014 -0.00250875 0.00143498 -0.0102957 -0.00896568 -0.000643338 0.00190988 -0.0107348 0.00489211 0.0114252 0.017908 0.025342 0.0206443 0.0219876 0.0186245 0.0214158 0.016237 0.0277809 0.020387 0.0107677 0.0147615 0.0129651 -0.00334208 0.00846469 0.0119304 0.00610357 0.0100879 0.00779008 -6.2611e-005 0.00361852 0.0037102 0.00479846 0.00374791 0.0036612 -0.00335474 -0.000717592 -0.00425796 -0.0011238 -0.00332618 -0.00873045 -0.00959839 -0.0137432 -0.0230198 -0.0194334 -0.0119231 -0.0120633 -0.00379218 -0.0077026 -0.011568 -0.0130432 -0.00631506 -0.00673613 -0.00821253 0 0 0 0 0 0 0 0 0 0 0 0 0 
0 0 0 0 0 0 0 0 0 0 0.0617655 2.65429e-005 -0.187476 -0.331782 -0.334332 -0.291394 -0.224381 -0.177524 -0.125009 -0.113143 -0.0750912 -0.0312073 -0.00929451 0.0166959 0.0340148 0.0300724 0.0334982 0.0426677 0.058705 0.0512992 0.0579886 0.0717521 0.0743708 0.0729536 0.0942407 0.070022 0.0791756 0.0782231 0.0890155 0.082677 0.0780626 0.0860966 0.0887541 0.0972785 0.0980817 0.0852649 0.0871404 0.0941838 0.0813085 0.0860108 0.083994 0.0727636 0.065262 0.0519683 0.0317892 -0.00247125 -0.0621289 -0.189586 -0.413671 -0.573562 -0.681377 -0.71828 -0.668453 -0.641715 -0.624921 -0.576363 -0.533557 -0.508376 -0.465614 -0.423607 -0.384149 -0.341726 -0.298481 -0.26013 -0.218814 -0.198295 -0.1576 -0.133672 -0.116682 -0.103576 -0.0946962 -0.0754993 -0.0685108 -0.0559232 -0.0602529 -0.0427149 -0.056037 -0.059088 -0.063293 -0.0409422 -0.0364584 -0.0329529 -0.0273005 -0.0143969 -0.0260239 -0.0243424 -0.0171518 -0.019687 -0.0179687 -0.0163084 -0.0181385 -0.0148495 -0.00263645 -0.00444181 -0.0126232 -0.00771469 -0.0134275 -0.00375375 -0.00565549 0.00379743 -0.0031985 0.00273213 0.00681078 0.00353466 -0.0054207 -0.00815678 -0.0201259 0.00263219 -0.00460819 0.0110998 -0.00128097 0.00968124 -0.00173899 0.00745439 0.0111915 0.00293984 0.00209814 -0.00379139 -0.00583212 0.000306511 0.00614308 0.0188333 0.0138148 0.000590726 -0.00218428 -0.000965061 -0.00661138 -0.00321829 -0.00588538 0.00287942 0.010707 -0.000427543 0.000432206 -0.000634001 0.000237119 -0.00506366 -0.0125312 -0.00171095 -0.000519168 0.00204019 -0.00520659 -0.00142955 -0.0129041 -0.0069858 0.0071327 0.0150733 0.0252312 0.0247873 0.0215873 0.0159095 0.0117958 0.0113911 0.0183497 0.0154505 0.0203713 0.0186451 0.0104756 0.0112259 0.0121436 0.00950656 0.0203873 0.0232904 0.00992865 0.00277342 0.010019 0.00520086 0.00316141 -0.000780731 -0.00310492 0.00158609 -0.00071948 -0.00264378 -8.73317e-005 0.000591664 -0.00340486 -0.00634697 -0.0060611 -0.00831597 -0.00934832 -0.00786861 -0.01017 -0.00221367 -0.0113814 -0.00477765 -0.0142335 -0.00360117 -0.00380579 0 0 0 0 0 0 0 0 0 0 0 0 0 0 
0 0 0 0 0 0 0 0 0 0 -0.0114381 0.0232204 -0.190265 -0.105006 -0.259569 -0.320735 -0.26687 -0.215077 -0.182257 -0.144723 -0.0986532 -0.0678646 -0.0182443 -0.0228456 -0.00709108 0.0250058 0.0421473 0.0454761 0.0377876 0.0611252 0.067213 0.0623979 0.0681814 0.0985604 0.0955116 0.0915064 0.0904369 0.091319 0.0917546 0.104716 0.109533 0.105258 0.100589 0.113665 0.105439 0.103412 0.105776 0.111789 0.104668 0.10537 0.0917187 0.0987995 0.0860501 0.0571025 0.0290567 -0.00925471 -0.0932408 -0.200391 -0.349044 -0.489886 -0.548681 -0.615884 -0.648787 -0.598618 -0.572772 -0.54003 -0.489547 -0.471369 -0.422507 -0.383588 -0.339515 -0.316033 -0.265612 -0.234667 -0.206746 -0.17269 -0.15292 -0.128815 -0.106021 -0.101852 -0.0790532 -0.0621304 -0.0515217 -0.0546274 -0.0495679 -0.0595686 -0.052034 -0.0412539 -0.0374467 -0.0487868 -0.031064 -0.0321574 -0.0300005 -0.027914 -0.0197665 -0.017349 -0.016465 -0.0120236 -0.0285315 -0.0150273 -0.0210674 -0.0122318 -0.0221559 -0.0153858 -0.00988022 -0.00989126 -0.00746652 -0.0148581 -0.0123906 -0.00317003 -0.00927353 -0.00371681 -0.00659802 0.00451958 -2.33598e-005 -0.0100834 0.0137995 -0.00641154 0.00912341 0.00337366 0.00357216 0.00206743 -0.00526677 -0.00235484 0.0139755 0.0113621 0.00875903 -0.0073156 -0.00321327 -0.00287858 0.00820249 0.016609 0.00757013 0.00708418 0.0116461 0.00419771 0.00592826 -0.000764495 0.00154247 -0.002251 0.00728504 -0.00285218 0.00228051 0.0108549 0.00576624 0.00342457 0.00494449 0.0175228 0.0229372 0.0180711 0.00489639 -0.010013 0.0062185 -0.00395681 0.00219367 0.0187455 0.0247095 0.0239616 0.0252502 0.023998 0.0204992 0.01713 0.0257922 0.0300248 0.0324885 0.0301713 0.0172752 0.0133574 0.0182294 0.0221026 0.0196958 0.0134165 0.012635 0.0159878 0.0148854 0.00953335 0.0135287 0.00971865 -0.000235335 0.000848075 -0.00186184 -0.00685106 -0.000223577 -0.0101483 -0.00827892 -0.0138271 -0.0124509 -0.0141267 -0.0202913 -0.0148932 -0.0153355 -0.0122495 -0.00806408 -0.0146964 -0.0137704 -0.00940157 -0.004673 -0.277245 0 0 0 0 0 0 0 0 0 0 0 0 0 
0 0 0 0 0 0 0 0 0 0 0.0239896 -0.0113373 -0.420405 -0.353017 -0.281074 -0.277802 -0.263361 -0.2395 -0.184832 -0.168164 -0.108733 -0.0771523 -0.0451666 -0.0253019 0.00737402 0.0107549 0.0275914 0.0318647 0.0466211 0.0433214 0.0616442 0.0757829 0.0855375 0.09848 0.107712 0.105187 0.100874 0.10152 0.120079 0.116445 0.129351 0.119234 0.130113 0.125623 0.136605 0.137456 0.135775 0.120988 0.119665 0.10879 0.115281 0.122702 0.109171 0.0736661 0.0262857 -0.0127331 -0.0860749 -0.199658 -0.317821 -0.416003 -0.496743 -0.531169 -0.558148 -0.555216 -0.523295 -0.500952 -0.472246 -0.422974 -0.398065 -0.357265 -0.320166 -0.282415 -0.251265 -0.216115 -0.181924 -0.150701 -0.129186 -0.111251 -0.0938322 -0.0771802 -0.0673786 -0.0541734 -0.0516064 -0.0468303 -0.0440691 -0.0476644 -0.0482555 -0.0436133 -0.0314463 -0.0374849 -0.0368889 -0.0346913 -0.026197 -0.016926 -0.0151795 -0.022744 -0.0231662 -0.0238582 -0.0184741 -0.0142649 -0.00135995 -0.00902369 -0.00805404 -0.00604612 -0.016141 -0.0163039 -0.0214837 -0.00825645 -0.0076964 -0.00342468 -0.00288138 -0.00041818 0.000838641 -0.00917026 -0.00204669 -0.00280247 -0.022639 -0.00513502 -0.0071934 0.00312002 -0.000762261 -0.000740707 0.00355179 -0.00178645 -0.00692403 -0.000601973 -0.00695664 -0.00221397 0.00516067 0.0122902 0.000755297 0.0116304 -0.00109293 0.000648681 -0.00317554 -0.000412948 -0.000708576 -0.000635822 -0.00443341 -0.00480358 0.00258878 0.00270943 0.00406238 -0.004726 -0.00325327 0.00468687 0.00220919 0.000124891 0.00487478 -0.0032138 0.0156681 0.0142598 0.0152797 0.0231315 0.0289239 0.0325031 0.0281423 0.0264025 0.038877 0.0311421 0.0398121 0.0277536 0.0263325 0.0220081 0.0195369 0.0244035 0.0239228 0.0203375 0.019591 0.0224371 0.0212916 0.0280013 0.018896 0.0176802 0.0185141 0.0068387 0.0119839 0.00959338 0.00499545 0.00795927 1.73676e-005 0.00247097 0.00474913 0.00584655 -0.00791896 -0.00367117 -0.0174714 -0.0155601 -0.0211283 -0.0244158 -0.0192356 -0.00982085 -0.00590695 -0.00692378 -0.00340299 0.00451252 0.00482391 0 0 0 0 0 0 0 0 0 0 0 0 0 0 
0 0 0 0 0 0 0 0 0 0 -0.021349 -0.0330698 -0.16188 -0.0887623 -0.301612 -0.272826 -0.259568 -0.23937 -0.194459 -0.155679 -0.111877 -0.0744665 -0.0477846 -0.0229971 -0.0203714 0.00792854 0.0207722 0.0301714 0.0421937 0.0417505 0.0597582 0.0867276 0.0968992 0.100077 0.0961896 0.0828494 0.103332 0.116465 0.130054 0.127452 0.121197 0.137198 0.124488 0.125909 0.131965 0.141912 0.130497 0.131457 0.12574 0.114182 0.115908 0.0978397 0.0847723 0.0642223 0.0272976 -0.0243334 -0.095765 -0.176337 -0.265206 -0.354669 -0.421355 -0.462223 -0.472404 -0.488246 -0.478844 -0.452254 -0.42136 -0.391034 -0.34347 -0.320446 -0.285103 -0.253072 -0.214785 -0.203692 -0.169892 -0.127566 -0.113446 -0.111264 -0.0959395 -0.0745961 -0.0687051 -0.0579141 -0.0347315 -0.0405383 -0.0270347 -0.0346001 -0.0409962 -0.0332709 -0.0414786 -0.0326873 -0.0345228 -0.0277098 -0.0187285 -0.0175309 -0.029533 -0.011342 -0.032278 -0.0121769 -0.0151774 -0.00433559 -0.0157223 -0.0103513 -0.00753803 -0.0129441 -0.0197153 -0.0126353 -0.0185241 -0.0174898 -0.00968946 0.00190415 0.0115979 0.0150405 0.00419845 -0.00440341 0.00149039 -0.00545639 -0.00858006 -0.00868303 0.005995 -0.0075326 0.00568293 0.0159974 0.00540856 0.0017 0.000820106 -0.00616777 -0.00502886 -0.00495399 -0.00879807 0.00591384 0.00537321 -0.00425909 0.0048008 0.0013497 0.0018547 -0.00566318 0.00416306 0.00301098 0.00581476 -0.00613087 -0.000316828 -0.00279656 -0.0078328 0.00245382 0.00757501 0.00524068 -0.00325139 -0.00283456 0.00305076 0.0212479 0.0176613 0.0125292 0.0132461 0.0104354 0.00606374 0.0178646 0.0267455 0.0340661 0.0351817 0.032272 0.0221862 0.0163379 0.0188936 0.0219098 0.0296714 0.036325 0.0300901 0.0141588 0.0255518 0.0112448 0.0327977 0.0285466 0.0260323 0.020046 0.0118889 0.00611899 0.00594067 0.00877732 0.0153019 0.0119592 0.00235922 -0.00678941 -0.00366169 0.000601759 0.0010227 -0.00619796 0.00245362 -0.0097259 -0.0118955 -0.0159112 -0.00626553 -0.00755911 0.00132211 -0.00800905 -0.00899368 -0.00924034 -0.00616675 -0.0639515 0 0 0 0 0 0 0 0 0 0 0 0 0 
0 0 0 0 0 0 0 0 0 0 -0.00736651 0.00893343 -0.185687 -0.284124 -0.19981 -0.254987 -0.21391 -0.17418 -0.177129 -0.143057 -0.110922 -0.0831136 -0.0546627 -0.0410175 0.00648066 0.0191291 0.0302009 0.0405279 0.0374615 0.0544251 0.0513008 0.0689814 0.0937999 0.0823599 0.080127 0.0882575 0.0949424 0.103753 0.105996 0.116399 0.117279 0.111931 0.114608 0.112793 0.124363 0.122175 0.125582 0.115722 0.117376 0.116262 0.100135 0.0945007 0.0830685 0.0490069 0.0190923 -0.0397567 -0.0936575 -0.166303 -0.230252 -0.295359 -0.3438 -0.388121 -0.41802 -0.409173 -0.391749 -0.382969 -0.35046 -0.324651 -0.299641 -0.247327 -0.23298 -0.218741 -0.192969 -0.162437 -0.134914 -0.113806 -0.093364 -0.0826804 -0.0836486 -0.0676632 -0.0473793 -0.0372207 -0.0243301 -0.0297194 -0.0454068 -0.0409213 -0.0288971 -0.0383604 -0.0302197 -0.026021 -0.0323966 -0.0221369 -0.0345813 -0.0185924 -0.00957414 -0.026075 -0.0158016 -0.0164854 -0.0183538 -0.0108818 -0.0082766 -0.0137013 -0.00742128 -0.0163494 -0.0210066 -0.0202938 -0.0045035 -0.00979574 -0.00917743 -0.0175519 -0.00169143 -0.00619416 0.00113675 -0.00953839 0.00414604 -0.00556275 0.00293861 0.0113845 -0.0157776 0.00904274 0.0185615 0.0197767 0.00972676 -0.00473897 -0.00869556 -0.00917033 -0.0113096 -0.00934058 0.0131648 -0.00617176 0.0172619 0.0207522 0.00444477 -0.0019239 0.00560869 0.0108127 0.00993242 0.0146311 -0.00423088 -0.00113129 -0.0154985 -0.000116334 -0.00106074 -0.00100963 0.00362914 0.00412165 0.0121142 0.0163855 0.013883 0.0205329 0.0419268 0.0437737 0.0237523 0.0368738 0.0177391 0.0313995 0.0389469 0.05743 0.0566628 0.0338712 0.0404807 0.0421346 0.0285728 0.0264697 0.042479 0.0342715 0.0331627 0.0325207 0.0306286 0.0351375 0.032193 0.0396976 0.0323411 0.0261785 0.0170893 0.00937884 0.00816253 0.0119573 0.0139632 0.00633021 0.00532247 -0.00437682 -0.00527147 -0.00530977 -0.00017531 -0.00380232 -0.00768534 -0.0105416 -0.016818 -0.0122157 -0.0154725 -0.0102732 -0.0145506 -0.0134259 -0.00742733 -0.00550163 -0.0124278 0 0 0 0 0 0 0 0 0 0 0 0 0 0 
0 0 0 0 0 0 0 0 0 0 -0.0339531 -0.039626 -0.143168 -0.223694 -0.230324 -0.200562 -0.204914 -0.188437 -0.156011 -0.144549 -0.114525 -0.0663239 -0.045945 -0.0186846 -0.00399707 0.0174477 0.0277129 0.0235062 0.0453755 0.0400183 0.0699711 0.0652586 0.0588 0.0635885 0.0712659 0.0755573 0.0769084 0.085938 0.102974 0.106459 0.102903 0.0911419 0.096949 0.103691 0.116332 0.110072 0.10777 0.0999264 0.0937141 0.0972371 0.0890757 0.0897487 0.0793261 0.0412706 0.00370017 -0.0376578 -0.102087 -0.145186 -0.189939 -0.229984 -0.289928 -0.309859 -0.331994 -0.346823 -0.332442 -0.30884 -0.307078 -0.260145 -0.216006 -0.225112 -0.186731 -0.158064 -0.142616 -0.138813 -0.104426 -0.0744775 -0.0640696 -0.0566538 -0.0592216 -0.0640154 -0.022979 -0.0279219 -0.0258734 -0.0120602 -0.0224945 -0.0253375 -0.0232882 -0.0104275 -0.020141 -0.0193745 -0.0221818 -0.00634964 -0.0107054 -0.0240721 -0.0277032 -0.0104197 -0.0207934 -0.0135621 -0.0211636 -0.0108479 -0.0190448 0.00428701 -0.00654293 -0.00788435 -0.00785165 -0.0104994 -0.0169067 -0.0125895 -0.0115102 0.00236248 0.0141846 -0.00104952 -0.00467986 0.000410859 -0.00397514 -0.00704903 -0.00666006 -0.0157824 -0.0032242 -0.00509912 0.0111998 0.0111558 0.00457059 0.000656259 0.00637243 -0.00692738 -0.0110468 -0.0014494 0.00216057 0.000661633 -0.0134791 0.00841556 -0.00201939 -0.00910536 -0.00120718 0.00934654 -0.00165603 -0.00468216 -0.00799437 -0.00912368 0.00100758 0.00196835 -0.00757337 -0.00615078 0.00131408 0.0195825 0.0127491 0.00936074 0.0173623 0.0221866 0.0268079 0.0352985 0.0250988 0.0252167 0.0325522 0.0372988 0.0440266 0.0387143 0.0243595 0.0431495 0.0335501 0.0380614 0.0263659 0.0331065 0.0300982 0.0352546 0.025831 0.0237422 0.0362925 0.0260657 0.0364561 0.0221336 0.0176997 0.0188149 0.0117788 0.0162732 0.0160099 0.0080215 0.0112278 0.0176506 0.0168593 0.00268154 0.0022798 -0.000602309 -0.00983102 -0.00184855 -0.0049424 -0.00934156 -0.013256 -0.0236279 -0.0182423 -0.00630454 -0.00921304 0.00339167 -0.000476826 0.00641391 -0.000205753 0.00935392 0 0 0 0 0 0 0 0 0 0 0 0 0 
0 0 0 0 0 0 0 0 0 0 -0.0147368 0.0119869 -0.114213 -0.0828245 -0.161749 -0.176635 -0.168824 -0.150745 -0.134659 -0.117934 -0.10038 -0.0573628 -0.0379137 -0.0338202 0.0050917 0.00613036 0.0196276 0.0270206 0.0183436 0.0354561 0.0526046 0.06193 0.0595501 0.0558941 0.0601524 0.050914 0.0586987 0.063697 0.0837325 0.0881119 0.0768016 0.0783664 0.0764909 0.0801782 0.0833035 0.0898356 0.0925272 0.0925424 0.0906584 0.0821455 0.077704 0.082984 0.0613816 0.0352897 0.00482568 -0.0497486 -0.0810941 -0.127252 -0.164308 -0.187078 -0.219897 -0.247611 -0.250268 -0.259626 -0.263452 -0.287185 -0.267448 -0.250427 -0.213576 -0.161749 -0.158057 -0.143264 -0.14332 -0.131909 -0.120016 -0.0614327 -0.0389673 -0.0771607 -0.0727021 -0.0375329 -0.0491766 -0.0343149 -0.0279923 -0.0117145 -0.0311968 -0.013109 -0.00711895 -0.03031 -0.0231146 -0.00339586 -0.0185449 -0.0171445 -0.00946519 -0.0115809 -0.039961 -0.0142943 -0.00807248 -0.00770023 -0.0504448 -0.00851396 0.00997564 -0.0049091 -0.00628874 -0.0013447 0.00421067 -0.00361959 0.00243861 -0.00872596 -0.00102914 -0.00843682 0.0073059 0.0296401 -0.00914341 -0.00287556 0.00691131 -0.00983215 0.00509867 -0.0070016 -0.00585229 -0.0215001 0.0175432 0.0178705 0.00948618 -0.00305676 -0.00835079 0.00430694 0.00525629 0.00633313 -0.00801155 -0.0022035 0.0220499 -0.00978993 -0.00317563 -0.0106769 0.00801803 0.0150131 -0.00786876 0.00196683 -0.00563703 0.00209248 -0.00730466 -0.00148568 -0.00578977 0.00413964 0.00357123 0.00540161 0.0147799 0.00844234 -0.00777544 0.00919985 0.0290747 0.0333084 0.0286438 -0.00434022 0.0057196 0.021634 0.0520701 0.0298823 0.0373589 0.0247863 0.0271941 0.0329687 0.0310513 0.0236482 0.0266217 0.0380163 0.0287602 0.0222136 0.0172004 0.0156166 0.0269172 0.0234576 0.01405 0.00999016 0.0110736 0.00474801 0.00469984 0.0143498 0.011361 0.0101399 0.012749 0.00632933 -0.00474375 -0.00864506 -0.00773509 -0.0036629 -0.00710256 -0.00507244 -0.0215573 -0.0170249 -0.0156405 -0.0199459 -0.00463368 -0.0133818 -0.00410361 -0.0103258 -0.00655851 0 0 0 0 0 0 0 0 0 0 0 0 0 0 
0 0 0 0 0 0 0 0 0 0 -0.00807086 -0.0447488 -0.187623 -0.141369 -0.0939893 -0.120588 -0.128008 -0.115402 -0.108649 -0.0840225 -0.0808934 -0.0575905 -0.0573676 -0.0131959 0.00983408 0.0202988 0.022605 0.0159241 0.0116712 0.0224279 0.0435309 0.0412034 0.0421122 0.032817 0.0412148 0.0431373 0.0353623 0.0414098 0.0455259 0.0622276 0.0589309 0.0547498 0.0422705 0.0546827 0.0716999 0.0651126 0.0643577 0.0575728 0.0766278 0.0752407 0.0705965 0.0551398 0.0504056 0.0285413 -0.00640829 -0.0280721 -0.0656332 -0.0990907 -0.119948 -0.141875 -0.156551 -0.165119 -0.170807 -0.182005 -0.189695 -0.171715 -0.173493 -0.155953 -0.141933 -0.126479 -0.103259 -0.0793939 -0.0990654 -0.0900489 -0.0675043 -0.0797565 -0.0534309 -0.0133903 -0.0333166 -0.04114 -0.0112919 -0.0228763 -0.0203647 -0.0145513 -0.0126531 -0.0105705 -0.00586472 -0.0202784 -0.00318676 -0.0269876 -0.0150656 0.0020474 -0.0262957 -0.0154035 -0.0102008 -0.0105173 -0.00545432 -0.00262916 -0.0122595 0.00180643 -0.0176858 -0.00517691 -0.0124646 0.00402453 -0.0209343 0.0116151 0.013582 0.00262584 -0.010142 0.00017723 -0.00154861 0.00385501 -0.0107771 0.01365 0.0118411 0.0143843 0.00282281 -0.0128799 0.00718144 -0.00145279 0.0162443 0.00999255 0.0192474 -0.0148338 -0.0408751 -0.00694303 0.00800854 0.00576316 0.00989894 0.00803333 -0.00088883 0.0105137 -0.00237474 -0.0232673 -0.00655736 0.0228567 0.0218373 0.0460313 0.0292414 -0.00453117 0.00376946 0.022647 0.018322 -0.00796729 0.0133587 0.0239427 0.0103044 0.0213434 0.0157988 0.0294836 0.0388808 0.0691037 0.0562627 0.0600744 0.0403511 0.0583584 0.0698782 0.0414289 0.0203605 0.0408436 0.0108369 0.0301543 0.0166773 0.0320704 0.0330105 0.0338693 0.0416482 0.029391 0.0333964 0.0455728 0.0368603 0.0166001 0.00624998 0.0145776 -0.00263672 0.00649286 0.00904546 0.00371011 0.023445 0.0182329 0.0160475 0.00481986 -0.00130358 0.000238939 0.00121182 -0.0147102 -0.0150108 -0.0241701 -0.0199167 -0.0175535 -0.0245875 -0.0118938 -0.0173716 0.00434446 -0.0051685 -0.00442168 0.00176604 0.0307352 0 0 0 0 0 0 0 0 0 0 0 0 0 
0 0 0 0 0 0 0 0 0 0 -0.00929088 -0.0478803 0.00216973 0.125462 -0.0205386 -0.0573289 -0.063491 -0.0582625 -0.0609816 -0.0602708 -0.02932 -0.0386778 -0.0247616 -0.0024213 0.0034895 0.0158021 0.00729645 0.0201061 0.0167669 0.0184846 0.0276623 0.0228703 0.0172931 0.0142051 0.0272042 0.0173385 0.023888 0.0117494 0.0341143 0.0497655 0.0428657 0.0220931 0.0195402 0.0510367 0.0464179 0.0429827 0.0294151 0.0319877 0.0419707 0.0233634 0.00911721 0.0283827 0.0239449 0.0117065 -0.0179665 -0.0302321 -0.0561307 -0.0815703 -0.0758938 -0.101563 -0.107715 -0.130628 -0.110637 -0.101949 -0.106651 -0.132009 -0.123016 -0.0988408 -0.0723713 -0.0549996 -0.049541 -0.048615 -0.0737524 -0.0645945 -0.0162775 -0.0236394 -0.00782598 -0.00602227 0.00452255 -0.031909 -0.0200558 0.00270602 -0.00324316 -0.00970117 -0.00247889 -0.00429876 -0.0137677 0.00157604 -0.00614577 -0.00899841 -0.00991333 0.00340487 -0.00804303 -0.0092126 -0.018355 0.00111015 0.0133379 -0.0218425 -0.0117762 -0.00749941 0.00826447 -0.0280988 0.00732472 -0.00235224 0.00341152 0.00160303 0.00180734 -0.0115402 0.00401872 0.00113641 6.91463e-005 0.0041575 -0.000764752 -0.00639822 0.0122997 -0.0123819 0.00162586 -0.00245834 -0.00221321 -0.00509361 0.00346438 0.00328967 -0.00189753 0.00390473 -0.00822229 0.00383548 0.00298228 -0.00224342 0.00855472 0.0120568 -0.00828828 -0.00452411 0.00332079 -0.0187606 0.00761416 -0.00794864 0.00649733 0.00379175 0.026431 -0.00911048 0.00211343 -0.00291007 0.00200917 0.00352979 -0.00181052 0.00354588 0.0227585 0.0070334 -0.0148583 0.0133384 0.0189689 0.0104125 0.020611 0.0205791 2.75594e-005 0.0213685 0.0284412 0.032216 0.0237858 -0.000535494 0.0152116 0.000494893 0.00474218 0.018887 0.00283913 0.013092 0.00994008 0.00658156 0.0187309 0.0129819 0.0228102 0.0108732 0.012712 0.00217162 -0.00460868 -0.00195052 -0.000723164 0.0140535 0.00853685 0.0126241 0.00585118 0.00546675 0.000448597 0.00193445 -0.0201377 -0.0135745 -0.0100806 -0.0224385 -0.0172953 -0.01532 -0.0173247 -0.0291056 0.00331946 0.00537063 -0.00342875 0.0041058 0.00312425 0.309943 0 0 0 0 0 0 0 0 0 0 0 0 0 
0 0 0 0 0 0 0 0 0 0 0.0264681 0.0164158 0.0621052 0.0268541 0.028848 -0.0284894 -0.0305011 -0.0335411 -0.0258695 -0.0348393 -0.0251383 -0.012075 -0.0192495 -0.00943746 -0.00908137 0.0101359 0.0199942 0.00911295 0.017835 0.00224865 0.0189962 0.00312425 0.0211908 0.0187796 0.00916905 0.0173182 -0.000439769 0.0347907 0.0255229 0.0126373 0.0218472 0.0155211 0.0283181 0.0161214 0.0353994 0.0317766 0.00698838 0.00536559 0.0105536 0.00264893 -0.000411353 0.00490213 0.00310188 -0.0129616 -0.0375696 -0.0619863 -0.0605057 -0.0701237 -0.0760063 -0.0514779 -0.0767006 -0.0736782 -0.0763022 -0.103121 -0.0724841 -0.0940327 -0.136997 -0.101362 -0.0962599 -0.0778986 -0.0283338 -0.0500082 -0.0551507 -0.0821063 -0.0734599 -0.0548325 0.0131069 -0.0160576 0.0149888 -0.00647966 -0.0234876 0.0230774 -0.0500094 0.00215681 0.00951895 -0.031846 -0.0268338 -0.00683052 0.0283961 -0.0137501 0.0111244 -0.0149743 -0.00879652 0.0115569 -0.029857 0.0135831 -0.00413653 -0.00348995 -0.0198333 0.0227247 -0.0324564 -0.0223569 0.00907586 0.00891563 -0.00540385 -0.00056154 -0.000317495 0.0137343 0.00511436 -0.0218312 0.0310543 -0.00616083 0.0208915 -0.00454933 -0.0199503 0.021802 0.0103927 0.000286478 -0.0105165 0.00146687 0.00243594 -0.0086124 -0.00428799 0.0107276 -0.0122284 0.00116447 0.0129287 -0.00318301 0.0167503 -0.0114027 0.00777393 0.00937553 -0.00718441 0.0121032 -0.0148132 0.0199995 -0.00765253 0.0111784 0.0191398 0.0101709 -0.00813475 0.0152926 -0.000451404 0.00262739 -0.015145 0.00576932 0.0129681 0.00420387 -0.0293391 0.0132786 -0.00514586 0.00918221 0.0239274 0.012422 0.0183322 -0.0111863 0.0133328 0.0126836 0.025455 0.00519096 -0.0121186 0.0196271 0.0351307 -0.0206782 -0.0075863 -0.00422897 -0.00939942 -0.0053447 -0.025401 0.0229151 0.0112172 -0.00295124 -0.00178838 0.00283593 -0.0150717 0.00768717 -0.00234681 -0.00617202 -0.00191397 0.00656619 -0.0235017 -0.0062318 0.0196558 0.0143173 -0.018765 -0.00632275 -0.00679148 -0.0374735 -0.0198297 -0.00234308 -0.0271712 -0.0191193 -0.0267384 -0.0158651 -0.00626649 0.0224535 0.0187044 0 0 0 0 0 0 0 0 0 0 0 0 0 0 
0 0 0 0 0 0 0 0 0 0 0 -0.191472 0.155489 0.113532 0.0589087 -0.00364005 -0.0308606 -0.000150193 -0.0240569 -0.0141822 -0.0063081 -0.0152759 -0.0048093 0.0103346 -0.0158127 -0.00333444 0.016102 0.00841085 0.0197591 0.0104994 0.00254835 0.0147614 0.0008836 0.00353499 0.00647726 0.00496727 0.0166447 0.0169038 0.00393452 0.0199565 0.00782241 -0.00231768 0.00712474 0.00880697 0.0156467 0.0190472 -0.0110762 0.00377819 0.0131641 -0.015322 0.00220939 -0.0068596 -0.00423588 -0.0162193 -0.0188396 -0.00770923 -0.027689 -0.00521456 -0.0240332 -0.0204735 -0.0241415 -0.0223214 -0.0205917 -0.0139661 -0.0273158 0.00125938 -0.0324735 -0.010221 0.00729051 -0.0246753 0.00200051 0.000565272 -0.00179032 -0.0267354 0.0127766 -0.0126764 0.00228039 0.00125144 -0.000600898 -0.00611442 0.00271876 -0.00472931 -0.00039504 -0.00524125 0.00800886 -0.0062117 -0.00168894 0.000949809 0.00282626 -0.00106911 -0.00465105 -0.00247279 0.00405692 0.00102482 -0.0100509 0.00893547 -0.00478867 0.00511226 -0.00303594 -0.000755332 -0.00712678 -0.000458023 0.00273608 0.00261769 -0.00395754 -0.00218667 0.000694751 -0.00336803 0.0078854 -0.010858 0.00459275 -0.000571545 0.00382217 0.000563771 0.000189709 0.00107993 -0.000158317 -0.0010335 -0.00115227 0.000365039 0.00397806 -0.00646561 0.00209784 0.00202788 -0.0028632 -0.00219992 0.00437174 -0.00329822 0.00137547 0.00109708 0.00147616 0.002841 -0.00675704 0.00123023 0.00202284 0.000687225 0.000701237 0.000960237 -0.000762011 0.000595979 0.00204715 -0.00127495 0.00416868 -0.00392836 -0.00251807 0.00740551 -0.00563533 0.00283287 -0.0068554 0.00937404 -0.00242364 -0.000430864 -0.00131279 0.00229081 0.00510058 -0.00277754 0.00275133 0.0035211 -0.00394996 0.00550802 -0.00462277 -0.0027743 0.00677123 -0.000280213 0.00497125 -0.00341538 -0.00882997 -0.00238683 0.00895535 0.00436575 -0.00942545 -0.00308806 0.00529958 0.000998989 -0.00315994 -0.00378599 -0.00110862 0.0090382 0.000532764 -0.00698575 0.00370705 -0.00286855 -0.00792436 0.00149387 0.0120889 -0.0080067 -0.00328622 -0.0049606 0.000490556 0.353499 -0.0027699 0.148682 -0.00885564 0 0 0 0 0 0 0 0 0 0 0 0 0 0 0 0 0 0 
0 0 0 0 0 0 0 0 0 0 0 0 0.0871273 -0.00688796 -0.0114286 -0.020005 -0.00930564 -0.0109404 -0.00578015 -0.00379986 0.00641032 -0.00283671 -0.002724 0.000198496 -0.00280891 0.00249308 0.00497847 0.00279162 0.00742066 -0.00301687 -0.00686263 0.000477584 0.0025009 0.00572309 0.00472746 -0.00376406 -0.0060589 0.00747644 -0.00504721 -0.000105068 0.00361086 0.000423125 -0.00153519 -0.00212473 0.000668216 -0.0074916 -0.00141937 -0.00265926 -0.0209246 0.00194416 -0.0199849 -0.0176487 -0.0179751 -0.00909172 0.0220962 -0.0226147 -0.059653 0.000933206 -0.0894236 -0.0883823 0 0 0 0 0 0 0 0 0 0 0 0 0 0 0 0 0 0 0 0 0 0 0 0 0 0 0 0 0 0 0 0 0 0 0 0 0 0 0 0 0 0 0 0 0 0 0 0 0 0 0 0 0 0 0 0 0 0 0 0 0 0 0 0 0 0 0 0 0 0 0 0 0 0 0 0 0 0 0 0 0 0 0 0 0 0 0 0 0 0 0 0 0 0 0 0 0 0 0 0 0 0 0 0 0 0 0 0 0 0 0 0 0 0 0 0 0 0 0 0 0 0 0 0 0 0 0 0 0 0 0 0 0 0 0 0 0 0 0 0 0 0 0 0 0 0 0 0 0 0 0 
0 0 0 0 0 0 0 0 0 0 0 0 0 0 0 0 0 0 0 0 0 0 0 0 0 0 0 0 0 0 0 0 0 0 0 0 0 0 0 0 0 0 0 0 0 0 0 0 0 0 0 0 0 0 0 0 0 0 0 0 0 0 0 0 0 0 0 0 0 0 0 0 0 0 0 0 0 0 0 0 0 0 0 0 0 0 0 0 0 0 0 0 0 0 0 0 0 0 0 0 0 0 0 0 0 0 0 0 0 0 0 0 0 0 0 0 0 0 0 0 0 0 0 0 0 0 0 0 0 0 0 0 0 0 0 0 0 0 0 0 0 0 0 0 0 0 0 0 0 0 0 0 0 0 0 0 0 0 0 0 0 0 0 0 0 0 0 0 0 0 0 0 0 0 0 0 0 0 0 0 0 0 0 0 0 0 0 0 0 0 0 0 0 0 0 0 0 0 0 0 0 0 0 0 0 0 0 0 0 0 0 
0 0 0 0 0 0 0 0 0 0 0 0 0 0 0 0 0 0 0 0 0 0 0 0 0 0 0 0 0 0 0 0 0 0 0 0 0 0 0 0 0 0 0 0 0 0 0 0 0 0 0 0 0 0 0 0 0 0 0 0 0 0 0 0 0 0 0 0 0 0 0 0 0 0 0 0 0 0 0 0 0 0 0 0 0 0 0 0 0 0 0 0 0 0 0 0 0 0 0 0 0 0 0 0 0 0 0 0 0 0 0 0 0 0 0 0 0 0 0 0 0 0 0 0 0 0 0 0 0 0 0 0 0 0 0 0 0 0 0 0 0 0 0 0 0 0 0 0 0 0 0 0 0 0 0 0 0 0 0 0 0 0 0 0 0 0 0 0 0 0 0 0 0 0 0 0 0 0 0 0 0 0 0 0 0 0 0 0 0 0 0 0 0 0 0 0 0 0 0 0 0 0 0 0 0 0 0 0 0 0 0 
0 0 0 0 0 0 0 0 0 0 0 0 0 0 0 0 0 0 0 0 0 0 0 0 0 0 0 0 0 0 0 0 0 0 0 0 0 0 0 0 0 0 0 0 0 0 0 0 0 0 0 0 0 0 0 0 0 0 0 0 0 0 0 0 0 0 0 0 0 0 0 0 0 0 0 0 0 0 0 0 0 0 0 0 0 0 0 0 0 0 0 0 0 0 0 0 0 0 0 0 0 0 0 0 0 0 0 0 0 0 0 0 0 0 0 0 0 0 0 0 0 0 0 0 0 0 0 0 0 0 0 0 0 0 0 0 0 0 0 0 0 0 0 0 0 0 0 0 0 0 0 0 0 0 0 0 0 0 0 0 0 0 0 0 0 0 0 0 0 0 0 0 0 0 0 0 0 0 0 0 0 0 0 0 0 0 0 0 0 0 0 0 0 0 0 0 0 0 0 0 0 0 0 0 0 0 0 0 0 0 0 
0 0 0 0 0 0 0 0 0 0 0 0 0 0 0 0 0 0 0 0 0 0 0 0 0 0 0 0 0 0 0 0 0 0 0 0 0 0 0 0 0 0 0 0 0 0 0 0 0 0 0 0 0 0 0 0 0 0 0 0 0 0 0 0 0 0 0 0 0 0 0 0 0 0 0 0 0 0 0 0 0 0 0 0 0 0 0 0 0 0 0 0 0 0 0 0 0 0 0 0 0 0 0 0 0 0 0 0 0 0 0 0 0 0 0 0 0 0 0 0 0 0 0 0 0 0 0 0 0 0 0 0 0 0 0 0 0 0 0 0 0 0 0 0 0 0 0 0 0 0 0 0 0 0 0 0 0 0 0 0 0 0 0 0 0 0 0 0 0 0 0 0 0 0 0 0 0 0 0 0 0 0 0 0 0 0 0 0 0 0 0 0 0 0 0 0 0 0 0 0 0 0 0 0 0 0 0 0 0 0 0 
0 0 0 0 0 0 0 0 0 0 0 0 0 0 0 0 0 0 0 0 0 0 0 0 0 0 0 0 0 0 0 0 0 0 0 0 0 0 0 0 0 0 0 0 0 0 0 0 0 0 0 0 0 0 0 0 0 0 0 0 0 0 0 0 0 0 0 0 0 0 0 0 0 0 0 0 0 0 0 0 0 0 0 0 0 0 0 0 0 0 0 0 0 0 0 0 0 0 0 0 0 0 0 0 0 0 0 0 0 0 0 0 0 0 0 0 0 0 0 0 0 0 0 0 0 0 0 0 0 0 0 0 0 0 0 0 0 0 0 0 0 0 0 0 0 0 0 0 0 0 0 0 0 0 0 0 0 0 0 0 0 0 0 0 0 0 0 0 0 0 0 0 0 0 0 0 0 0 0 0 0 0 0 0 0 0 0 0 0 0 0 0 0 0 0 0 0 0 0 0 0 0 0 0 0 0 0 0 0 0 0 
0 0 0 0 0 0 0 0 0 0 0 0 0 0 0 0 0 0 0 0 0 0 0 0 0 0 0 0 0 0 0 0 0 0 0 0 0 0 0 0 0 0 0 0 0 0 0 0 0 0 0 0 0 0 0 0 0 0 0 0 0 0 0 0 0 0 0 0 0 0 0 0 0 0 0 0 0 0 0 0 0 0 0 0 0 0 0 0 0 0 0 0 0 0 0 0 0 0 0 0 0 0 0 0 0 0 0 0 0 0 0 0 0 0 0 0 0 0 0 0 0 0 0 0 0 0 0 0 0 0 0 0 0 0 0 0 0 0 0 0 0 0 0 0 0 0 0 0 0 0 0 0 0 0 0 0 0 0 0 0 0 0 0 0 0 0 0 0 0 0 0 0 0 0 0 0 0 0 0 0 0 0 0 0 0 0 0 0 0 0 0 0 0 0 0 0 0 0 0 0 0 0 0 0 0 0 0 0 0 0 0 
0 0 0 0 0 0 0 0 0 0 0 0 0 0 0 0 0 0 0 0 0 0 0 0 0 0 0 0 0 0 0 0 0 0 0 0 0 0 0 0 0 0 0 0 0 0 0 0 0 0 0 0 0 0 0 0 0 0 0 0 0 0 0 0 0 0 0 0 0 0 0 0 0 0 0 0 0 0 0 0 0 0 0 0 0 0 0 0 0 0 0 0 0 0 0 0 0 0 0 0 0 0 0 0 0 0 0 0 0 0 0 0 0 0 0 0 0 0 0 0 0 0 0 0 0 0 0 0 0 0 0 0 0 0 0 0 0 0 0 0 0 0 0 0 0 0 0 0 0 0 0 0 0 0 0 0 0 0 0 0 0 0 0 0 0 0 0 0 0 0 0 0 0 0 0 0 0 0 0 0 0 0 0 0 0 0 0 0 0 0 0 0 0 0 0 0 0 0 0 0 0 0 0 0 0 0 0 0 0 0 0 
0 0 0 0 0 0 0 0 0 0 0 0 0 0 0 0 0 0 0 0 0 0 0 0 0 0 0 0 0 0 0 0 0 0 0 0 0 0 0 0 0 0 0 0 0 0 0 0 0 0 0 0 0 0 0 0 0 0 0 0 0 0 0 0 0 0 0 0 0 0 0 0 0 0 0 0 0 0 0 0 0 0 0 0 0 0 0 0 0 0 0 0 0 0 0 0 0 0 0 0 0 0 0 0 0 0 0 0 0 0 0 0 0 0 0 0 0 0 0 0 0 0 0 0 0 0 0 0 0 0 0 0 0 0 0 0 0 0 0 0 0 0 0 0 0 0 0 0 0 0 0 0 0 0 0 0 0 0 0 0 0 0 0 0 0 0 0 0 0 0 0 0 0 0 0 0 0 0 0 0 0 0 0 0 0 0 0 0 0 0 0 0 0 0 0 0 0 0 0 0 0 0 0 0 0 0 0 0 0 0 0 
0 0 0 0 0 0 0 0 0 0 0 0 0 0 0 0 0 0 0 0 0 0 0 0 0 0 0 0 0 0 0 0 0 0 0 0 0 0 0 0 0 0 0 0 0 0 0 0 0 0 0 0 0 0 0 0 0 0 0 0 0 0 0 0 0 0 0 0 0 0 0 0 0 0 0 0 0 0 0 0 0 0 0 0 0 0 0 0 0 0 0 0 0 0 0 0 0 0 0 0 0 0 0 0 0 0 0 0 0 0 0 0 0 0 0 0 0 0 0 0 0 0 0 0 0 0 0 0 0 0 0 0 0 0 0 0 0 0 0 0 0 0 0 0 0 0 0 0 0 0 0 0 0 0 0 0 0 0 0 0 0 0 0 0 0 0 0 0 0 0 0 0 0 0 0 0 0 0 0 0 0 0 0 0 0 0 0 0 0 0 0 0 0 0 0 0 0 0 0 0 0 0 0 0 0 0 0 0 0 0 0 
