0 0 0 0 0 0 0 0 0 0 -50 -1.97641e-013 -50 0 0 -50 -1.97641e-013 -50 -8.47033e-014 -8.47033e-014 -50 -9.88205e-014 -50 -8.47033e-014 -8.47033e-014 -9.88205e-014 -50 -50 -8.47033e-014 -8.47033e-014 -50 -9.88205e-014 -50 -8.47033e-014 -8.47033e-014 -50 -9.88205e-014 -50 
0.0004801 0.158333 22034.1 0.0326867 0.158205 41.3632 -42.5879 93.5494 -0.0148551 -0.0148551 -49.9922 -0.0111071 -49.9922 0.0188933 0.0188933 -49.9489 0.0283341 -49.9489 0.0546282 0.0546282 -49.9445 0.0537106 -49.9445 0.0594653 0.0594653 0.0477808 -49.9512 -49.9512 0.0391896 0.0391896 -49.9682 0.00519826 -49.9682 0.0039925 0.0039925 -50.0277 0.00335712 -50.0277 
0.0009701 0.321667 45338.3 0.0705515 0.319024 88.6941 -116.606 221.578 -0.0492872 -0.0492872 -49.9923 -0.0277055 -49.9923 0.0442579 0.0442579 -49.8912 0.0623826 -49.8912 0.12703 0.12703 -49.8767 0.132025 -49.8767 0.141405 0.141405 0.1173 -49.8887 -49.8887 0.096566 0.096566 -49.9273 0.00231075 -49.9273 -0.00257299 -0.00257299 -50.075 -0.00540467 -50.075 
0.0014601 0.485 68719.7 0.111015 0.472867 139.274 -194.984 351.608 -0.0945834 -0.0945834 -49.9819 -0.0478832 -49.9819 0.0773792 0.0773792 -49.8354 0.107248 -49.8354 0.207933 0.207933 -49.8157 0.210715 -49.8157 0.224624 0.224624 0.182506 -49.8226 -49.8226 0.159764 0.159764 -49.8795 0.00251072 -49.8795 -0.00672872 -0.00672872 -50.1252 -0.00690516 -50.1252 
0.0019501 0.648333 92168.1 0.155822 0.621588 195.282 -268.581 489.039 -0.133936 -0.133936 -49.966 -0.0659613 -49.966 0.117765 0.117765 -49.772 0.159393 -49.772 0.289531 0.289531 -49.7531 0.288088 -49.7531 0.312579 0.312579 0.25599 -49.7634 -49.7634 0.231079 0.231079 -49.8264 0.005457 -49.8264 -0.00610488 -0.00610488 -50.1723 -0.0190104 -50.1723 
0.0024401 0.811667 115673 0.204636 0.765897 256.299 -329.276 626.201 -0.175501 -0.175501 -49.9431 -0.0837584 -49.9431 0.166311 0.166311 -49.7117 0.218826 -49.7117 0.375522 0.375522 -49.6913 0.368748 -49.6913 0.400363 0.400363 0.328088 -49.7023 -49.7023 0.307052 0.307052 -49.7726 0.0179596 -49.7726 0.00333465 0.00333465 -50.2111 -0.02844 -50.2111 
0.0029301 0.975 139231 0.257022 0.906225 321.782 -387.494 763.901 -0.213769 -0.213769 -49.9141 -0.0984402 -49.9141 0.221894 0.221894 -49.6487 0.281527 -49.6487 0.460363 0.460363 -49.6316 0.448802 -49.6316 0.488493 0.488493 0.403593 -49.6416 -49.6416 0.392184 0.392184 -49.7141 0.037419 -49.7141 0.0164412 0.0164412 -50.2484 -0.0386368 -50.2484 
0.0034201 1.13833 162836 0.312333 1.04287 390.921 -435.929 910.572 -0.250524 -0.250524 -49.887 -0.110849 -49.887 0.281702 0.281702 -49.5876 0.358625 -49.5876 0.551956 0.551956 -49.5717 0.534234 -49.5717 0.582362 0.582362 0.478335 -49.5792 -49.5792 0.476832 0.476832 -49.6572 0.0612806 -49.6572 0.0338744 0.0338744 -50.2794 -0.0538703 -50.2794 
0.0039101 1.30167 186493 0.366703 1.1819 458.882 -481.955 1057.72 -0.288875 -0.288875 -49.856 -0.124057 -49.856 0.340198 0.340198 -49.5284 0.419478 -49.5284 0.640656 0.640656 -49.5115 0.617863 -49.5115 0.676534 0.676534 0.555396 -49.5192 -49.5192 0.562581 0.562581 -49.6004 0.0886823 -49.6004 0.0507575 0.0507575 -50.3089 -0.0714375 -50.3089 
0.0044001 1.465 210210 0.421552 1.32072 527.444 -528.197 1208.72 -0.326769 -0.326769 -49.8247 -0.13809 -49.8247 0.402158 0.402158 -49.4699 0.482878 -49.4699 0.732562 0.732562 -49.452 0.70423 -49.452 0.773179 0.773179 0.633214 -49.4594 -49.4594 0.644692 0.644692 -49.5458 0.116542 -49.5458 0.0689805 0.0689805 -50.3384 -0.0908298 -50.3384 
0.0048901 1.62833 233972 0.478291 1.45747 598.368 -568.104 1358.8 -0.361747 -0.361747 -49.7911 -0.150555 -49.7911 0.467275 0.467275 -49.41 0.5458 -49.41 0.824726 0.824726 -49.391 0.791369 -49.391 0.869229 0.869229 0.71176 -49.4007 -49.4007 0.728565 0.728565 -49.4892 0.147892 -49.4892 0.090921 0.090921 -50.364 -0.113032 -50.364 
0.0053801 1.79167 257779 0.536712 1.59222 671.394 -618.084 1510.66 -0.395972 -0.395972 -49.7554 -0.159463 -49.7554 0.535383 0.535383 -49.3516 0.610056 -49.3516 0.918345 0.918345 -49.3304 0.879001 -49.3304 0.966415 0.966415 0.790727 -49.339 -49.339 0.813197 0.813197 -49.4305 0.18358 -49.4305 0.113836 0.113836 -50.3877 -0.136377 -50.3877 
0.0058701 1.955 281629 0.596858 1.72511 746.576 -668.353 1666.71 -0.428144 -0.428144 -49.7174 -0.167452 -49.7174 0.605318 0.605318 -49.2924 0.676444 -49.2924 1.01284 1.01284 -49.2693 0.968011 -49.2693 1.06629 1.06629 0.871162 -49.279 -49.279 0.898804 0.898804 -49.3737 0.223884 -49.3737 0.140653 0.140653 -50.4077 -0.159903 -50.4077 
0.0063601 2.11833 305518 0.658542 1.85614 823.681 -714.826 1824.12 -0.457886 -0.457886 -49.6778 -0.173912 -49.6778 0.677839 0.677839 -49.2335 0.743687 -49.2335 1.10864 1.10864 -49.2087 1.05832 -49.2087 1.16704 1.16704 0.954367 -49.2196 -49.2196 0.985574 0.985574 -49.3162 0.267636 -49.3162 0.169835 0.169835 -50.4251 -0.185273 -50.4251 
0.0068501 2.28167 329446 0.721791 1.98532 902.743 -758.774 1982.37 -0.486012 -0.486012 -49.6364 -0.178032 -49.6364 0.752887 0.752887 -49.1751 0.812284 -49.1751 1.20512 1.20512 -49.1471 1.14979 -49.1471 1.26831 1.26831 1.03742 -49.1595 -49.1595 1.07325 1.07325 -49.2581 0.314099 -49.2581 0.201815 0.201815 -50.4401 -0.210646 -50.4401 
0.0073401 2.445 353411 0.786458 2.11274 983.576 -799.45 2142.75 -0.512045 -0.512045 -49.5936 -0.1802 -49.5936 0.829875 0.829875 -49.1166 0.881895 -49.1166 1.30269 1.30269 -49.0859 1.2424 -49.0859 1.37095 1.37095 1.12226 -49.0994 -49.0994 1.16153 1.16153 -49.2 0.364321 -49.2 0.235916 0.235916 -50.4527 -0.237054 -50.4527 
0.0078301 2.60833 377413 0.852532 2.23841 1066.17 -837.718 2304.41 -0.536536 -0.536536 -49.5494 -0.180196 -49.5494 0.908819 0.908819 -49.0581 0.952845 -49.0581 1.40109 1.40109 -49.0245 1.33585 -49.0245 1.47442 1.47442 1.20772 -49.039 -49.039 1.25052 1.25052 -49.1414 0.417544 -49.1414 0.272452 0.272452 -50.4631 -0.263763 -50.4631 
