0 0 0 0 0 0 0 0 0 0 0 -50 -1.90582e-013 -1.90582e-013 -50 0 0 0 -50 -1.90582e-013 -1.90582e-013 -50 -1.05879e-013 -1.05879e-013 -1.05879e-013 -50 -1.05879e-013 -1.05879e-013 -50 -1.05879e-013 -1.05879e-013 -1.05879e-013 -50 -1.05879e-013 -1.05879e-013 -50 -1.05879e-013 -1.05879e-013 -1.05879e-013 -50 -1.05879e-013 -1.05879e-013 -50 -1.05879e-013 -1.05879e-013 -1.05879e-013 -50 -1.05879e-013 -1.05879e-013 -50 
0.0004801 0.158333 39232.3 -0.0847432 0.398973 -75.3085 -297.89 67.6761 -0.270757 -0.198147 -0.270757 -50.0766 -0.25684 -0.25684 -50.0766 -0.0527485 -0.199077 -0.0527485 -49.9927 -0.0385495 -0.0385495 -49.9927 0.0301067 0.0292469 0.0301067 -49.947 0.0607643 0.0607643 -49.947 0.06436 0.0584216 0.06436 -49.9726 0.0275157 0.0275157 -49.9726 -0.0139442 -0.0400033 -0.0139442 -50.0505 -0.126049 -0.126049 -50.0505 -0.145895 -0.285951 -0.145895 -50.2013 -0.244867 -0.244867 -50.2013 
0.0009701 0.321667 81302.1 -0.188761 0.765632 -168.179 -783.91 188.283 -0.753152 -0.54451 -0.753152 -50.1343 -0.628471 -0.628471 -50.1343 -0.0938535 -0.446173 -0.0938535 -49.9474 -0.0534626 -0.0534626 -49.9474 0.114949 0.110524 0.114949 -49.8518 0.180606 0.180606 -49.8518 0.179801 0.180759 0.179801 -49.9204 0.109876 0.109876 -49.9204 0.0100136 -0.0542304 0.0100136 -50.0612 -0.268291 -0.268291 -50.0612 -0.326892 -0.732377 -0.326892 -50.5026 -0.708217 -0.708217 -50.5026 
0.0014601 0.485 123825 -0.276947 1.09917 -246.917 -1317.14 299.631 -1.26505 -0.902954 -1.26505 -50.142 -0.957167 -0.957167 -50.142 -0.0844382 -0.653757 -0.0844382 -49.8902 -0.0469194 -0.0469194 -49.8902 0.203696 0.190259 0.203696 -49.7852 0.283853 0.283853 -49.7852 0.287034 0.279465 0.287034 -49.8589 0.193791 0.193791 -49.8589 0.0531523 -0.0531394 0.0531523 -50.0253 -0.388946 -0.388946 -50.0253 -0.451563 -1.1646 -0.451563 -50.7576 -1.20092 -1.20092 -50.7576 
0.0019501 0.648333 166651 -0.359734 1.41728 -320.835 -1847.84 422.254 -1.77452 -1.2803 -1.77452 -50.1278 -1.28097 -1.28097 -50.1278 -0.0867621 -0.846449 -0.0867621 -49.835 -0.0354847 -0.0354847 -49.835 0.29477 0.273428 0.29477 -49.713 0.399656 0.399656 -49.713 0.404749 0.400901 0.404749 -49.7996 0.286851 0.286851 -49.7996 0.106909 -0.0473868 0.106909 -49.9956 -0.505749 -0.505749 -49.9956 -0.554505 -1.60072 -0.554505 -50.9999 -1.70894 -1.70894 -50.9999 
0.0024401 0.811667 209751 -0.43538 1.72219 -388.375 -2371.85 557.474 -2.27756 -1.67347 -2.27756 -50.1173 -1.57669 -1.57669 -50.1173 -0.0779531 -1.02306 -0.0779531 -49.7874 -0.0110514 -0.0110514 -49.7874 0.387424 0.373108 0.387424 -49.6347 0.524374 0.524374 -49.6347 0.534562 0.521231 0.534562 -49.7385 0.378766 0.378766 -49.7385 0.149543 -0.0330285 0.149543 -49.9746 -0.614636 -0.614636 -49.9746 -0.629147 -2.0199 -0.629147 -51.2137 -2.23054 -2.23054 -51.2137 
0.0029301 0.975 253110 -0.502513 2.01624 -448.315 -2880.58 687.533 -2.76594 -2.06057 -2.76594 -50.087 -1.85555 -1.85555 -50.087 -0.0734364 -1.18776 -0.0734364 -49.7341 0.0109516 0.0109516 -49.7341 0.493497 0.46502 0.493497 -49.5601 0.64671 0.64671 -49.5601 0.659433 0.643988 0.659433 -49.6765 0.477517 0.477517 -49.6765 0.207123 -0.0167573 0.207123 -49.9425 -0.715061 -0.715061 -49.9425 -0.689889 -2.42611 -0.689889 -51.4022 -2.74712 -2.74712 -51.4022 
0.0034201 1.13833 296709 -0.562272 2.30123 -501.672 -3396.63 820.122 -3.22869 -2.44977 -3.22869 -50.0546 -2.11358 -2.11358 -50.0546 -0.0631931 -1.33349 -0.0631931 -49.6883 0.0446951 0.0446951 -49.6883 0.595322 0.564909 0.595322 -49.4834 0.768697 0.768697 -49.4834 0.786713 0.760649 0.786713 -49.6152 0.572569 0.572569 -49.6152 0.263146 0.0123613 0.263146 -49.9079 -0.804841 -0.804841 -49.9079 -0.730535 -2.8104 -0.730535 -51.5732 -3.26075 -3.26075 -51.5732 
0.0039101 1.30167 340525 -0.61545 2.57858 -549.152 -3921.92 951.312 -3.67404 -2.84798 -3.67404 -50.0231 -2.36095 -2.36095 -50.0231 -0.0506977 -1.47057 -0.0506977 -49.6364 0.0828144 0.0828144 -49.6364 0.708205 0.662837 0.708205 -49.4094 0.895423 0.895423 -49.4094 0.912649 0.888892 0.912649 -49.5484 0.674774 0.674774 -49.5484 0.331126 0.0418533 0.331126 -49.8674 -0.894096 -0.894096 -49.8674 -0.770724 -3.18884 -0.770724 -51.726 -3.76503 -3.76503 -51.726 
0.0044001 1.465 384549 -0.661771 2.84879 -590.51 -4433.74 1086.94 -4.09473 -3.2474 -4.09473 -49.9827 -2.59234 -2.59234 -49.9827 -0.0391892 -1.59392 -0.0391892 -49.5799 0.124657 0.124657 -49.5799 0.814663 0.764647 0.814663 -49.3381 1.01858 1.01858 -49.3381 1.04286 1.0114 1.04286 -49.4826 0.778811 0.778811 -49.4826 0.39996 0.0807915 0.39996 -49.8334 -0.97052 -0.97052 -49.8334 -0.793475 -3.55034 -0.793475 -51.8608 -4.25638 -4.25638 -51.8608 
0.0048901 1.62833 428779 -0.705455 3.12202 -629.514 -4936.95 1224.85 -4.49915 -3.66127 -4.49915 -49.9481 -2.84235 -2.84235 -49.9481 -0.024689 -1.71979 -0.024689 -49.5298 0.168644 0.168644 -49.5298 0.926346 0.869782 0.926346 -49.2632 1.14608 1.14608 -49.2632 1.17525 1.13642 1.17525 -49.4182 0.884422 0.884422 -49.4182 0.467656 0.122818 0.467656 -49.8008 -1.04388 -1.04388 -49.8008 -0.807548 -3.89701 -0.807548 -51.9748 -4.73946 -4.73946 -51.9748 
0.0053801 1.79167 473222 -0.747076 3.39938 -666.676 -5426.67 1362.05 -4.88804 -4.08651 -4.88804 -49.9172 -3.11012 -3.11012 -49.9172 -0.00244046 -1.84678 -0.00244046 -49.4788 0.2141 0.2141 -49.4788 1.03762 0.973893 1.03762 -49.1893 1.2731 1.2731 -49.1893 1.30696 1.26266 1.30696 -49.3517 0.991195 0.991195 -49.3517 0.541128 0.167773 0.541128 -49.7678 -1.11058 -1.11058 -49.7678 -0.818832 -4.23785 -0.818832 -52.0837 -5.20959 -5.20959 -52.0837 
0.0058701 1.955 517896 -0.789728 3.68769 -704.758 -5916.87 1500.09 -5.25701 -4.51549 -5.25701 -49.8859 -3.37424 -3.37424 -49.8859 0.0216238 -1.96584 0.0216238 -49.426 0.263267 0.263267 -49.426 1.15101 1.07989 1.15101 -49.1156 1.40048 1.40048 -49.1156 1.43948 1.38743 1.43948 -49.2855 1.09747 1.09747 -49.2855 0.616672 0.210369 0.616672 -49.7259 -1.18014 -1.18014 -49.7259 -0.871565 -4.60827 -0.871565 -52.1972 -5.68018 -5.68018 -52.1972 
0.0063601 2.11833 562759 -0.828082 3.97323 -739.003 -6396.05 1638.75 -5.60606 -4.94637 -5.60606 -49.8538 -3.63362 -3.63362 -49.8538 0.0475674 -2.07755 0.0475674 -49.3728 0.315119 0.315119 -49.3728 1.26619 1.18655 1.26619 -49.0415 1.52898 1.52898 -49.0415 1.5726 1.51446 1.5726 -49.2188 1.20548 1.20548 -49.2188 0.693088 0.256574 0.693088 -49.6869 -1.24404 -1.24404 -49.6869 -0.920728 -4.9723 -0.920728 -52.2968 -6.1402 -6.1402 -52.2968 
0.0068501 2.28167 607801 -0.862372 4.25598 -769.618 -6864.66 1778.38 -5.93613 -5.37934 -5.93613 -49.8224 -3.8887 -3.8887 -49.8224 0.0762326 -2.18183 0.0762326 -49.319 0.370473 0.370473 -49.319 1.38325 1.29451 1.38325 -48.9674 1.65823 1.65823 -48.9674 1.70663 1.64171 1.70663 -49.1516 1.31463 1.31463 -49.1516 0.77166 0.30589 0.77166 -49.6472 -1.30308 -1.30308 -49.6472 -0.96827 -5.33031 -0.96827 -52.3854 -6.59006 -6.59006 -52.3854 
0.0073401 2.445 653016 -0.892754 4.5359 -796.745 -7323.28 1918.91 -6.24815 -5.81303 -6.24815 -49.7908 -4.13944 -4.13944 -49.7908 0.106779 -2.27948 0.106779 -49.2643 0.4284 0.4284 -49.2643 1.50163 1.4036 1.50163 -48.893 1.78822 1.78822 -48.893 1.84155 1.76986 1.84155 -49.0835 1.42534 1.42534 -49.0835 0.853332 0.358073 0.853332 -49.6057 -1.35719 -1.35719 -49.6057 -1.01595 -5.68229 -1.01595 -52.4647 -7.03034 -7.03034 -52.4647 
0.0078301 2.60833 698398 -0.919385 4.81303 -820.524 -7771.88 2060.11 -6.54287 -6.24753 -6.54287 -49.7596 -4.38592 -4.38592 -49.7596 0.13972 -2.37053 0.13972 -49.209 0.489211 0.489211 -49.209 1.62141 1.51378 1.62141 -48.8186 1.91885 1.91885 -48.8186 1.9771 1.89861 1.9771 -49.0149 1.53725 1.53725 -49.0149 0.937391 0.413029 0.937391 -49.5632 -1.40652 -1.40652 -49.5632 -1.06283 -6.02817 -1.06283 -52.5351 -7.46099 -7.46099 -52.5351 
