0 0.00902537 2.88843e+008 0.0848292
8e-009 0.0270761 3.0853e+008 0.222027
1.6e-008 0.0451268 3.00542e+008 0.296249
2.4e-008 0.0631776 2.86873e+008 0.310388
3.2e-008 0.0812283 2.75022e+008 0.281161
4e-008 0.099279 2.65949e+008 0.22471
4.8e-008 0.11733 2.58413e+008 0.152658
5.6e-008 0.13538 2.51685e+008 0.0810646
6.4e-008 0.153431 2.44362e+008 0.0150114
7.2e-008 0.171482 2.36424e+008 -0.0457568
8e-008 0.189533 2.28798e+008 -0.0965834
8.8e-008 0.207583 2.22361e+008 -0.128089
9.6e-008 0.225634 1.37327e+008 -0.133858
1.04e-007 0.243685 1.3568e+008 -0.118085
1.12e-007 0.261736 1.3215e+008 -0.0945136
1.2e-007 0.279786 1.1859e+008 -0.0775123
1.28e-007 0.297837 9.86303e+007 -0.0747844
1.36e-007 0.315888 7.98616e+007 -0.0874234
1.44e-007 0.333939 6.26488e+007 -0.112417
1.52e-007 0.351989 5.92022e+007 -0.142936
1.6e-007 0.37004 6.24882e+007 -0.175672
1.68e-007 0.388091 6.32544e+007 -0.21488
1.76e-007 0.406141 6.51334e+007 -0.262179
1.84e-007 0.424192 6.99773e+007 -0.308389
1.92e-007 0.442243 7.80723e+007 -0.340555
2e-007 0.460294 2.8415e+008 -0.34922
2.08e-007 0.478344 2.52427e+008 -0.331679
2.16e-007 0.496395 2.28785e+008 -0.292454
2.24e-007 0.514446 2.1373e+008 -0.245058
2.32e-007 0.532497 2.22809e+008 -0.204057
2.4e-007 0.550547 2.24893e+008 -0.17187
2.48e-007 0.568598 2.44783e+008 -0.142611
2.56e-007 0.586649 2.56099e+008 -0.109388
2.64e-007 0.6047 2.61135e+008 -0.0700667
2.72e-007 0.62275 2.60479e+008 -0.0340484
2.8e-007 0.640801 2.46336e+008 -0.00900526
2.88e-007 0.658852 2.25843e+008 0.00272237
2.96e-007 0.676902 2.21791e+008 0.000825547
3.04e-007 0.694953 2.23162e+008 -0.00889348
3.12e-007 0.713004 2.20306e+008 -0.016123
3.2e-007 0.731055 7.05845e+007 -0.0184101
3.28e-007 0.749105 5.49062e+007 -0.0131581
3.36e-007 0.767156 8.14855e+007 0.00166267
3.44e-007 0.785207 7.36619e+007 0.0226231
3.52e-007 0.803258 5.54772e+007 0.0467532
3.6e-007 0.821308 4.51173e+007 0.0690727
3.68e-007 0.839359 4.62177e+007 0.0816652
3.76e-007 0.85741 3.84831e+007 0.0789559
3.84e-007 0.875461 4.00478e+007 0.060023
3.92e-007 0.893511 3.27045e+007 0.0280972
4e-007 0.911562 3.68814e+007 -0.00829613
4.08e-007 0.929613 3.63225e+007 -0.046301
4.16e-007 0.947663 3.62608e+007 -0.0822295
4.24e-007 0.965714 2.62429e+007 -0.110833
4.32e-007 0.983765 3.71587e+007 -0.128211
4.4e-007 1.00182 3.48534e+007 -0.132075
4.48e-007 1.01987 2.93696e+007 -0.125593
4.56e-007 1.03792 5.53674e+007 -0.115211
4.64e-007 1.05597 4.99659e+007 -0.109395
4.72e-007 1.07402 5.01998e+007 -0.113392
4.8e-007 1.09207 6.83724e+007 -0.124324
4.88e-007 1.11012 5.97172e+007 -0.132822
4.96e-007 1.12817 6.09022e+007 -0.130051
5.04e-007 1.14622 6.33637e+007 -0.112906
5.12e-007 1.16427 7.36202e+007 -0.083845
5.2e-007 1.18232 6.82558e+007 -0.0490215
5.28e-007 1.20037 5.62918e+007 -0.0165515
5.36e-007 1.21842 5.64935e+007 0.00349303
5.44e-007 1.23648 6.61056e+007 0.00727329
5.52e-007 1.25453 5.24494e+007 -0.000514751
5.6e-007 1.27258 2.50122e+008 -0.0116643
5.68e-007 1.29063 2.33255e+008 -0.0177694
5.76e-007 1.30868 1.96004e+008 -0.0160989
5.84e-007 1.32673 1.79781e+008 -0.00750886
5.92e-007 1.34478 1.6358e+008 0.00434517
6e-007 1.36283 1.58228e+008 0.0130576
6.08e-007 1.38088 5.36382e+007 0.010213
6.16e-007 1.39893 4.0449e+007 -0.00634679
6.24e-007 1.41698 4.45082e+007 -0.0337198
6.32e-007 1.43503 6.55948e+007 -0.0655028
6.4e-007 1.45308 5.56021e+007 -0.0926743
6.48e-007 1.47113 5.00999e+007 -0.106263
6.56e-007 1.48919 5.9228e+007 -0.101222
6.64e-007 1.50724 5.60931e+007 -0.0787506
6.72e-007 1.52529 3.98691e+007 -0.0454753
6.8e-007 1.54334 3.8165e+007 -0.0118107
6.88e-007 1.56139 4.796e+007 0.0111261
6.96e-007 1.57944 4.12271e+007 0.016923
7.04e-007 1.59749 4.60121e+007 0.00351138
7.12e-007 1.61554 3.16407e+007 -0.0228626
7.2e-007 1.63359 4.24828e+007 -0.0516447
7.28e-007 1.65164 4.0874e+007 -0.0730962
7.36e-007 1.66969 2.5461e+007 -0.0790478
7.44e-007 1.68774 3.32672e+007 -0.0708422
7.52e-007 1.70579 3.95557e+007 -0.0562067
7.6e-007 1.72384 4.24818e+007 -0.0475395
7.68e-007 1.7419 4.52663e+007 -0.0497133
7.76e-007 1.75995 2.03707e+008 -0.0572864
7.84e-007 1.778 2.04097e+008 -0.0612692
7.92e-007 1.79605 1.96256e+008 -0.0520132
8e-007 1.8141 4.44683e+007 -0.0284136
8.08e-007 1.83215 4.62655e+007 -0.00200998
8.16e-007 1.8502 5.76749e+007 0.0130463
8.24e-007 1.86825 2.12466e+008 0.0101549
8.32e-007 1.8863 4.90931e+007 -0.00473874
8.4e-007 1.90435 5.5514e+007 -0.0240718
8.48e-007 1.9224 2.07249e+008 -0.0409258
8.56e-007 1.94045 5.58674e+007 -0.0476353
8.64e-007 1.9585 3.86416e+007 -0.04168
8.72e-007 1.97656 6.32914e+007 -0.0299978
8.8e-007 1.99461 4.19653e+007 -0.0147875
8.88e-007 2.01266 3.03813e+007 0.00228564
8.96e-007 2.03071 4.8258e+007 0.0135982
9.04e-007 2.04876 3.42823e+007 0.0157345
9.12e-007 2.06681 3.35942e+007 0.00910467
9.2e-007 2.08486 4.20356e+007 -0.00382349
9.28e-007 2.10291 3.07356e+007 -0.0198837
9.36e-007 2.12096 3.41199e+007 -0.0364324
9.44e-007 2.13901 4.00219e+007 -0.0547704
9.52e-007 2.15706 3.70406e+007 -0.0739519
9.6e-007 2.17511 3.03653e+007 -0.0864416
9.68e-007 2.19316 3.78124e+007 -0.0868203
9.76e-007 2.21121 3.13953e+007 -0.0771741
9.84e-007 2.22927 5.56864e+007 -0.0671405
9.92e-007 2.24732 3.55986e+007 -0.0617413
1e-006 2.26537 4.19625e+007 -0.0599005
1.008e-006 2.28342 4.75138e+007 -0.0542677
1.016e-006 2.30147 5.49111e+007 -0.045231
1.024e-006 2.31952 6.25954e+007 -0.0343248
1.032e-006 2.33757 2.31575e+008 -0.0183501
1.04e-006 2.35562 2.04226e+008 0.00221631
1.048e-006 2.37367 1.82532e+008 0.0188594
1.056e-006 2.39172 4.57501e+007 0.0279135
1.064e-006 2.40977 2.84401e+007 0.0334506
1.072e-006 2.42782 4.98623e+007 0.0377836
1.08e-006 2.44587 4.86348e+007 0.0365165
1.088e-006 2.46393 3.28101e+007 0.0271377
1.096e-006 2.48198 2.90786e+007 0.0173456
1.104e-006 2.50003 3.40194e+007 0.0152966
1.112e-006 2.51808 3.35938e+007 0.0220913
1.12e-006 2.53613 1.83377e+007 0.0287462
1.128e-006 2.55418 2.08557e+007 0.0308446
1.136e-006 2.57223 1.18309e+007 0.0274737
1.144e-006 2.59028 2.55911e+007 0.0175662
1.152e-006 2.60833 2.79316e+007 -0.00288308
1.16e-006 2.62638 2.50571e+007 -0.0289765
1.168e-006 2.64443 3.11432e+007 -0.0517848
1.176e-006 2.66248 1.97597e+007 -0.0663701
1.184e-006 2.68053 3.1794e+007 -0.0744391
1.192e-006 2.69858 3.15434e+007 -0.0831291
1.2e-006 2.71664 3.03498e+007 -0.0895668
1.208e-006 2.73469 5.50076e+007 -0.0926723
1.216e-006 2.75274 4.25559e+007 -0.0883673
1.224e-006 2.77079 2.8804e+007 -0.0774441
1.232e-006 2.78884 4.82253e+007 -0.0631591
1.24e-006 2.80689 5.38817e+007 -0.0476177
1.248e-006 2.82494 4.80793e+007 -0.0293707
1.256e-006 2.84299 2.14136e+008 -0.0135998
1.264e-006 2.86104 1.93884e+008 -0.00379145
1.272e-006 2.87909 1.84602e+008 0.00424912
1.28e-006 2.89714 1.65339e+008 0.0126843
1.288e-006 2.91519 2.48252e+007 0.0151667
1.296e-006 2.93324 3.60232e+007 0.0084844
1.304e-006 2.95129 4.19325e+007 -0.00664259
1.312e-006 2.96935 3.71205e+007 -0.0281857
1.32e-006 2.9874 4.99775e+007 -0.0525448
1.328e-006 3.00545 3.28421e+007 -0.0695138
1.336e-006 3.0235 3.00745e+007 -0.0694891
1.344e-006 3.04155 4.47034e+007 -0.0549982
1.352e-006 3.0596 2.86902e+007 -0.0347568
1.36e-006 3.07765 2.67865e+007 -0.0127324
1.368e-006 3.0957 3.59101e+007 0.00709236
1.376e-006 3.11375 3.89397e+007 0.0196358
1.384e-006 3.1318 2.40692e+007 0.019216
1.392e-006 3.14985 1.9609e+007 0.00810833
1.4e-006 3.1679 3.79551e+007 -0.00707444
1.408e-006 3.18595 2.9165e+007 -0.0219224
1.416e-006 3.20401 1.70127e+007 -0.0387797
1.424e-006 3.22206 3.41727e+007 -0.057222
1.432e-006 3.24011 3.51164e+007 -0.0694031
1.44e-006 3.25816 2.79548e+007 -0.0730228
1.448e-006 3.27621 2.71597e+007 -0.0736482
1.456e-006 3.29426 2.75019e+007 -0.0725782
1.464e-006 3.31231 4.3707e+007 -0.0661839
1.472e-006 3.33036 3.32699e+007 -0.0567774
1.48e-006 3.34841 1.81421e+008 -0.0458841
1.488e-006 3.36646 4.61918e+007 -0.0322957
1.496e-006 3.38451 3.32763e+007 -0.0182168
1.504e-006 3.40256 3.83293e+007 -0.00832371
1.512e-006 3.42061 3.27013e+007 -0.00221458
1.52e-006 3.43866 1.93114e+008 0.000820103
1.528e-006 3.45672 4.43577e+007 -0.0024625
1.536e-006 3.47477 2.42105e+007 -0.00730552
1.544e-006 3.49282 2.15273e+007 -0.00994991
1.552e-006 3.51087 3.01279e+007 -0.0139514
1.56e-006 3.52892 3.32669e+007 -0.019891
1.568e-006 3.54697 3.14456e+007 -0.0253366
1.576e-006 3.56502 1.95863e+007 -0.0322923
1.584e-006 3.58307 3.14836e+007 -0.0376629
1.592e-006 3.60112 3.78791e+007 -0.0431116
1.6e-006 3.61917 3.21698e+007 -0.0433767
1.608e-006 3.63722 1.97857e+007 -0.0354494
1.616e-006 3.65527 2.06469e+007 -0.0255467
1.624e-006 3.67332 2.85973e+007 -0.0196862
1.632e-006 3.69137 3.30038e+007 -0.0167724
1.64e-006 3.70943 2.66568e+007 -0.0201643
1.648e-006 3.72748 2.40933e+007 -0.0268755
1.656e-006 3.74553 1.98741e+007 -0.0330781
1.664e-006 3.76358 4.32432e+007 -0.0395624
1.672e-006 3.78163 2.39012e+007 -0.0433426
1.68e-006 3.79968 2.65695e+007 -0.0486288
1.688e-006 3.81773 1.87142e+008 -0.0521552
1.696e-006 3.83578 3.42825e+007 -0.0513057
1.704e-006 3.85383 1.83354e+007 -0.0496607
1.712e-006 3.87188 2.40693e+007 -0.0476497
1.72e-006 3.88993 3.82896e+007 -0.041423
1.728e-006 3.90798 1.94685e+008 -0.0346734
1.736e-006 3.92603 3.10208e+007 -0.0310224
1.744e-006 3.94409 2.2884e+007 -0.029449
1.752e-006 3.96214 4.59294e+007 -0.0242944
1.76e-006 3.98019 1.84487e+008 -0.0213429
1.768e-006 3.99824 3.02245e+007 -0.0228581
1.776e-006 4.01629 1.73691e+008 -0.0251561
1.784e-006 4.03434 2.81243e+007 -0.0268876
1.792e-006 4.05239 4.1396e+007 -0.0318551
1.8e-006 4.07044 2.61062e+007 -0.0354246
1.808e-006 4.08849 2.49279e+007 -0.0332882
1.816e-006 4.10654 3.28009e+007 -0.0303197
1.824e-006 4.12459 2.79011e+007 -0.0244419
1.832e-006 4.14264 1.68177e+007 -0.0175654
1.84e-006 4.16069 3.52911e+007 -0.0172967
1.848e-006 4.17874 2.14889e+007 -0.0215072
1.856e-006 4.1968 1.73126e+007 -0.0250565
1.864e-006 4.21485 3.39472e+007 -0.0285671
1.872e-006 4.2329 2.62902e+007 -0.0323098
1.88e-006 4.25095 1.60577e+008 -0.0317594
1.888e-006 4.269 3.07652e+007 -0.0282261
1.896e-006 4.28705 2.54426e+007 -0.0297079
1.904e-006 4.3051 2.61638e+007 -0.0378616
1.912e-006 4.32315 3.15894e+007 -0.0450214
1.92e-006 4.3412 2.04951e+007 -0.0493396
1.928e-006 4.35925 2.96456e+007 -0.0507329
1.936e-006 4.3773 3.23399e+007 -0.0457904
1.944e-006 4.39535 1.627e+008 -0.04115
1.952e-006 4.4134 3.47466e+007 -0.0404952
1.96e-006 4.43145 3.07784e+007 -0.0427021
1.968e-006 4.44951 2.59301e+007 -0.0421307
1.976e-006 4.46756 1.75831e+008 -0.0404525
1.984e-006 4.48561 4.18462e+007 -0.0403487
1.992e-006 4.50366 2.60959e+007 -0.0384538
2e-006 4.52171 4.56493e+007 -0.0344426
2.008e-006 4.53976 4.45553e+007 -0.0321132
2.016e-006 4.55781 1.81097e+008 -0.0327027
2.024e-006 4.57586 2.90542e+007 -0.0321303
2.032e-006 4.59391 2.35922e+007 -0.0310666
2.04e-006 4.61196 3.23073e+007 -0.0280396
2.048e-006 4.63001 2.84732e+007 -0.0255292
2.056e-006 4.64806 3.0459e+007 -0.0251763
2.064e-006 4.66611 2.61901e+007 -0.0249367
2.072e-006 4.68417 3.34147e+007 -0.0236335
2.08e-006 4.70222 2.08886e+007 -0.0257841
2.088e-006 4.72027 3.30619e+007 -0.0287628
2.096e-006 4.73832 3.30243e+007 -0.0304772
2.104e-006 4.75637 1.96674e+007 -0.0334856
2.112e-006 4.77442 1.25915e+007 -0.0341419
2.12e-006 4.79247 2.92633e+007 -0.0350946
2.128e-006 4.81052 2.65002e+007 -0.0384266
2.136e-006 4.82857 3.17603e+007 -0.0401236
2.144e-006 4.84662 2.55573e+007 -0.0362944
2.152e-006 4.86467 1.60699e+007 -0.0304551
2.16e-006 4.88272 1.84627e+008 -0.0257176
2.168e-006 4.90077 3.00277e+007 -0.0209765
2.176e-006 4.91882 1.61601e+007 -0.0214528
2.184e-006 4.93688 2.7869e+007 -0.0227649
2.192e-006 4.95493 3.63816e+007 -0.0289617
2.2e-006 4.97298 1.76445e+008 -0.0359528
2.208e-006 4.99103 3.15515e+007 -0.0392024
2.216e-006 5.00908 3.62592e+007 -0.0430331
2.224e-006 5.02713 2.04806e+007 -0.0439265
2.232e-006 5.04518 3.07943e+007 -0.0429954
2.24e-006 5.06323 3.91844e+007 -0.0374959
2.248e-006 5.08128 3.24412e+007 -0.0315351
2.256e-006 5.09933 1.96755e+007 -0.028589
2.264e-006 5.11738 2.24541e+007 -0.0259993
2.272e-006 5.13543 4.19202e+007 -0.0210474
2.28e-006 5.15348 3.31674e+007 -0.0187825
2.288e-006 5.17153 2.03774e+007 -0.0208341
2.296e-006 5.18959 1.30597e+007 -0.022209
2.304e-006 5.20764 3.28177e+007 -0.021586
2.312e-006 5.22569 2.62797e+007 -0.0247922
2.32e-006 5.24374 2.36663e+007 -0.0329186
2.328e-006 5.26179 1.44773e+007 -0.0391409
2.336e-006 5.27984 2.99795e+007 -0.0430101
2.344e-006 5.29789 1.74361e+008 -0.0428266
2.352e-006 5.31594 3.35248e+007 -0.0412562
2.36e-006 5.33399 1.84795e+007 -0.0367983
2.368e-006 5.35204 2.10782e+007 -0.0316983
2.376e-006 5.37009 3.85178e+007 -0.0286562
2.384e-006 5.38814 2.29871e+007 -0.0298346
2.392e-006 5.40619 2.35909e+007 -0.0324009
2.4e-006 5.42425 2.19662e+007 -0.0354436
2.408e-006 5.4423 3.15245e+007 -0.0409057
2.416e-006 5.46035 2.86618e+007 -0.0471617
2.424e-006 5.4784 3.49733e+007 -0.0491345
2.432e-006 5.49645 3.32736e+007 -0.0463509
2.44e-006 5.5145 1.76367e+008 -0.0413107
2.448e-006 5.53255 1.65104e+007 -0.0357688
2.456e-006 5.5506 3.86636e+007 -0.0316976
2.464e-006 5.56865 4.0842e+007 -0.0276624
2.472e-006 5.5867 1.64702e+008 -0.0280164
2.48e-006 5.60475 1.5754e+007 -0.0284488
2.488e-006 5.6228 3.85369e+007 -0.0297102
2.496e-006 5.64085 3.07308e+007 -0.0275916
2.504e-006 5.6589 2.88087e+007 -0.0280609
2.512e-006 5.67696 1.85673e+007 -0.0320272
2.52e-006 5.69501 3.95767e+007 -0.0342487
2.528e-006 5.71306 3.07563e+007 -0.0359826
2.536e-006 5.73111 1.85588e+007 -0.0350531
2.544e-006 5.74916 2.12327e+007 -0.0316652
2.552e-006 5.76721 1.70914e+008 -0.0286649
2.56e-006 5.78526 1.93848e+007 -0.0263912
2.568e-006 5.80331 1.11953e+007 -0.024546
2.576e-006 5.82136 3.15588e+007 -0.0264847
2.584e-006 5.83941 1.74596e+008 -0.028753
2.592e-006 5.85746 2.32571e+007 -0.0304891
2.6e-006 5.87551 1.33051e+007 -0.0308124
2.608e-006 5.89356 1.86253e+007 -0.0307185
2.616e-006 5.91162 1.78087e+008 -0.0305025
2.624e-006 5.92967 3.04369e+007 -0.0316002
2.632e-006 5.94772 1.78355e+007 -0.0365381
2.64e-006 5.96577 2.23382e+007 -0.0408082
2.648e-006 5.98382 2.97987e+007 -0.0406061
2.656e-006 6.00187 2.95835e+007 -0.0397869
2.664e-006 6.01992 2.46661e+007 -0.0413789
2.672e-006 6.03797 1.72198e+008 -0.0439371
2.68e-006 6.05602 1.86552e+007 -0.0406878
2.688e-006 6.07407 2.25371e+007 -0.0334007
2.696e-006 6.09212 3.74956e+007 -0.0306405
2.704e-006 6.11017 2.35347e+007 -0.0341977
2.712e-006 6.12822 1.55102e+007 -0.0373713
2.72e-006 6.14627 1.90385e+008 -0.0346823
2.728e-006 6.16433 2.84694e+007 -0.0323971
2.736e-006 6.18238 1.53358e+007 -0.0307517
2.744e-006 6.20043 2.57393e+007 -0.0275962
2.752e-006 6.21848 2.36533e+007 -0.0272761
2.76e-006 6.23653 1.46507e+007 -0.0308641
2.768e-006 6.25458 2.6848e+007 -0.0372013
2.776e-006 6.27263 2.36778e+007 -0.0428719
2.784e-006 6.29068 2.54494e+007 -0.0424558
2.792e-006 6.30873 3.06041e+007 -0.0345994
2.8e-006 6.32678 1.58511e+007 -0.025129
2.808e-006 6.34483 2.41411e+007 -0.0169239
2.816e-006 6.36288 1.61812e+008 -0.015472
2.824e-006 6.38093 1.08802e+007 -0.020587
2.832e-006 6.39898 2.3328e+007 -0.0295614
2.84e-006 6.41704 2.98851e+007 -0.0363437
2.848e-006 6.43509 1.77658e+007 -0.0411183
2.856e-006 6.45314 1.50349e+008 -0.0405916
2.864e-006 6.47119 3.1188e+007 -0.0378737
2.872e-006 6.48924 3.17217e+007 -0.0361549
2.88e-006 6.50729 1.92528e+007 -0.0333017
2.888e-006 6.52534 1.29536e+007 -0.0306276
2.896e-006 6.54339 2.0123e+007 -0.0320301
2.904e-006 6.56144 2.86894e+007 -0.0376904
2.912e-006 6.57949 1.66695e+008 -0.0408571
2.92e-006 6.59754 1.27749e+007 -0.0402229
2.928e-006 6.61559 2.39234e+007 -0.0354788
2.936e-006 6.63364 2.04287e+007 -0.0305573
2.944e-006 6.6517 1.95563e+007 -0.0256599
2.952e-006 6.66975 1.14761e+007 -0.0239241
2.96e-006 6.6878 1.83215e+008 -0.0236023
2.968e-006 6.70585 1.797e+007 -0.0236018
2.976e-006 6.7239 2.0347e+007 -0.0267271
2.984e-006 6.74195 2.0624e+007 -0.030116
2.992e-006 6.76 3.00564e+007 -0.0317752
3e-006 6.77805 1.74416e+007 -0.0340867
3.008e-006 6.7961 1.03744e+007 -0.0386064
3.016e-006 6.81415 2.64522e+007 -0.0409974
3.024e-006 6.8322 2.83781e+007 -0.0388782
3.032e-006 6.85025 1.68173e+008 -0.0339393
3.04e-006 6.8683 1.72076e+007 -0.0304394
3.048e-006 6.88635 9.49964e+006 -0.0239517
3.056e-006 6.90441 1.56892e+007 -0.0164255
3.064e-006 6.92246 1.92903e+007 -0.0164328
3.072e-006 6.94051 2.70154e+007 -0.0226986
3.08e-006 6.95856 1.5672e+007 -0.0284953
3.088e-006 6.97661 1.61906e+007 -0.0321567
3.096e-006 6.99466 1.71308e+008 -0.0369302
3.104e-006 7.01271 2.56118e+007 -0.0378993
3.112e-006 7.03076 1.91808e+007 -0.031745
3.12e-006 7.04881 1.01893e+007 -0.0223193
3.128e-006 7.06686 6.04111e+006 -0.020113
3.136e-006 7.08491 1.50514e+007 -0.0276921
3.144e-006 7.10296 3.29119e+007 -0.036551
3.152e-006 7.12101 1.85014e+007 -0.0418326
3.16e-006 7.13906 1.52766e+008 -0.0399229
3.168e-006 7.15712 3.092e+007 -0.0321309
3.176e-006 7.17517 1.54425e+007 -0.0248147
3.184e-006 7.19322 8.03898e+006 -0.019409
3.192e-006 7.21127 1.22433e+007 -0.0179131
3.2e-006 7.22932 1.48704e+007 -0.023039
3.208e-006 7.24737 2.90906e+007 -0.0286486
3.216e-006 7.26542 1.68731e+008 -0.0330886
3.224e-006 7.28347 2.75355e+007 -0.0318163
3.232e-006 7.30152 1.30415e+007 -0.0279495
3.24e-006 7.31957 1.5606e+007 -0.0244684
3.248e-006 7.33762 9.46997e+006 -0.0228888
3.256e-006 7.35567 1.22479e+007 -0.0237623
3.264e-006 7.37372 1.35722e+007 -0.0291715
3.272e-006 7.39178 1.82066e+007 -0.0337639
3.28e-006 7.40983 2.52833e+007 -0.0361979
3.288e-006 7.42788 1.38718e+007 -0.0308087
3.296e-006 7.44593 1.40331e+007 -0.0220217
3.304e-006 7.46398 4.86408e+006 -0.0129267
3.312e-006 7.48203 1.09778e+006 -0.00867183
3.32e-006 7.50008 1.74374e+008 -0.013583
3.328e-006 7.51813 1.98893e+007 -0.0231149
3.336e-006 7.53618 1.05114e+007 -0.0303976
3.344e-006 7.55423 5.94891e+006 -0.0322078
3.352e-006 7.57228 1.70647e+008 -0.0329931
3.36e-006 7.59033 1.42999e+007 -0.0341548
3.368e-006 7.60838 2.06388e+007 -0.0313792
3.376e-006 7.62643 8.62998e+006 -0.0253104
3.384e-006 7.64449 1.29445e+007 -0.0227201
3.392e-006 7.66254 1.36224e+007 -0.0212123
3.4e-006 7.68059 9.82817e+006 -0.0183302
3.408e-006 7.69864 2.1711e+007 -0.0179826
3.416e-006 7.71669 2.07498e+007 -0.0235161
3.424e-006 7.73474 1.74745e+007 -0.0294404
3.432e-006 7.75279 9.65538e+006 -0.0311146
3.44e-006 7.77084 7.04146e+006 -0.0257631
3.448e-006 7.78889 1.85619e+007 -0.0207433
3.456e-006 7.80694 2.42374e+007 -0.0224735
3.464e-006 7.82499 1.35779e+007 -0.027033
3.472e-006 7.84304 7.82653e+006 -0.0286653
3.48e-006 7.86109 5.26466e+006 -0.0291526
3.488e-006 7.87914 1.2874e+007 -0.02736
3.496e-006 7.8972 2.81572e+007 -0.0221622
3.504e-006 7.91525 1.47746e+007 -0.0190242
3.512e-006 7.9333 7.53697e+006 -0.0181121
3.52e-006 7.95135 4.17222e+006 -0.0174379
3.528e-006 7.9694 1.11522e+007 -0.0157615
3.536e-006 7.98745 2.02346e+007 -0.0168743
3.544e-006 8.0055 1.64218e+007 -0.0217613
3.552e-006 8.02355 8.74018e+006 -0.0256013
3.56e-006 8.0416 1.37566e+007 -0.0244825
3.568e-006 8.05965 1.48612e+008 -0.0211271
3.576e-006 8.0777 2.21768e+007 -0.0234947
3.584e-006 8.09575 1.77977e+007 -0.0324164
3.592e-006 8.1138 9.62061e+006 -0.0398741
3.6e-006 8.13186 1.32889e+007 -0.0389025
3.608e-006 8.14991 8.34008e+006 -0.0291514
3.616e-006 8.16796 2.15962e+007 -0.0186664
3.624e-006 8.18601 2.90352e+007 -0.0141773
3.632e-006 8.20406 1.58e+008 -0.0178028
3.64e-006 8.22211 7.46066e+006 -0.0208037
3.648e-006 8.24016 4.1055e+006 -0.0188529
3.656e-006 8.25821 2.88472e+007 -0.0136774
3.664e-006 8.27626 1.6382e+007 -0.0132144
3.672e-006 8.29431 1.70142e+007 -0.0194744
3.68e-006 8.31236 1.00724e+007 -0.0265385
3.688e-006 8.33041 7.37368e+006 -0.0290521
3.696e-006 8.34846 1.63033e+007 -0.0275487
3.704e-006 8.36651 8.06362e+006 -0.023446
3.712e-006 8.38457 2.37823e+007 -0.0151102
3.72e-006 8.40262 1.61576e+008 -0.00666172
3.728e-006 8.42067 7.61208e+006 -0.00665176
3.736e-006 8.43872 2.24762e+007 -0.0128231
3.744e-006 8.45677 1.28315e+007 -0.0182849
3.752e-006 8.47482 1.76122e+007 -0.0222033
3.76e-006 8.49287 1.66507e+008 -0.0253388
3.768e-006 8.51092 7.9858e+006 -0.0288121
3.776e-006 8.52897 1.09957e+007 -0.0310436
3.784e-006 8.54702 1.62991e+008 -0.0313555
3.792e-006 8.56507 1.87847e+007 -0.0328792
3.8e-006 8.58312 1.79137e+007 -0.0324545
3.808e-006 8.60117 1.15424e+007 -0.0312361
3.816e-006 8.61922 1.7724e+008 -0.0270589
3.824e-006 8.63728 1.46693e+007 -0.0227895
3.832e-006 8.65533 2.40658e+007 -0.0203375
3.84e-006 8.67338 1.42365e+007 -0.0187865
3.848e-006 8.69143 9.58109e+006 -0.0191691
3.856e-006 8.70948 2.16588e+007 -0.020263
3.864e-006 8.72753 2.40557e+007 -0.0257396
3.872e-006 8.74558 2.37995e+007 -0.0300803
3.88e-006 8.76363 1.58648e+008 -0.0310106
3.888e-006 8.78168 2.80325e+007 -0.0320115
3.896e-006 8.79973 1.56003e+007 -0.0316673
3.904e-006 8.81778 2.07253e+007 -0.032488
3.912e-006 8.83583 1.36571e+007 -0.0303493
3.92e-006 8.85388 2.62737e+007 -0.0277705
3.928e-006 8.87194 1.77716e+008 -0.0266679
3.936e-006 8.88999 1.55977e+007 -0.0234061
3.944e-006 8.90804 1.62029e+007 -0.0180032
3.952e-006 8.92609 9.80701e+006 -0.0161129
3.96e-006 8.94414 1.62986e+007 -0.0164657
3.968e-006 8.96219 2.56081e+007 -0.0159888
3.976e-006 8.98024 1.68896e+007 -0.0171564
3.984e-006 8.99829 1.93777e+007 -0.0213569
3.992e-006 9.01634 1.65044e+008 -0.0229702
4e-006 9.03439 1.67272e+007 -0.0195692
4.008e-006 9.05244 1.69573e+007 -0.0163022
4.016e-006 9.07049 1.63859e+008 -0.0135125
4.024e-006 9.08854 9.93082e+006 -0.00966023
4.032e-006 9.10659 1.42655e+007 -0.0078583
4.04e-006 9.12465 1.88154e+007 -0.0103425
4.048e-006 9.1427 2.004e+007 -0.0128572
4.056e-006 9.16075 1.23851e+007 -0.0134601
4.064e-006 9.1788 2.55224e+007 -0.0158947
4.072e-006 9.19685 1.40164e+007 -0.0183783
4.08e-006 9.2149 1.74299e+007 -0.0191344
4.088e-006 9.23295 2.15431e+007 -0.0199601
4.096e-006 9.251 1.18373e+007 -0.0185451
4.104e-006 9.26905 2.72411e+007 -0.0165836
4.112e-006 9.2871 1.67092e+007 -0.0141236
4.12e-006 9.30515 1.10125e+007 -0.014833
4.128e-006 9.3232 2.22273e+007 -0.0184117
4.136e-006 9.34125 1.54572e+008 -0.0228847
4.144e-006 9.35931 2.72533e+007 -0.0254761
4.152e-006 9.37736 1.54718e+007 -0.0295417
4.16e-006 9.39541 1.03585e+007 -0.0324658
4.168e-006 9.41346 2.4698e+007 -0.0315036
4.176e-006 9.43151 1.6237e+007 -0.0301396
4.184e-006 9.44956 3.70676e+007 -0.032684
4.192e-006 9.46761 2.18528e+007 -0.0356629
4.2e-006 9.48566 1.56523e+008 -0.0323247
4.208e-006 9.50371 1.44186e+007 -0.0237756
4.216e-006 9.52176 8.60226e+006 -0.0194516
4.224e-006 9.53981 1.69443e+007 -0.0238668
4.232e-006 9.55786 3.37096e+007 -0.0314609
4.24e-006 9.57591 2.1973e+007 -0.0345162
4.248e-006 9.59396 1.67611e+008 -0.0332305
4.256e-006 9.61202 2.67991e+007 -0.0313028
4.264e-006 9.63007 1.31205e+007 -0.0276041
4.272e-006 9.64812 2.2977e+007 -0.0256633
4.28e-006 9.66617 1.46735e+007 -0.0266949
4.288e-006 9.68422 2.12012e+007 -0.0300424
4.296e-006 9.70227 1.73054e+008 -0.0360722
4.304e-006 9.72032 2.15211e+007 -0.0394405
4.312e-006 9.73837 1.97057e+007 -0.0354302
4.32e-006 9.75642 2.2481e+007 -0.0245358
4.328e-006 9.77447 1.84561e+007 -0.0165707
4.336e-006 9.79252 1.04079e+007 -0.0161098
4.344e-006 9.81057 2.25834e+007 -0.0187167
4.352e-006 9.82862 1.54103e+008 -0.0216014
4.36e-006 9.84667 2.60575e+007 -0.0279499
4.368e-006 9.86473 1.47744e+007 -0.0338271
4.376e-006 9.88278 1.88483e+007 -0.0341952
4.384e-006 9.90083 1.21986e+007 -0.0332434
4.392e-006 9.91888 3.22581e+007 -0.0328363
4.4e-006 9.93693 1.8221e+007 -0.0373397
4.408e-006 9.95498 1.99318e+007 -0.0401495
4.416e-006 9.97303 1.54514e+008 -0.0356626
4.424e-006 9.99108 2.2367e+007 -0.027854
4.432e-006 10.0091 2.28014e+007 -0.0201805
4.44e-006 9.99108 1.49811e+007 -0.333633
4.448e-006 9.97303 1.62705e+007 -0.580399
4.456e-006 9.95498 2.66454e+007 -0.736332
4.464e-006 9.93693 2.9944e+007 -0.815351
4.472e-006 9.91888 2.41769e+007 -0.846036
4.48e-006 9.90083 1.60894e+007 -0.852749
4.488e-006 9.88278 1.30806e+007 -0.845921
4.496e-006 9.86473 8.75163e+006 -0.821309
4.504e-006 9.84667 4.12743e+006 -0.751959
4.512e-006 9.82862 1.49308e+007 -0.659715
4.52e-006 9.81057 3.35658e+007 -0.567899
4.528e-006 9.79252 5.23475e+007 -0.488275
4.536e-006 9.77447 6.7583e+007 -0.419362
4.544e-006 9.75642 7.67425e+007 -0.346603
4.552e-006 9.73837 7.87854e+007 -0.250829
4.56e-006 9.72032 7.41309e+007 -0.129727
4.568e-006 9.70227 5.71493e+007 0.000588233
4.576e-006 9.68422 2.12198e+007 0.121467
4.584e-006 9.66617 1.34597e+007 0.226636
4.592e-006 9.64812 9.07215e+006 0.319162
4.6e-006 9.63007 7.44621e+006 0.401852
4.608e-006 9.61202 6.7407e+006 0.474323
4.616e-006 9.59396 6.00871e+006 0.534449
4.624e-006 9.57591 5.81003e+006 0.576863
4.632e-006 9.55786 7.68872e+006 0.591897
4.64e-006 9.53981 1.29175e+007 0.572079
4.648e-006 9.52176 2.11595e+007 0.519953
4.656e-006 9.50371 3.02525e+007 0.446182
4.664e-006 9.48566 3.73762e+007 0.360574
4.672e-006 9.46761 4.07536e+007 0.26816
4.68e-006 9.44956 0 0.172792
4.688e-006 9.43151 0 0.079439
4.696e-006 9.41346 0 -0.00847165
4.704e-006 9.39541 0 -0.0909332
4.712e-006 9.37736 0 -0.167456
4.72e-006 9.35931 0 -0.235013
4.728e-006 9.34125 0 -0.291667
4.736e-006 9.3232 0 -0.339436
4.744e-006 9.30515 0 -0.381188
4.752e-006 9.2871 0 -0.416384
4.76e-006 9.26905 0 -0.441865
4.768e-006 9.251 0 -0.455148
4.776e-006 9.23295 0 -0.454497
4.784e-006 9.2149 0 -0.436932
4.792e-006 9.19685 0 -0.399305
4.8e-006 9.1788 0 -0.341961
4.808e-006 9.16075 0 -0.269585
4.816e-006 9.1427 0 -0.188282
4.824e-006 9.12465 0 -0.103566
4.832e-006 9.10659 0 -0.0211383
4.84e-006 9.08854 0 0.0528966
4.848e-006 9.07049 0 0.114458
4.856e-006 9.05244 0 0.16348
4.864e-006 9.03439 0 0.202458
4.872e-006 9.01634 0 0.233542
4.88e-006 8.99829 0 0.257755
4.888e-006 8.98024 0 0.275952
4.896e-006 8.96219 0 0.288716
4.904e-006 8.94414 0 0.295156
4.912e-006 8.92609 0 0.293154
4.92e-006 8.90804 0 0.281533
4.928e-006 8.88999 0 0.261411
4.936e-006 8.87194 0 0.235126
4.944e-006 8.85388 0 0.20451
4.952e-006 8.83583 0 0.170641
4.96e-006 8.81778 0 0.134414
4.968e-006 8.79973 0 0.0962095
4.976e-006 8.78168 0 0.0549075
4.984e-006 8.76363 0 -0.00809535
4.992e-006 8.74558 0 -0.0921032
5e-006 8.72753 0 -0.183536
5.008e-006 8.70948 0 -0.264049
5.016e-006 8.69143 0 -0.312906
5.024e-006 8.67338 0 -0.332524
5.032e-006 8.65533 0 -0.329835
5.04e-006 8.63728 0 -0.311911
5.048e-006 8.61922 0 -0.284754
5.056e-006 8.60117 0 -0.252884
5.064e-006 8.58312 0 -0.219018
5.072e-006 8.56507 0 -0.184633
5.08e-006 8.54702 0 -0.150919
5.088e-006 8.52897 0 -0.118611
5.096e-006 8.51092 5.70255e+008 -0.0867414
5.104e-006 8.49287 4.87601e+008 -0.0521444
5.112e-006 8.47482 4.20532e+008 -0.017837
5.12e-006 8.45677 3.72079e+008 -0.00313092
5.128e-006 8.43872 0 -0.0111723
5.136e-006 8.42067 0 -0.0393417
5.144e-006 8.40262 0 -0.0762557
5.152e-006 8.38457 0 -0.120704
5.16e-006 8.36651 0 -0.159521
5.168e-006 8.34846 4.72134e+008 -0.169959
5.176e-006 8.33041 0 -0.132252
5.184e-006 8.31236 0 -0.0417558
5.192e-006 8.29431 0 0.0833731
5.2e-006 8.27626 0 0.212374
5.208e-006 8.25821 0 0.314202
5.216e-006 8.24016 0 0.366546
5.224e-006 8.22211 0 0.361225
5.232e-006 8.20406 0 0.305328
5.24e-006 8.18601 0 0.21679
5.248e-006 8.16796 0 0.116168
5.256e-006 8.14991 0 0.0196311
5.264e-006 8.13186 0 -0.0634004
5.272e-006 8.1138 0 -0.129035
5.28e-006 8.09575 0 -0.177066
5.288e-006 8.0777 0 -0.209667
5.296e-006 8.05965 0 -0.230096
5.304e-006 8.0416 0 -0.241297
5.312e-006 8.02355 0 -0.245129
5.32e-006 8.0055 0 -0.242474
5.328e-006 7.98745 0 -0.233519
5.336e-006 7.9694 0 -0.217769
5.344e-006 7.95135 0 -0.194122
5.352e-006 7.9333 0 -0.161506
5.36e-006 7.91525 0 -0.119779
5.368e-006 7.8972 0 -0.0702581
5.376e-006 7.87914 0 -0.0156035
5.384e-006 7.86109 0 0.0405821
5.392e-006 7.84304 0 0.0940973
5.4e-006 7.82499 0 0.140465
5.408e-006 7.80694 6.67236e+007 0.175479
5.416e-006 7.78889 4.48198e+007 0.196063
5.424e-006 7.77084 3.15162e+007 0.201271
5.432e-006 7.75279 2.66092e+007 0.192887
5.44e-006 7.73474 2.61751e+007 0.175103
5.448e-006 7.71669 2.46057e+007 0.153303
5.456e-006 7.69864 1.81195e+007 0.132382
5.464e-006 7.68059 7.02538e+006 0.115198
5.472e-006 7.66254 4.85091e+006 0.101755
5.48e-006 7.64449 1.09871e+007 0.0895952
5.488e-006 7.62643 8.36793e+006 0.0750393
5.496e-006 7.60838 687713 0.0547812
5.504e-006 7.59033 1.07045e+007 0.0273302
5.512e-006 7.57228 1.69301e+007 -0.00639546
5.52e-006 7.55423 1.80726e+007 -0.043324
5.528e-006 7.53618 1.6307e+007 -0.0792137
5.536e-006 7.51813 1.44121e+007 -0.110163
5.544e-006 7.50008 1.44372e+007 -0.133166
5.552e-006 7.48203 1.63764e+007 -0.145932
5.56e-006 7.46398 1.81107e+007 -0.146789
5.568e-006 7.44593 1.70877e+007 -0.135094
5.576e-006 7.42788 1.2357e+007 -0.111947
5.584e-006 7.40983 5.10311e+006 -0.0805687
5.592e-006 7.39178 2.56176e+006 -0.0459417
5.6e-006 7.37372 7.69214e+006 -0.013749
5.608e-006 7.35567 9.01307e+006 0.0110798
5.616e-006 7.33762 8.08251e+006 0.0257459
5.624e-006 7.31957 6.79724e+006 0.030341
5.632e-006 7.30152 6.83042e+006 0.027571
5.64e-006 7.28347 8.88442e+006 0.0214677
5.648e-006 7.26542 1.23757e+007 0.0156781
5.656e-006 7.24737 1.58829e+007 0.0121753
5.664e-006 7.22932 1.80468e+007 0.0109677
5.672e-006 7.21127 1.68222e+007 0.0107775
5.68e-006 7.19322 9.88688e+006 0.0101571
5.688e-006 7.17517 4.65584e+006 0.00837762
5.696e-006 7.15712 3.48443e+006 -0.000258734
5.704e-006 7.13906 5.72522e+006 -0.0282019
5.712e-006 7.12101 8.8539e+006 -0.0623881
5.72e-006 7.10296 1.06746e+007 -0.0908782
5.728e-006 7.08491 9.58746e+006 -0.107681
5.736e-006 7.06686 6.01686e+006 -0.100645
5.744e-006 7.04881 2.81026e+006 -0.0753024
5.752e-006 7.03076 2.84713e+006 -0.0447006
5.76e-006 7.01271 6.84061e+006 -0.0182476
5.768e-006 6.99466 1.28571e+007 0.000623879
5.776e-006 6.97661 1.77511e+007 0.0128962
5.784e-006 6.95856 0 0.0207056
5.792e-006 6.94051 0 0.0246547
5.8e-006 6.92246 0 0.0231346
5.808e-006 6.90441 0 0.0137733
5.816e-006 6.88635 0 -0.00430132
5.824e-006 6.8683 0 -0.0289736
5.832e-006 6.85025 0 -0.0553421
5.84e-006 6.8322 0 -0.0775254
5.848e-006 6.81415 0 -0.0910345
5.856e-006 6.7961 0 -0.0943826
5.864e-006 6.77805 0 -0.0891694
5.872e-006 6.76 0 -0.0788624
5.88e-006 6.74195 0 -0.0671585
5.888e-006 6.7239 0 -0.0567755
5.896e-006 6.70585 0 -0.0490185
5.904e-006 6.6878 0 -0.0439819
5.912e-006 6.66975 0 -0.0410492
5.92e-006 6.6517 0 -0.0393803
5.928e-006 6.63364 0 -0.0381965
5.936e-006 6.61559 0 -0.0368177
5.944e-006 6.59754 0 -0.0345586
5.952e-006 6.57949 0 -0.030666
5.96e-006 6.56144 0 -0.0244098
5.968e-006 6.54339 0 -0.0152932
5.976e-006 6.52534 0 -0.00325371
5.984e-006 6.50729 0 0.01124
5.992e-006 6.48924 0 0.0272008
6e-006 6.47119 0 0.0432081
6.008e-006 6.45314 0 0.0575562
6.016e-006 6.43509 0 0.0684697
6.024e-006 6.41704 0 0.0743753
6.032e-006 6.39898 0 0.0741703
6.04e-006 6.38093 0 0.0523571
6.048e-006 6.36288 0 0.0136433
6.056e-006 6.34483 0 -0.0246863
6.064e-006 6.32678 0 -0.0448233
6.072e-006 6.30873 0 -0.053165
6.08e-006 6.29068 0 -0.0574317
6.088e-006 6.27263 0 -0.0614824
6.096e-006 6.25458 0 -0.0652732
6.104e-006 6.23653 0 -0.0668531
6.112e-006 6.21848 0 -0.0640229
6.12e-006 6.20043 0 -0.0557102
6.128e-006 6.18238 0 -0.0433081
6.136e-006 6.16433 0 -0.0308802
6.144e-006 6.14627 0 -0.0232043
6.152e-006 6.12822 0 -0.0226604
6.16e-006 6.11017 0 -0.0274788
6.168e-006 6.09212 0 -0.0328605
6.176e-006 6.07407 0 -0.0339769
6.184e-006 6.05602 0 -0.0284766
6.192e-006 6.03797 0 -0.0170035
6.2e-006 6.01992 0 -0.00208094
6.208e-006 6.00187 0 0.0133485
6.216e-006 5.98382 0 0.0268856
6.224e-006 5.96577 4.55836e+008 0.0371148
6.232e-006 5.94772 3.83854e+008 0.0436315
6.24e-006 5.92967 0 0.0456214
6.248e-006 5.91162 0 0.040614
6.256e-006 5.89356 0 0.0256702
6.264e-006 5.87551 0 0.000548337
6.272e-006 5.85746 0 -0.0300658
6.28e-006 5.83941 0 -0.057294
6.288e-006 5.82136 0 -0.0712563
6.296e-006 5.80331 0 -0.0649106
6.304e-006 5.78526 0 -0.036889
6.312e-006 5.76721 0 0.00759439
6.32e-006 5.74916 0 0.0580394
6.328e-006 5.73111 0 0.101809
6.336e-006 5.71306 0 0.128073
6.344e-006 5.69501 0 0.131064
