-cornerpoints-
nrcorners 341
  1     0.000186      0.001473
  2     0.000186      0.001329
  3     0.000186      0.001201
  4     0.000186      0.001111
  5     0.000186      0.001001
  6     0.000186      0.000907
  7     0.000186      0.000806
  8     0.000186      0.000719
  9     0.000186      0.000605
 10     0.000189      0.000505
 11     0.000628      0.001466
 12     0.000557      0.001335
 13     0.000551      0.001232
 14     0.000648      0.001198
 15     0.000454      0.001098
 16     0.000665      0.001088
 17     0.000591      0.001021
 18     0.000658      0.000980
 19     0.000638      0.000934
 20     0.000380      0.000910
 21     0.000424      0.000820
 22     0.000336      0.000793
 23     0.000313      0.000716
 24     0.000507      0.000706
 25     0.000467      0.000629
 26     0.000377      0.000602
 27     0.000410      0.000505
 28     0.000715      0.001372
 29     0.000839      0.001238
 30     0.000896      0.001148
 31     0.000835      0.001037
 32     0.000869      0.000924
 33     0.000822      0.000893
 34     0.000718      0.000830
 35     0.000631      0.000820
 36     0.000641      0.000726
 37     0.000701      0.000619
 38     0.000634      0.000508
 39     0.001083      0.001452
 40     0.001120      0.001406
 41     0.001170      0.001292
 42     0.001056      0.001165
 43     0.001163      0.001091
 44     0.001003      0.001057
 45     0.001110      0.000977
 46     0.001030      0.000937
 47     0.001086      0.000850
 48     0.001019      0.000826
 49     0.001063      0.000763
 50     0.000959      0.000713
 51     0.000999      0.000656
 52     0.000882      0.000632
 53     0.000869      0.000525
 54     0.001344      0.001379
 55     0.001304      0.001262
 56     0.001287      0.001178
 57     0.001274      0.000980
 58     0.001304      0.000883
 59     0.001358      0.000850
 60     0.001317      0.000763
 61     0.001157      0.000632
 62     0.001143      0.000518
 63     0.001334      0.000646
 64     0.001388      0.000589
 65     0.001307      0.000512
 66     0.001445      0.000492
 67     0.001528      0.001409
 68     0.001923      0.001365
 69     0.001820      0.001312
 70     0.001726      0.001215
 71     0.001548      0.001171
 72     0.001605      0.001088
 73     0.001719      0.001088
 74     0.001699      0.000970
 75     0.001589      0.000877
 76     0.001579      0.000803
 77     0.001498      0.000773
 78     0.001585      0.000716
 79     0.001642      0.000612
 80     0.001739      0.000589
 81     0.001739      0.000485
 82     0.002141      0.001369
 83     0.001967      0.001208
 84     0.002084      0.001198
 85     0.002021      0.001128
 86     0.001897      0.001104
 87     0.001897      0.000977
 88     0.002148      0.001108
 89     0.002128      0.000990
 90     0.002031      0.000977
 91     0.002014      0.000873
 92     0.002071      0.000833
 93     0.002084      0.000729
 94     0.001977      0.000763
 95     0.002024      0.000652
 96     0.002054      0.000555
 97     0.001974      0.000478
 98     0.002556      0.001365
 99     0.002519      0.001282
100     0.002335      0.001238
101     0.002332      0.001124
102     0.002415      0.001108
103     0.002382      0.000997
104     0.002268      0.000994
105     0.002241      0.000880
106     0.002382      0.000846
107     0.002312      0.000746
108     0.002426      0.000759
109     0.002379      0.000682
110     0.002402      0.000565
111     0.002446      0.000445
112     0.002944      0.001359
113     0.002837      0.001305
114     0.002857      0.001208
115     0.002690      0.001034
116     0.002526      0.001014
117     0.002536      0.000883
118     0.002971      0.001007
119     0.003001      0.000917
120     0.002908      0.000860
121     0.002988      0.000776
122     0.002867      0.000733
123     0.002657      0.000689
124     0.002898      0.000652
125     0.002800      0.000569
126     0.002998      0.000565
127     0.003005      0.000465
128     0.003165      0.001332
129     0.003052      0.001235
130     0.003149      0.001198
131     0.003336      0.001151
132     0.003279      0.001064
133     0.003413      0.001024
134     0.003299      0.000944
135     0.003386      0.000887
136     0.003186      0.000806
137     0.003242      0.000739
138     0.003172      0.000699
139     0.003226      0.000622
140     0.003252      0.000518
141     0.003289      0.000445
142     0.003520      0.001322
143     0.003510      0.001232
144     0.003738      0.001188
145     0.003574      0.001185
146     0.003654      0.001061
147     0.003708      0.000890
148     0.003567      0.000867
149     0.003517      0.000776
150     0.003611      0.000723
151     0.003413      0.000639
152     0.003477      0.000559
153     0.003564      0.000458
154     0.003925      0.000887
155     0.003879      0.000753
156     0.003969      0.000723
157     0.004307      0.000766
158     0.004314      0.000897
159     0.003865      0.000605
160     0.003982      0.000589
161     0.003965      0.000478
162     0.004200      0.000609
163     0.004173      0.000492
164     0.004280      0.000472
165     0.004297      0.000378
166     0.004672      0.000431
167     0.004578      0.000542
168     0.004354      0.000629
169     0.004381      0.000746
170     0.004645      0.000726
171     0.004665      0.000860
172     0.004481      0.000910
173     0.004421      0.001074
174     0.004571      0.001064
175     0.004595      0.001138
176     0.004595      0.001242
177     0.004843      0.001238
178     0.004869      0.001134
179     0.005124      0.001128
180     0.005177      0.001014
181     0.005084      0.001014
182     0.004809      0.001041
183     0.005097      0.000857
184     0.004977      0.000833
185     0.004863      0.000873
186     0.004953      0.000729
187     0.004886      0.000699
188     0.004876      0.000552
189     0.005060      0.000572
190     0.005231      0.000572
191     0.005214      0.000468
192     0.005425      0.001228
193     0.005355      0.001124
194     0.005596      0.001108
195     0.005573      0.000977
196     0.005392      0.001001
197     0.005422      0.000850
198     0.005328      0.000830
199     0.005368      0.000703
200     0.005111      0.000709
201     0.005566      0.000682
202     0.005623      0.000555
203     0.005526      0.000555
204     0.005566      0.000431
205     0.005479      0.000348
206     0.005857      0.000371
207     0.005827      0.000281
208     0.006039      0.001198
209     0.006016      0.001057
210     0.006140      0.000937
211     0.005999      0.000927
212     0.005751      0.000950
213     0.005989      0.000796
214     0.005761      0.000776
215     0.005681      0.000813
216     0.006120      0.000769
217     0.006029      0.000609
218     0.005818      0.000642
219     0.006153      0.000605
220     0.006177      0.000478
221     0.006023      0.000485
222     0.006103      0.000348
223     0.006418      0.000328
224     0.006411      0.000251
225     0.006481      0.001161
226     0.006518      0.001027
227     0.006588      0.000957
228     0.006297      0.000913
229     0.006843      0.000967
230     0.006913      0.000913
231     0.006846      0.000840
232     0.006609      0.000793
233     0.006327      0.000793
234     0.006558      0.000652
235     0.006421      0.000642
236     0.006294      0.000646
237     0.006441      0.000492
238     0.006588      0.000485
239     0.006612      0.000361
240     0.006856      0.000361
241     0.006873      0.000254
242     0.007040      0.000374
243     0.007302      0.000338
244     0.007194      0.000261
245     0.007372      0.000371
246     0.006850      0.001138
247     0.006943      0.001057
248     0.007228      0.001144
249     0.007288      0.001057
250     0.007171      0.001044
251     0.007127      0.000957
252     0.007238      0.000944
253     0.007603      0.000984
254     0.007231      0.000826
255     0.007064      0.000790
256     0.007466      0.000820
257     0.007519      0.000703
258     0.007302      0.000672
259     0.007044      0.000689
260     0.006980      0.000662
261     0.006779      0.000659
262     0.007024      0.000535
263     0.006783      0.000502
264     0.007087      0.000505
265     0.007305      0.000502
266     0.007369      0.000545
267     0.007576      0.000555
268     0.007596      0.000696
269     0.007730      0.000699
270     0.007777      0.000559
271     0.007744      0.000425
272     0.007606      0.000395
273     0.007610      0.000535
274     0.007857      0.000421
275     0.007827      0.000314
276     0.007623      0.000254
277     0.007908      0.000210
278     0.007944      0.000297
279     0.008083      0.000321
280     0.008231      0.000321
281     0.008301      0.000210
282     0.007856      0.001027
283     0.008036      0.001108
284     0.008204      0.001108
285     0.008247      0.001011
286     0.008187      0.000967
287     0.007936      0.000984
288     0.007916      0.000887
289     0.007705      0.000863
290     0.008016      0.000860
291     0.008224      0.000863
292     0.008294      0.000900
293     0.008304      0.000766
294     0.008200      0.000719
295     0.007963      0.000726
296     0.008087      0.000592
297     0.008227      0.000559
298     0.008137      0.000465
299     0.008070      0.000445
300     0.008361      0.000411
301     0.008552      0.001071
302     0.008498      0.000990
303     0.008609      0.000910
304     0.008780      0.000890
305     0.008800      0.000786
306     0.008616      0.000786
307     0.008502      0.000857
308     0.008596      0.000729
309     0.008729      0.000696
310     0.008719      0.000626
311     0.008626      0.000619
312     0.008606      0.000528
313     0.008442      0.000545
314     0.008750      0.000485
315     0.008733      0.000388
316     0.008817      0.000371
317     0.008800      0.000291
318     0.008626      0.000287
319     0.008930      0.001074
320     0.008927      0.000957
321     0.009051      0.001084
322     0.009051      0.000947
323     0.009051      0.000810
324     0.009051      0.000686
325     0.009051      0.000619
326     0.009051      0.000502
327     0.009051      0.000384
328     0.009051      0.000274
329     0.009051      0.000150
330     0.003897      0.001295
331     0.004134      0.001268
332     0.003873      0.001165
333     0.003856      0.001054
334     0.003944      0.001044
335     0.004385      0.001248
336     0.004154      0.001037
337     0.004077      0.000873
338     0.004734      0.000696
339     0.002603      0.001265
340     0.002542      0.001175
341     0.004732      0.000550
-end-cornerpoints-

-configuration-
nrcells 181
1 nrcorners 5 numbers 1 11 28 12 2
2 nrcorners 4 numbers 2 12 13 3
3 nrcorners 5 numbers 3 13 14 15 4
4 nrcorners 5 numbers 4 15 16 17 5
5 nrcorners 6 numbers 5 17 18 19 20 6
6 nrcorners 5 numbers 6 20 21 22 7
7 nrcorners 4 numbers 7 22 23 8
8 nrcorners 6 numbers 8 23 24 25 26 9
9 nrcorners 4 numbers 9 26 27 10
10 nrcorners 5 numbers 12 28 29 14 13
11 nrcorners 5 numbers 14 29 30 16 15
12 nrcorners 8 numbers 16 30 42 43 44 31 18 17
13 nrcorners 5 numbers 18 31 32 33 19
14 nrcorners 6 numbers 20 19 33 34 35 21
15 nrcorners 6 numbers 22 21 35 36 24 23
16 nrcorners 7 numbers 24 36 50 51 52 37 25
17 nrcorners 5 numbers 26 25 37 38 27
18 nrcorners 4 numbers 11 39 40 28
19 nrcorners 5 numbers 28 40 54 41 29
20 nrcorners 6 numbers 29 41 55 56 42 30
21 nrcorners 5 numbers 31 44 45 46 32
22 nrcorners 6 numbers 33 32 46 47 48 34
23 nrcorners 6 numbers 35 34 48 49 50 36
24 nrcorners 4 numbers 37 52 53 38
25 nrcorners 5 numbers 52 51 61 62 53
26 nrcorners 5 numbers 61 63 64 65 62
27 nrcorners 4 numbers 50 49 60 51
28 nrcorners 6 numbers 51 60 77 78 63 61 
29 nrcorners 6 numbers 48 47 58 59 60 49
30 nrcorners 5 numbers 46 45 57 58 47
31 nrcorners 8 numbers 57 74 87 90 91 75 59 58
32 nrcorners 7 numbers 44 43 72 73 74 57 45
33 nrcorners 5 numbers 42 56 71 72 43
34 nrcorners 5 numbers 55 69 70 71 56
35 nrcorners 6 numbers 41 54 67 68 69 55
36 nrcorners 4 numbers 39 67 54 40
37 nrcorners 5 numbers 69 68 82 83 70
38 nrcorners 8 numbers 71 70 83 84 85 86 73 72
39 nrcorners 4 numbers 73 86 87 74
40 nrcorners 6 numbers 75 91 92 93 94 76
41 nrcorners 5 numbers 59 75 76 77 60
42 nrcorners 5 numbers 77 76 94 95 78
43 nrcorners 4 numbers 63 78 79 64
44 nrcorners 5 numbers 78 95 96 80 79
45 nrcorners 5 numbers 64 79 80 81 65
46 nrcorners 4 numbers 80 96 97 81
47 nrcorners 4 numbers 96 110 111 97
48 nrcorners 5 numbers 95 109 123 110 96
49 nrcorners 6 numbers 94 93 107 108 109 95
50 nrcorners 5 numbers 92 105 106 107 93
51 nrcorners 6 numbers 90 89 104 105 92 91
52 nrcorners 6 numbers 86 85 88 89 90 87
53 nrcorners 6 numbers 88 101 102 103 104 89
54 nrcorners 5 numbers 84 100 101 88 85
55 nrcorners 6 numbers 83 82 98 99 100 84
56 nrcorners 5 numbers 98 112 113 339 99
57 nrcorners 4 numbers 339 113 114 340
58 nrcorners 6 numbers 100 99 339 340 102 101
59 nrcorners 8 numbers 102 340 114 129 130 115 116 103
60 nrcorners 6 numbers 104 103 116 117 106 105
61 nrcorners 4 numbers 116 115 118 117
62 nrcorners 7 numbers 106 117 118 119 120 108 107
63 nrcorners 6 numbers 108 120 121 122 123 109
64 nrcorners 5 numbers 123 122 124 125 110
65 nrcorners 5 numbers 110 125 126 127 111
66 nrcorners 5 numbers 126 139 140 141 127
67 nrcorners 5 numbers 124 138 139 126 125
68 nrcorners 6 numbers 122 121 136 137 138 124
69 nrcorners 6 numbers 120 119 134 135 136 121
70 nrcorners 5 numbers 118 132 133 134 119
71 nrcorners 5 numbers 115 130 131 132 118
72 nrcorners 4 numbers 130 143 144 131
73 nrcorners 5 numbers 113 112 128 129 114
74 nrcorners 5 numbers 128 142 143 130 129
75 nrcorners 5 numbers 142 330 144 145 143
76 nrcorners 8 numbers 131 145 144 332 333 146 133 132
77 nrcorners 6 numbers 134 133 146 147 148 135
78 nrcorners 5 numbers 136 135 148 149 137
79 nrcorners 6 numbers 138 137 149 150 151 139
80 nrcorners 4 numbers 139 151 152 140
81 nrcorners 4 numbers 140 152 153 141
82 nrcorners 5 numbers 152 159 160 161 153
83 nrcorners 6 numbers 151 150 155 156 159 152
84 nrcorners 6 numbers 148 147 154 155 150 149
85 nrcorners 7 numbers 146 333 334 336 337 154 147
86 nrcorners 4 numbers 330 331 332 144
87 nrcorners 5 numbers 332 331 335 334 333
88 nrcorners 7 numbers 334 335 176 175 174 173 336
89 nrcorners 5 numbers 336 173 172 158 337
90 nrcorners 6 numbers 154 337 158 157 156 155
91 nrcorners 7 numbers 156 157 169 168 162 160 159
92 nrcorners 4 numbers 160 162 163 161
93 nrcorners 4 numbers 161 163 164 165
94 nrcorners 5 numbers 162 168 167 164 163
95 nrcorners 4 numbers 164 167 166 165
96 nrcorners 6 numbers 169 170 338 341 167 168
97 nrcorners 6 numbers 158 172 171 170 169 157
98 nrcorners 4 numbers 176 177 178 175
99 nrcorners 7 numbers 175 178 179 180 181 182 174
100 nrcorners 6 numbers 173 174 182 185 171 172
101 nrcorners 7 numbers 171 185 184 186 187 338 170
102 nrcorners 4 numbers 338 187 188 341
103 nrcorners 7 numbers 167 341 188 189 190 191 166
104 nrcorners 4 numbers 166 191 204 205
105 nrcorners 4 numbers 190 203 204 191
106 nrcorners 4 numbers 187 200 189 188
107 nrcorners 7 numbers 200 199 201 202 203 190 189
108 nrcorners 6 numbers 184 183 198 199 200 186
109 nrcorners 5 numbers 182 181 183 184 185
110 nrcorners 5 numbers 177 192 193 179 178
111 nrcorners 6 numbers 179 193 194 195 196 180
112 nrcorners 6 numbers 181 180 196 197 198 183
113 nrcorners 5 numbers 196 195 212 215 197
114 nrcorners 7 numbers 198 197 215 214 218 201 199
115 nrcorners 7 numbers 201 218 217 219 220 221 202
116 nrcorners 6 numbers 203 202 221 222 206 204
117 nrcorners 4 numbers 204 206 207 205
118 nrcorners 5 numbers 206 222 223 224 207
119 nrcorners 7 numbers 221 220 237 238 239 223 222
120 nrcorners 5 numbers 219 236 235 237 220
121 nrcorners 5 numbers 216 233 236 219 217
122 nrcorners 5 numbers 214 213 216 217 218
123 nrcorners 5 numbers 212 211 213 214 215
124 nrcorners 6 numbers 211 210 228 233 216 213
125 nrcorners 6 numbers 194 209 210 211 212 195
126 nrcorners 5 numbers 209 226 227 228 210
127 nrcorners 5 numbers 192 208 209 194 193
128 nrcorners 4 numbers 208 225 226 209
129 nrcorners 6 numbers 225 246 247 229 227 226
130 nrcorners 7 numbers 227 229 230 231 232 233 228
131 nrcorners 7 numbers 232 231 255 259 260 261 234
132 nrcorners 5 numbers 233 232 234 235 236
133 nrcorners 6 numbers 235 234 261 263 238 237
134 nrcorners 4 numbers 261 260 262 263
135 nrcorners 7 numbers 238 263 262 264 242 240 239
136 nrcorners 5 numbers 223 239 240 241 224
137 nrcorners 5 numbers 240 242 243 244 241
138 nrcorners 5 numbers 264 265 245 243 242
139 nrcorners 7 numbers 260 259 258 266 265 264 262
140 nrcorners 6 numbers 255 254 256 257 258 259
141 nrcorners 6 numbers 230 251 252 254 255 231
142 nrcorners 5 numbers 229 247 250 251 230
143 nrcorners 5 numbers 246 248 249 250 247
144 nrcorners 5 numbers 248 283 282 253 249
145 nrcorners 5 numbers 250 249 253 252 251
146 nrcorners 5 numbers 252 253 289 256 254
147 nrcorners 7 numbers 256 289 288 290 295 269 257
148 nrcorners 5 numbers 258 257 268 267 266
149 nrcorners 5 numbers 268 269 270 273 267
150 nrcorners 5 numbers 269 295 294 296 270
151 nrcorners 6 numbers 270 296 297 298 299 271
152 nrcorners 4 numbers 273 270 271 272
153 nrcorners 6 numbers 265 266 267 273 272 245
154 nrcorners 8 numbers 244 243 245 272 271 274 275 276
155 nrcorners 4 numbers 276 275 278 277
156 nrcorners 5 numbers 274 299 279 278 275
157 nrcorners 5 numbers 278 279 280 281 277
158 nrcorners 5 numbers 299 298 300 280 279
159 nrcorners 4 numbers 280 300 318 281
160 nrcorners 4 numbers 298 297 313 300
161 nrcorners 6 numbers 296 294 311 312 313 297
162 nrcorners 6 numbers 294 293 308 309 310 311
163 nrcorners 5 numbers 290 291 293 294 295
164 nrcorners 6 numbers 287 286 292 291 290 288
165 nrcorners 5 numbers 253 282 287 288 289
166 nrcorners 6 numbers 283 284 285 286 287 282
167 nrcorners 4 numbers 284 301 302 285
168 nrcorners 6 numbers 286 285 302 303 307 292
169 nrcorners 6 numbers 291 292 307 306 308 293
170 nrcorners 5 numbers 313 312 314 315 300
171 nrcorners 5 numbers 300 315 316 317 318
172 nrcorners 5 numbers 281 318 317 328 329
173 nrcorners 4 numbers 316 327 328 317
174 nrcorners 5 numbers 314 326 327 316 315
175 nrcorners 6 numbers 311 310 325 326 314 312
176 nrcorners 4 numbers 309 324 325 310
177 nrcorners 6 numbers 306 305 323 324 309 308
178 nrcorners 5 numbers 304 320 322 323 305
179 nrcorners 5 numbers 307 303 304 305 306
180 nrcorners 6 numbers 302 301 319 320 304 303
181 nrcorners 4 numbers 319 321 322 320
-end-configuration-

-northface-
nrcorners 25
numbers 1 11 39 67 68 82 98 112 128 142 330 331 335 176 177 192 208 225 246 248 283 284 301 319 321
-end-northface-

-eastface-
nrcorners 9
numbers 321 322 323 324 325 326 327 328 329
-end-eastface-

-southface-
nrcorners 25
numbers 10 27 38 53 62 65 66 81 97 111 127 141 153 161 165 166 205 207 224 241 244 276 277 281 329
-end-southface-

-westface-
nrcorners 10
numbers 1 2 3 4 5 6 7 8 9 10
-end-westface-

