0 0 0 0 0 0 0 0 0 -50 0 -50 0 -50 0 -50 -8.47033e-014 -50 -8.47033e-014 -50 -1.41172e-014 -1.41172e-014 -1.41172e-014 -1.41172e-014 7.05861e-014 7.05861e-014 2.82344e-014 0 0 0 -8.47033e-014 -8.47033e-014 -50 -50 -50 -50 -50 -50 
0.0004801 0.158333 4304.28 -0.0574698 0.234705 -71.3359 -142.655 55.0738 -0.0378229 -50.0825 -0.0602833 -50.0556 -0.0373267 -50.0162 -0.0179109 -50.0533 -0.0443145 -50.0681 -0.0819454 -50.0925 -0.0423593 -0.0592755 0.0352499 0.0252982 -0.0247588 -0.0179863 -0.0378229 -0.0602833 -0.0373267 -0.0179109 -0.0443145 -0.0819454 -50.0825 -50.0556 -50.0162 -50.0533 -50.0681 -50.0925 
0.0009701 0.321667 9108.48 -0.121819 0.485992 -151.773 -291.92 97.5705 -0.0922543 -50.1639 -0.122316 -50.1089 -0.0822587 -50.0508 -0.0517426 -50.1082 -0.104959 -50.1376 -0.169453 -50.188 -0.0863228 -0.10942 0.0624483 0.0535783 -0.0329741 -0.0504097 -0.0922543 -0.122316 -0.0822587 -0.0517426 -0.104959 -0.169453 -50.1639 -50.1089 -50.0508 -50.1082 -50.1376 -50.188 
0.0014601 0.485 14137.8 -0.188076 0.752348 -234.594 -445.155 141.379 -0.190968 -50.2257 -0.17239 -50.1502 -0.126473 -50.0954 -0.101438 -50.1548 -0.156115 -50.1877 -0.26088 -50.2861 -0.131629 -0.147712 0.0904856 0.0610282 -0.0617952 -0.107757 -0.190968 -0.17239 -0.126473 -0.101438 -0.156115 -0.26088 -50.2257 -50.1502 -50.0954 -50.1548 -50.1877 -50.2861 
0.0019501 0.648333 19363.1 -0.247344 1.01156 -308.679 -586.274 189.938 -0.244624 -50.3102 -0.229651 -50.1886 -0.169655 -50.1346 -0.148061 -50.2029 -0.205979 -50.2254 -0.356725 -50.3764 -0.166193 -0.174209 0.121562 0.0850094 -0.0646186 -0.152153 -0.244624 -0.229651 -0.169655 -0.148061 -0.205979 -0.356725 -50.3102 -50.1886 -50.1346 -50.2029 -50.2254 -50.3764 
0.0024401 0.811667 24758.7 -0.305557 1.27346 -381.447 -709.388 236.444 -0.313548 -50.38 -0.296992 -50.2238 -0.198144 -50.1859 -0.195816 -50.2372 -0.251724 -50.2808 -0.453674 -50.4552 -0.202281 -0.192659 0.151327 0.101998 -0.0592266 -0.187136 -0.313548 -0.296992 -0.198144 -0.195816 -0.251724 -0.453674 -50.38 -50.2238 -50.1859 -50.2372 -50.2808 -50.4552 
0.0029301 0.975 30304.7 -0.362092 1.53788 -452.116 -867.128 284.895 -0.37121 -50.4586 -0.363937 -50.2691 -0.228865 -50.2244 -0.240448 -50.2737 -0.28567 -50.3307 -0.55496 -50.5329 -0.240323 -0.209665 0.182335 0.113797 -0.0505489 -0.216968 -0.37121 -0.363937 -0.228865 -0.240448 -0.28567 -0.55496 -50.4586 -50.2691 -50.2244 -50.2737 -50.3307 -50.5329 
0.0034201 1.13833 35995.2 -0.415632 1.80142 -519.041 -1012 337.864 -0.422743 -50.5511 -0.424138 -50.3072 -0.264121 -50.2586 -0.27503 -50.3006 -0.324947 -50.3855 -0.647678 -50.599 -0.280379 -0.220876 0.216235 0.125543 -0.0476033 -0.24691 -0.422743 -0.424138 -0.264121 -0.27503 -0.324947 -0.647678 -50.5511 -50.3072 -50.2586 -50.3006 -50.3855 -50.599 
0.0039101 1.30167 41822 -0.466258 2.06323 -582.324 -1155.64 396.094 -0.463998 -50.6369 -0.49185 -50.3537 -0.300503 -50.2894 -0.305562 -50.3284 -0.357992 -50.446 -0.739607 -50.656 -0.306922 -0.233526 0.253502 0.139233 -0.0286023 -0.274321 -0.463998 -0.49185 -0.300503 -0.305562 -0.357992 -0.739607 -50.6369 -50.3537 -50.2894 -50.3284 -50.446 -50.656 
0.0044001 1.465 47776.4 -0.51414 2.32409 -642.176 -1288.29 458.379 -0.512327 -50.7149 -0.55147 -50.3951 -0.329046 -50.3112 -0.333735 -50.3608 -0.399731 -50.5099 -0.824501 -50.7067 -0.336763 -0.24073 0.293364 0.154072 -0.0131446 -0.297174 -0.512327 -0.55147 -0.329046 -0.333735 -0.399731 -0.824501 -50.7149 -50.3951 -50.3112 -50.3608 -50.5099 -50.7067 
0.0048901 1.62833 53863.1 -0.55776 2.57983 -696.702 -1408.63 525.585 -0.54267 -50.795 -0.612265 -50.4352 -0.353931 -50.3378 -0.35773 -50.3889 -0.438036 -50.5768 -0.901522 -50.7508 -0.369435 -0.236104 0.336377 0.172287 0.00682894 -0.315028 -0.54267 -0.612265 -0.353931 -0.35773 -0.438036 -0.901522 -50.795 -50.4352 -50.3378 -50.3889 -50.5768 -50.7508 
0.0053801 1.79167 60064.8 -0.59911 2.83477 -748.389 -1515.99 595.369 -0.569958 -50.875 -0.668144 -50.4773 -0.381985 -50.3567 -0.384144 -50.4228 -0.479677 -50.6406 -0.97023 -50.79 -0.392127 -0.228769 0.381038 0.191511 0.0309856 -0.328011 -0.569958 -0.668144 -0.381985 -0.384144 -0.479677 -0.97023 -50.875 -50.4773 -50.3567 -50.4228 -50.6406 -50.79 
0.0058701 1.955 66387.8 -0.636673 3.0858 -795.343 -1619.33 669.461 -0.598646 -50.9508 -0.73134 -50.5171 -0.396069 -50.3775 -0.409251 -50.453 -0.51117 -50.7107 -1.03637 -50.8213 -0.405915 -0.216134 0.428457 0.213751 0.0580624 -0.332085 -0.598646 -0.73134 -0.396069 -0.409251 -0.51117 -1.03637 -50.9508 -50.5171 -50.3775 -50.453 -50.7107 -50.8213 
0.0063601 2.11833 72820.3 -0.672864 3.33583 -840.583 -1712.88 720.221 -0.618665 -51.0283 -0.789718 -50.5591 -0.416199 -50.3912 -0.431269 -50.4796 -0.55093 -50.7776 -1.09624 -50.8503 -0.406985 -0.205217 0.460944 0.237749 0.0820754 -0.339178 -0.618665 -0.789718 -0.416199 -0.431269 -0.55093 -1.09624 -51.0283 -50.5591 -50.3912 -50.4796 -50.7776 -50.8503 
0.0068501 2.28167 79368.6 -0.705788 3.58188 -881.737 -1796.21 770.207 -0.630841 -51.1049 -0.846172 -50.5981 -0.426382 -50.4086 -0.455469 -50.5101 -0.587534 -50.8486 -1.14957 -50.8731 -0.413519 -0.181904 0.492935 0.264489 0.115285 -0.337663 -0.630841 -0.846172 -0.426382 -0.455469 -0.587534 -1.14957 -51.1049 -50.5981 -50.4086 -50.5101 -50.8486 -50.8731 
0.0073401 2.445 86015 -0.735453 3.82416 -918.819 -1874.87 819.434 -0.640895 -51.1708 -0.896459 -50.64 -0.442705 -50.4238 -0.473858 -50.5403 -0.621389 -50.9156 -1.19992 -50.8923 -0.401286 -0.169932 0.52444 0.294576 0.149845 -0.332576 -0.640895 -0.896459 -0.442705 -0.473858 -0.621389 -1.19992 -51.1708 -50.64 -50.4238 -50.5403 -50.9156 -50.8923 
0.0078301 2.60833 92764.3 -0.762383 4.0636 -952.481 -1946.05 867.776 -0.648051 -51.2346 -0.948572 -50.678 -0.451751 -50.4356 -0.494222 -50.5683 -0.656269 -50.9827 -1.24547 -50.9074 -0.397318 -0.143471 0.555379 0.327097 0.185501 -0.322688 -0.648051 -0.948572 -0.451751 -0.494222 -0.656269 -1.24547 -51.2346 -50.678 -50.4356 -50.5683 -50.9827 -50.9074 
