0 0 0 0 0 0 0 0 0 -50 0 -50 0 -50 0 -50 -7.05861e-014 -50 -7.05861e-014 -50 -1.41172e-014 -1.41172e-014 -1.41172e-014 -1.41172e-014 7.05861e-014 7.05861e-014 2.82344e-014 2.82344e-014 2.82344e-014 2.82344e-014 -8.47033e-014 -8.47033e-014 -50 -50 -50 -50 -50 -50 
0.0004801 0.158333 3108.19 0.00963117 0.227509 12.5423 -8.51403 48.7897 0.0106905 -50.0027 -0.00182647 -49.9972 0.00281976 -49.9925 0.00967869 -49.9914 0.00795401 -49.9877 0.0142326 -49.9812 -0.00544043 -0.00208666 0.00694005 0.00958914 0.0117692 0.0288008 0.0106905 -0.00182647 0.00281976 0.00967869 0.00795401 0.0142326 -50.0027 -49.9972 -49.9925 -49.9914 -49.9877 -49.9812 
0.0009701 0.321667 6389.8 0.0377228 0.444955 47.6582 0 91.9875 0.0331854 -49.9808 0.0292051 -49.9663 0.0318447 -49.9713 0.0321885 -49.9664 0.0363649 -49.9639 0.0297467 -49.999 0.0273712 0.0306202 0.0325456 0.0322403 0.0363543 0.0564617 0.0331854 0.0292051 0.0318447 0.0321885 0.0363649 0.0297467 -49.9808 -49.9663 -49.9713 -49.9664 -49.9639 -49.999 
0.0014601 0.485 9676.73 0.08335 0.614279 104.693 0 131.476 0.0638661 -49.9519 0.0591635 -49.9191 0.0760974 -49.9223 0.0762038 -49.9292 0.0672919 -49.942 0.0633624 -49.9524 0.0557795 0.066938 0.0768606 0.0737255 0.0669343 0.0817247 0.0638661 0.0591635 0.0760974 0.0762038 0.0672919 0.0633624 -49.9519 -49.9191 -49.9223 -49.9292 -49.942 -49.9524 
0.0019501 0.648333 12966 0.155741 0.743079 195.184 0 240.963 0.141089 -49.8906 0.117876 -49.8892 0.118812 -49.8864 0.123428 -49.8668 0.121675 -49.8801 0.127221 -49.847 0.124105 0.121793 0.124031 0.117194 0.124437 0.146359 0.141089 0.117876 0.118812 0.123428 0.121675 0.127221 -49.8906 -49.8892 -49.8864 -49.8668 -49.8801 -49.847 
0.0024401 0.811667 16258.3 0.234093 0.861315 293.119 0 369.355 0.233973 -49.8008 0.19474 -49.8163 0.168039 -49.8361 0.177144 -49.8101 0.181351 -49.8224 0.189777 -49.818 0.213327 0.176321 0.171712 0.179595 0.187495 0.207059 0.233973 0.19474 0.168039 0.177144 0.181351 0.189777 -49.8008 -49.8163 -49.8361 -49.8101 -49.8224 -49.818 
0.0029301 0.975 19556.5 0.298118 1.02334 373.153 0 415.662 0.22879 -49.7733 0.220001 -49.7808 0.230942 -49.7527 0.244898 -49.7557 0.258993 -49.7512 0.242218 -49.7583 0.213254 0.225931 0.229846 0.262467 0.251983 0.263605 0.22879 0.220001 0.230942 0.244898 0.258993 0.242218 -49.7733 -49.7808 -49.7527 -49.7557 -49.7512 -49.7583 
0.0034201 1.13833 22843.7 0.408805 1.08146 511.51 0 549.445 0.349231 -49.677 0.325844 -49.6828 0.312935 -49.6844 0.320277 -49.6693 0.329703 -49.6677 0.329892 -49.6594 0.329808 0.315071 0.32256 0.322148 0.326162 0.341012 0.349231 0.325845 0.312934 0.320277 0.329703 0.329892 -49.677 -49.6828 -49.6844 -49.6693 -49.6677 -49.6594 
0.0039101 1.30167 26142.6 0.487717 1.21199 610.156 0 650.374 0.391491 -49.6334 0.392224 -49.5838 0.409278 -49.6049 0.399205 -49.6088 0.387099 -49.6134 0.375033 -49.6322 0.375598 0.400193 0.410353 0.392044 0.380633 0.390687 0.391491 0.392225 0.409279 0.399204 0.3871 0.375035 -49.6334 -49.5838 -49.6049 -49.6088 -49.6134 -49.6322 
0.0044001 1.465 29433.9 0.596706 1.29237 746.385 0 778.14 0.488766 -49.5413 0.460999 -49.54 0.468269 -49.5337 0.479617 -49.5073 0.483252 -49.517 0.489959 -49.5087 0.462725 0.467399 0.4739 0.483379 0.492373 0.49559 0.488765 0.461 0.468268 0.479617 0.483253 0.489959 -49.5413 -49.54 -49.5337 -49.5073 -49.517 -49.5087 
0.0048901 1.62833 32725.7 0.707631 1.36218 885.049 0 926.565 0.590474 -49.4335 0.576851 -49.4201 0.564854 -49.4364 0.552771 -49.4562 0.55167 -49.4367 0.558817 -49.4167 0.584836 0.570956 0.548548 0.55722 0.558568 0.571275 0.590574 0.576897 0.564684 0.552755 0.551714 0.558824 -49.4335 -49.4201 -49.4363 -49.4562 -49.4366 -49.4168 
0.0053801 1.79167 36022.6 0.804024 1.46663 1005.54 0 1025.74 0.636476 -49.3916 0.638092 -49.3498 0.654564 -49.3469 0.65062 -49.3565 0.64794 -49.364 0.637444 -49.3448 0.625608 0.650963 0.651944 0.653663 0.642978 0.648378 0.636535 0.637809 0.654766 0.650643 0.647867 0.637516 -49.3917 -49.3499 -49.3469 -49.3565 -49.3638 -49.3447 
0.0058701 1.955 39314.3 0.919179 1.53814 1149.48 0 1174.04 0.748275 -49.2609 0.737335 -49.2629 0.735992 -49.2533 0.740759 -49.2552 0.734332 -49.2731 0.718171 -49.2791 0.726915 0.73686 0.736694 0.738647 0.720944 0.737796 0.748991 0.733278 0.738099 0.741619 0.73342 0.719755 -49.2604 -49.2645 -49.2542 -49.2532 -49.2708 -49.28 
0.0063601 2.11833 42600.5 1.04712 1.58334 1309.4 0 1366.21 0.856521 -49.1604 0.828574 -49.1799 0.826181 -49.179 0.826257 -49.163 0.847548 -49.1517 0.845441 -49.1546 0.837825 0.826592 0.828657 0.834744 0.849823 0.871965 0.856613 0.825832 0.827543 0.825298 0.848322 0.845021 -49.1623 -49.1787 -49.1791 -49.164 -49.1494 -49.1557 
0.0068501 2.28167 45886 1.17231 1.63602 1465.9 0 1509.97 0.961859 -49.0517 0.939281 -49.0656 0.928512 -49.0765 0.929378 -49.0779 0.931552 -49.0699 0.939024 -49.0348 0.945995 0.930013 0.931808 0.929093 0.934922 0.956408 0.959498 0.941564 0.927473 0.931416 0.92881 0.943195 -49.0527 -49.0637 -49.0767 -49.0759 -49.0712 -49.0377 
0.0073401 2.445 49178 1.28969 1.69983 1612.62 0 1649.78 1.05342 -48.9668 1.03421 -48.9689 1.02589 -48.9738 1.02459 -48.9736 1.02215 -48.9708 1.0322 -48.9595 1.03535 1.03881 1.02448 1.02371 1.02273 1.04109 1.05001 1.03619 1.029 1.02305 1.0238 1.03312 -48.9665 -48.9672 -48.9721 -48.9721 -48.9713 -48.9585 
0.0078301 2.60833 52470.7 1.40611 1.76648 1758.14 0 1770.72 1.11859 -48.8814 1.12539 -48.8723 1.12312 -48.8845 1.12052 -48.8668 1.1322 -48.8729 1.12569 -48.8744 1.12283 1.12394 1.12268 1.12499 1.12954 1.12991 1.12074 1.12516 1.12324 1.12219 1.13224 1.12384 -48.8827 -48.8681 -48.8828 -48.8672 -48.8722 -48.875 
