-cornerpoints-
2.7118644e-002  9.3559322e-001  
1.0169492e-001  9.1864407e-001  
1.2881356e-001  1.0000000e+000  
1.6610169e-001  9.2203390e-001  
2.2033898e-001  1.0000000e+000  
2.6101695e-001  8.5084746e-001  
3.3220339e-001  8.5423729e-001  
3.2203390e-001  9.7966102e-001  
3.9322034e-001  9.5254237e-001  
4.3728814e-001  8.1355932e-001  
5.1864407e-001  8.1694915e-001  
5.1525424e-001  9.5593220e-001  
5.9661017e-001  9.5593220e-001  
6.2033898e-001  7.0169492e-001  
6.6101695e-001  6.4745763e-001  
5.5254237e-001  6.4745763e-001  
5.5932203e-001  5.5593220e-001  
4.6101695e-001  5.4915254e-001  
4.6101695e-001  6.2711864e-001  
3.8983051e-001  6.2372881e-001  
3.8644068e-001  5.3220339e-001  
3.3220339e-001  5.7627119e-001  
2.9830508e-001  6.2711864e-001  
2.2033898e-001  6.0677966e-001  
2.4067797e-001  4.3728814e-001  
2.0000000e-001  3.6271186e-001  
1.1864407e-001  6.7457627e-001  
6.4406780e-002  6.2033898e-001  
2.3728814e-002  7.1186441e-001  
0.0000000e+000  5.8983051e-001  
4.0677966e-002  3.1186441e-001  
1.0169492e-001  3.2203390e-001  
1.5593220e-001  0.0000000e+000  
2.1694915e-001  1.6949153e-002  
2.1016949e-001  1.0508475e-001  
3.0847458e-001  1.2881356e-001  
3.1186441e-001  3.9322034e-001  
4.8474576e-001  2.7457627e-001  
5.6949153e-001  3.2203390e-001  
5.7966102e-001  2.4406780e-001  
6.5762712e-001  2.5423729e-001  
6.7457627e-001  9.4915254e-002  
6.5423729e-001  3.7627119e-001  
6.8474576e-001  8.8474576e-001  
5.4237288e-002  1.6610169e-001
-end-cornerpoints-

-configuration-
nrcells 13
nrcorners 5 numbers  1  2 27 28 29
nrcorners 7 numbers  2  3  4 24 25 26 27
nrcorners 5 numbers  4  5  6 23 24
nrcorners 6 numbers  6  7 20 21 22 23
nrcorners 6 numbers  7  8  9 10 19 20
nrcorners 6 numbers 10 11 16 17 18 19
nrcorners 5 numbers 11 12 13 14 16
nrcorners 8 numbers 16 14 15 43 41 40 39 17
nrcorners 4 numbers 18 17 39 38
nrcorners 5 numbers 24 23 22 37 25
nrcorners 5 numbers 26 25 37 36 35
nrcorners 7 numbers 28 27 26 35 34 33 32
nrcorners 5 numbers 30 29 28 32 31
-end-configuration-