-cornerpoints-
nrcorners 122
0.0000000e+000  9.9767981e-001  
5.8004640e-002  9.9767981e-001  
1.2064965e-001  9.9767981e-001  
1.9025522e-001  9.9767981e-001  
2.5522042e-001  9.9767981e-001  
3.2250580e-001  1.0000000e+000  
3.8747100e-001  9.9767981e-001  
4.5707657e-001  9.9767981e-001  
5.1508121e-001  1.0000000e+000  
5.7076566e-001  9.9767981e-001  
6.4501160e-001  9.9767981e-001  
7.0533643e-001  9.9767981e-001  
7.6334107e-001  9.9767981e-001  
8.1438515e-001  9.9767981e-001  
8.7470998e-001  9.9767981e-001  
9.4895592e-001  9.9767981e-001  
1.0000000e+000  9.9767981e-001  
9.4895592e-001  8.3294664e-001  
8.8167053e-001  8.2598608e-001  
8.7703016e-001  9.2575406e-001  
8.1438515e-001  9.1879350e-001  
8.1438515e-001  8.3990719e-001  
7.7262181e-001  8.6078886e-001  
7.1229698e-001  9.0487239e-001  
6.6357309e-001  9.0719258e-001  
6.4269142e-001  9.6287703e-001  
5.8004640e-001  9.6055684e-001  
5.8004640e-001  9.0951276e-001  
5.1972158e-001  9.1879350e-001  
5.3132251e-001  8.3990719e-001  
4.8955916e-001  8.4222738e-001  
4.5939675e-001  9.4199536e-001  
4.2459397e-001  8.9095128e-001  
3.9211137e-001  9.3735499e-001  
3.7587007e-001  8.8631090e-001  
3.2018561e-001  8.9791183e-001  
2.5058005e-001  9.3735499e-001  
1.9721578e-001  9.3735499e-001  
1.9489559e-001  8.9327146e-001  
1.2064965e-001  8.8399072e-001  
1.2993039e-001  7.9118329e-001  
7.4245940e-002  7.7030162e-001  
6.2645012e-002  8.2830626e-001  
0.0000000e+000  8.0974478e-001  
0.0000000e+000  5.4524362e-001  
7.6566125e-002  4.6635731e-001  
8.1206497e-002  5.7540603e-001  
1.3689095e-001  5.5916473e-001  
1.4153132e-001  6.7749420e-001  
1.9721578e-001  6.5197216e-001  
2.0881671e-001  7.2621810e-001  
2.5058005e-001  6.7981439e-001  
2.6450116e-001  7.5638051e-001  
2.9930394e-001  6.5893271e-001  
3.1786543e-001  7.5638051e-001  
3.5034803e-001  6.9141531e-001  
3.7819026e-001  7.2389791e-001  
4.5243619e-001  6.7517401e-001  
5.0812065e-001  6.8677494e-001  
5.2900232e-001  6.5429234e-001  
5.7308585e-001  6.2180974e-001  
5.7076566e-001  6.8677494e-001  
6.1716937e-001  6.7517401e-001  
6.2180974e-001  6.3341067e-001  
6.8445476e-001  6.3573086e-001  
6.8677494e-001  7.0301624e-001  
7.2389791e-001  7.3317865e-001  
7.5406032e-001  7.0069606e-001  
8.1670534e-001  7.2853828e-001  
8.7470998e-001  7.2157773e-001  
8.7703016e-001  6.2877030e-001  
9.3503480e-001  6.0556845e-001  
9.5127610e-001  6.7981439e-001  
1.0000000e+000  6.5197216e-001  
1.0000000e+000  3.4338747e-001  
9.5359629e-001  3.5266821e-001  
9.3271462e-001  4.5243619e-001  
8.8167053e-001  4.2923434e-001  
8.6078886e-001  5.5916473e-001  
8.1206497e-001  4.7331787e-001  
7.9582367e-001  5.5220418e-001  
7.5174014e-001  5.1044084e-001  
7.5406032e-001  4.3387471e-001  
7.0069606e-001  4.2227378e-001  
6.8909513e-001  4.7563805e-001  
6.3573086e-001  4.3155452e-001  
5.1740139e-001  5.3132251e-001  
4.6635731e-001  5.5916473e-001  
4.3619490e-001  5.1276102e-001  
3.7819026e-001  4.7331787e-001  
3.2946636e-001  4.6867749e-001  
3.3642691e-001  3.7122970e-001  
2.8538283e-001  3.6658933e-001  
2.7146172e-001  4.6403712e-001  
2.1809745e-001  4.1531323e-001  
1.9721578e-001  4.4779582e-001  
1.4617169e-001  4.4315545e-001  
2.3201856e-003  2.5058005e-001  
6.4965197e-002  2.5290023e-001  
7.1925754e-002  3.1322506e-001  
1.4617169e-001  2.9466357e-001  
1.4849188e-001  2.5290023e-001  
2.2273782e-001  2.5290023e-001  
2.9002320e-001  2.5290023e-001  
3.5266821e-001  2.5290023e-001  
4.0835267e-001  2.5290023e-001  
4.5939675e-001  2.5290023e-001  
4.4547564e-001  3.2482599e-001  
5.1276102e-001  3.4338747e-001  
5.2204176e-001  2.5290023e-001  
5.7772622e-001  2.5290023e-001  
6.2645012e-001  2.5290023e-001  
6.8677494e-001  2.5522042e-001  
7.5174014e-001  2.5058005e-001  
7.6566125e-001  3.1554524e-001  
8.3062645e-001  3.1786543e-001  
8.3526682e-001  2.5290023e-001  
8.9559165e-001  2.5290023e-001  
9.6287703e-001  2.5290023e-001  
1.0000000e+000  2.5290023e-001  
6.0092807e-001  8.1902552e-001  
6.5893271e-001  8.1670534e-001
-end-cornerpoints-

-configuration-
nrcells 60
 1 nrcorners 4 numbers  1  2 43 44
 2 nrcorners 6 numbers  2  3 40 41 42 43
 3 nrcorners 5 numbers  3  4 38 39 40
 4 nrcorners 4 numbers  4  5 37 38 
 5 nrcorners 7 numbers  5  6 36 55 54 53 37
 6 nrcorners 5 numbers  6  7 34 35 36 
 7 nrcorners 5 numbers  7  8 32 33 34
 8 nrcorners 6 numbers  8  9 29 30 31 32
 9 nrcorners 5 numbers  9 10 27 28 29 
10 nrcorners 4 numbers 10 11 26 27
11 nrcorners 5 numbers 11 12 24 25 26
12 nrcorners 6 numbers 12 13 23 68 67 24
13 nrcorners 5 numbers 13 14 21 22 23
14 nrcorners 4 numbers 14 15 20 21
15 nrcorners 5 numbers 15 16 18 19 20
16 nrcorners 5 numbers 16 17 74 73 18
17 nrcorners 6 numbers 19 18 73 72 71 70
18 nrcorners 6 numbers 21 20 19 70 69 22
19 nrcorners 6 numbers 23 22 69 81 82 68
20 nrcorners 5 numbers 25 24 67 66 122
21 nrcorners 6 numbers 27 26 25 122 121 28
22 nrcorners 6 numbers 121 122 66 65 64 63
23 nrcorners 6 numbers 29 28 121 63 62 30
24 nrcorners 6 numbers 31 30 62 61 60 59
25 nrcorners 5 numbers 33 32 31 59 58
26 nrcorners 7 numbers 35 34 33 58 88 89 57
27 nrcorners 5 numbers 36 35 57 56 55
28 nrcorners 6 numbers 38 37 53 52 51 39
29 nrcorners 6 numbers 40 39 51 50 49 41
30 nrcorners 5 numbers 42 41 49 48 47
31 nrcorners 6 numbers 44 43 42 47 46 45
32 nrcorners 5 numbers 45 46 100 99 98
33 nrcorners 6 numbers 47 48 97 101 100 46
34 nrcorners 5 numbers 49 50 96 97 48
35 nrcorners 6 numbers 50 51 52 94 95 96
36 nrcorners 7 numbers 52 53 54 91 92 93 94
37 nrcorners 5 numbers 54 55 56 90 91
38 nrcorners 7 numbers 56 57 89 108 107 106 90
39 nrcorners 5 numbers 58 59 60 87 88
40 nrcorners 6 numbers 87 60 61 111 110 109
41 nrcorners 7 numbers 62 63 64 86 112 111 61
42 nrcorners 4 numbers 64 65 85 86
43 nrcorners 8 numbers 66 67 68 82 83 84 85 65
44 nrcorners 6 numbers 69 70 71 79 80 81
45 nrcorners 5 numbers 71 72 77 78 79
46 nrcorners 6 numbers 73 74 75 76 77 72
47 nrcorners 4 numbers 76 75 120 119
48 nrcorners 5 numbers 78 77 76 119 118
49 nrcorners 6 numbers 80 79 78 118 117 116
50 nrcorners 6 numbers 82 81 80 116 115 83
51 nrcorners 4 numbers 115 116 117 114
52 nrcorners 5 numbers 84 83 115 114 113
53 nrcorners 5 numbers 86 85 84 113 112
54 nrcorners 5 numbers 89 88 87 109 108
55 nrcorners 4 numbers 108 109 110 107
56 nrcorners 5 numbers 91 90 106 105 92
57 nrcorners 4 numbers 93 92 105 104
58 nrcorners 5 numbers 95 94 93 104 103
59 nrcorners 6 numbers 97 96 95 103 102 101
60 nrcorners 4 numbers 100 101 102 99
-end-configuration-

-northface-
nrcorners 17
numbers 1 2 3 4 5 6 7 8 9 10 11 12 13 14 15 16 17
-end-northface-

-westface-
nrcorners 4
numbers 1 44 45 98
-end-westface-

-southface-
nrcorners 17
numbers 98 99 102 103 104 105 106 107 110 111 112 113 114 117 118 119 120
-end-southface-

-eastface-
nrcorners 4
numbers 17 74 75 120
-end-eastface-
