0 0 0 0 0 0 0 0 0 0 0 -50 -1.69407e-013 -1.90582e-013 -50 0 0 0 -50 -1.90582e-013 -1.90582e-013 -50 -1.05879e-013 -1.05879e-013 -1.05879e-013 -50 -8.47033e-014 -1.05879e-013 -50 -1.05879e-013 -1.05879e-013 -8.47033e-014 -50 -8.47033e-014 -1.05879e-013 -50 -1.05879e-013 -1.05879e-013 -1.05879e-013 -50 -8.47033e-014 -1.05879e-013 -50 -1.05879e-013 -1.05879e-013 -8.47033e-014 -50 -1.05879e-013 -1.05879e-013 -50 
0.0004801 0.158333 21540 0.0171465 0.15815 15.6684 -51.2984 70.8067 -0.0280971 -0.00716478 -0.0280971 -50.0274 -0.0140632 -0.0140632 -50.0274 0.00590002 0.000407203 0.00590002 -49.9656 0.0143839 0.0143839 -49.9656 0.0649568 0.015203 0.0649568 -49.9336 0.0468324 0.0468324 -49.9336 0.067366 0.0352781 0.067366 -49.9391 0.0295868 0.0295868 -49.9391 0.0371352 -0.000271878 0.0371352 -49.9678 -0.0129043 -0.0129043 -49.9678 -0.0281138 -0.010186 -0.0281138 -50.0499 -0.00770215 -0.00770215 -50.0499 
0.0009701 0.321667 44373.1 0.037858 0.320764 34.162 -119.585 154.624 -0.0998883 -0.00339489 -0.0998883 -50.0698 -0.0416307 -0.0416307 -50.0698 0.027074 -0.00523288 0.027074 -49.8956 0.034853 0.034853 -49.8956 0.139733 0.0510234 0.139733 -49.8687 0.109928 0.109928 -49.8687 0.147826 0.084226 0.147826 -49.8733 0.0855584 0.0855584 -49.8733 0.102926 0.00184071 0.102926 -49.9193 -0.0308798 -0.0308798 -49.9193 -0.084695 -0.0123465 -0.084695 -50.1154 -0.0254086 -0.0254086 -50.1154 
0.0014601 0.485 67311.3 0.0629782 0.479882 56.5898 -186.633 246.503 -0.163325 -0.015858 -0.163325 -50.088 -0.0703459 -0.0703459 -50.088 0.0536402 -0.00801546 0.0536402 -49.8345 0.0674531 0.0674531 -49.8345 0.229558 0.0883873 0.229558 -49.8124 0.174837 0.174837 -49.8124 0.236034 0.136006 0.236034 -49.8144 0.144962 0.144962 -49.8144 0.172312 0.0135793 0.172312 -49.8608 -0.0488439 -0.0488439 -49.8608 -0.120036 -0.0275825 -0.120036 -50.1798 -0.0459962 -0.0459962 -50.1798 
0.0019501 0.648333 90363.4 0.0915663 0.635228 82.1151 -246.633 344.101 -0.235201 -0.0238749 -0.235201 -50.097 -0.0981574 -0.0981574 -50.097 0.0871443 -0.0117614 0.0871443 -49.7775 0.102879 0.102879 -49.7775 0.321299 0.133343 0.321299 -49.7496 0.244216 0.244216 -49.7496 0.329725 0.188123 0.329725 -49.7439 0.208503 0.208503 -49.7439 0.251627 0.0326807 0.251627 -49.8086 -0.0556181 -0.0556181 -49.8086 -0.159893 -0.037204 -0.159893 -50.2374 -0.0750083 -0.0750083 -50.2374 
0.0024401 0.811667 113506 0.124681 0.785112 111.682 -319.712 442.435 -0.307524 -0.0297757 -0.307524 -50.099 -0.130546 -0.130546 -50.099 0.135416 -0.016931 0.135416 -49.7106 0.152769 0.152769 -49.7106 0.415618 0.179596 0.415618 -49.6877 0.314643 0.314643 -49.6877 0.424128 0.24779 0.424128 -49.6913 0.272921 0.272921 -49.6913 0.342173 0.0606756 0.342173 -49.753 -0.0527494 -0.0527494 -49.753 -0.186977 -0.049923 -0.186977 -50.2879 -0.101815 -0.101815 -50.2879 
0.0029301 0.975 136727 0.161083 0.932958 144.183 -397.636 543.034 -0.382329 -0.0359986 -0.382329 -50.0951 -0.156369 -0.156369 -50.0951 0.192234 -0.0173489 0.192234 -49.6512 0.208217 0.208217 -49.6512 0.510738 0.232177 0.510738 -49.6265 0.39011 0.39011 -49.6265 0.520701 0.310413 0.520701 -49.6266 0.338907 0.338907 -49.6266 0.430912 0.0923978 0.430912 -49.6884 -0.0489136 -0.0489136 -49.6884 -0.205244 -0.0632009 -0.205244 -50.335 -0.135945 -0.135945 -50.335 
0.0034201 1.13833 160023 0.201148 1.07852 179.956 -470.926 642.903 -0.452686 -0.0458443 -0.452686 -50.0824 -0.182829 -0.182829 -50.0824 0.25591 -0.0207235 0.25591 -49.5854 0.268521 0.268521 -49.5854 0.606163 0.291235 0.606163 -49.5649 0.466652 0.466652 -49.5649 0.616581 0.380904 0.616581 -49.5646 0.411129 0.411129 -49.5646 0.532042 0.1301 0.532042 -49.6319 -0.0361367 -0.0361367 -49.6319 -0.218545 -0.0719235 -0.218545 -50.3765 -0.172266 -0.172266 -50.3765 
0.0039101 1.30167 183384 0.244601 1.21819 218.753 -544.196 745.147 -0.523022 -0.0551909 -0.523022 -50.0632 -0.206194 -0.206194 -50.0632 0.328182 -0.0164071 0.328182 -49.5258 0.338574 0.338574 -49.5258 0.703413 0.353936 0.703413 -49.5062 0.545877 0.545877 -49.5062 0.714733 0.451338 0.714733 -49.4994 0.482632 0.482632 -49.4994 0.634666 0.175485 0.634666 -49.5735 -0.0149379 -0.0149379 -49.5735 -0.222626 -0.0840714 -0.222626 -50.4135 -0.209357 -0.209357 -50.4135 
0.0044001 1.465 206807 0.291024 1.35848 260.201 -612.145 851.418 -0.588257 -0.0693649 -0.588257 -50.0384 -0.227784 -0.227784 -50.0384 0.405491 -0.00868304 0.405491 -49.4643 0.412958 0.412958 -49.4643 0.801838 0.419572 0.801838 -49.4492 0.628609 0.628609 -49.4492 0.816753 0.524065 0.816753 -49.4371 0.558786 0.558786 -49.4371 0.736735 0.227993 0.736735 -49.5089 0.00920134 0.00920134 -49.5089 -0.218766 -0.0997726 -0.218766 -50.4465 -0.249632 -0.249632 -50.4465 
0.0048901 1.62833 230292 0.338996 1.49582 303.034 -679.824 958.115 -0.653224 -0.0824196 -0.653224 -50.0126 -0.24286 -0.24286 -50.0126 0.48537 0.0080953 0.48537 -49.4038 0.480002 0.480002 -49.4038 0.904153 0.484033 0.904153 -49.3896 0.710646 0.710646 -49.3896 0.919179 0.597416 0.919179 -49.3765 0.634727 0.634727 -49.3765 0.839032 0.278315 0.839032 -49.4461 0.0420086 0.0420086 -49.4461 -0.210053 -0.109203 -0.210053 -50.4772 -0.289421 -0.289421 -50.4772 
0.0053801 1.79167 253839 0.388595 1.63108 347.318 -743.174 1066.61 -0.714041 -0.0963321 -0.714041 -49.9836 -0.258125 -0.258125 -49.9836 0.569508 0.0343874 0.569508 -49.3426 0.543023 0.543023 -49.3426 1.00513 0.549841 1.00513 -49.3242 0.794411 0.794411 -49.3242 1.02334 0.672591 1.02334 -49.3204 0.711697 0.711697 -49.3204 0.934493 0.326568 0.934493 -49.3839 0.0845223 0.0845223 -49.3839 -0.195327 -0.11837 -0.195327 -50.5045 -0.328985 -0.328985 -50.5045 
0.0058701 1.955 277440 0.440677 1.76405 393.82 -803.226 1177.36 -0.77169 -0.110642 -0.77169 -49.9504 -0.269196 -0.269196 -49.9504 0.658559 0.0652089 0.658559 -49.2818 0.607628 0.607628 -49.2818 1.10736 0.616546 1.10736 -49.2629 0.880527 0.880527 -49.2629 1.12965 0.749255 1.12965 -49.2583 0.789828 0.789828 -49.2583 1.03064 0.377306 1.03064 -49.322 0.132209 0.132209 -49.322 -0.175282 -0.12749 -0.175282 -50.5277 -0.369967 -0.369967 -50.5277 
0.0063601 2.11833 301091 0.495073 1.89536 442.388 -859.828 1289.05 -0.826027 -0.126726 -0.826027 -49.9147 -0.277304 -0.277304 -49.9147 0.750884 0.101314 0.750884 -49.2199 0.674384 0.674384 -49.2199 1.21149 0.686349 1.21149 -49.2025 0.968368 0.968368 -49.2025 1.23688 0.829035 1.23688 -49.1983 0.870144 0.870144 -49.1983 1.12715 0.431644 1.12715 -49.2583 0.186333 0.186333 -49.2583 -0.15029 -0.135226 -0.15029 -50.5491 -0.411023 -0.411023 -50.5491 
0.0068501 2.28167 324789 0.551759 2.02354 493 -913.829 1399.82 -0.877867 -0.143576 -0.877867 -49.8756 -0.282748 -0.282748 -49.8756 0.848945 0.143318 0.848945 -49.1599 0.74232 0.74232 -49.1599 1.31434 0.758641 1.31434 -49.1391 1.05772 1.05772 -49.1391 1.34322 0.910771 1.34322 -49.1369 0.951861 0.951861 -49.1369 1.22421 0.487892 1.22421 -49.1961 0.246852 0.246852 -49.1961 -0.119781 -0.141173 -0.119781 -50.5666 -0.451176 -0.451176 -50.5666 
0.0073401 2.445 348532 0.610611 2.14948 545.547 -964.141 1513.46 -0.926166 -0.160829 -0.926166 -49.8334 -0.285473 -0.285473 -49.8334 0.950101 0.18938 0.950101 -49.0992 0.812267 0.812267 -49.0992 1.41883 0.832509 1.41883 -49.0774 1.14836 1.14836 -49.0774 1.45231 0.993696 1.45231 -49.0752 1.03509 1.03509 -49.0752 1.32145 0.546067 1.32145 -49.1322 0.31215 0.31215 -49.1322 -0.0844215 -0.146728 -0.0844215 -50.5813 -0.491837 -0.491837 -50.5813 
0.0078301 2.60833 372316 0.671495 2.27333 599.908 -1011.61 1627.69 -0.971735 -0.179765 -0.971735 -49.7889 -0.285547 -0.285547 -49.7889 1.05533 0.240934 1.05533 -49.039 0.883161 0.883161 -49.039 1.52404 0.908608 1.52404 -49.0144 1.24031 1.24031 -49.0144 1.56198 1.07843 1.56198 -49.0144 1.1195 1.1195 -49.0144 1.41966 0.605989 1.41966 -49.068 0.383267 0.383267 -49.068 -0.0443236 -0.151493 -0.0443236 -50.5933 -0.532023 -0.532023 -50.5933 
