  0.0000000e+000
  3.9516100e-003
  7.9032300e-003
  1.1854800e-002
  1.5806500e-002
  1.9758100e-002
  2.3709700e-002
  2.7661300e-002
  3.1612900e-002
  3.5564500e-002
  3.9516100e-002
  4.3467700e-002
  4.7419400e-002
  5.1371000e-002
  5.5322600e-002
  5.9274200e-002
  6.3225800e-002
  6.7177400e-002
  7.1129000e-002
  7.5080600e-002
  7.9032300e-002
  8.2983900e-002
  8.6935500e-002
  9.0887100e-002
  9.4838700e-002
  9.8790300e-002
  1.0274200e-001
  1.0669400e-001
  1.1064500e-001
  1.1459700e-001
  1.1854800e-001
  1.2250000e-001
  1.2645200e-001
  1.3040300e-001
  1.3435500e-001
  1.3830600e-001
  1.4225800e-001
  1.4621000e-001
  1.5016100e-001
  1.5411300e-001
  1.5806500e-001
  1.6201600e-001
  1.6596800e-001
  1.6991900e-001
  1.7387100e-001
  1.7782300e-001
  1.8177400e-001
  1.8572600e-001
  1.8967700e-001
  1.9362900e-001
  1.9758100e-001
  2.0153200e-001
  2.0548400e-001
  2.0943500e-001
  2.1338700e-001
  2.1733900e-001
  2.2129000e-001
  2.2524200e-001
  2.2919400e-001
  2.3314500e-001
  2.3709700e-001
  2.4104800e-001
  2.4500000e-001
  2.4895200e-001
  2.5290300e-001
  2.5685500e-001
  2.6080600e-001
  2.6475800e-001
  2.6871000e-001
  2.7266100e-001
  2.7661300e-001
  2.8056500e-001
  2.8451600e-001
  2.8846800e-001
  2.9241900e-001
  2.9637100e-001
  3.0032300e-001
  3.0427400e-001
  3.0822600e-001
  3.1217700e-001
  3.1612900e-001
  3.2008100e-001
  3.2403200e-001
  3.2798400e-001
  3.3193500e-001
  3.3588700e-001
  3.3983900e-001
  3.4379000e-001
  3.4774200e-001
  3.5169400e-001
  3.5564500e-001
  3.5959700e-001
  3.6354800e-001
  3.6750000e-001
  3.7145200e-001
  3.7540300e-001
  3.7935500e-001
  3.8330600e-001
  3.8725800e-001
  3.9121000e-001
  3.9516100e-001
  3.9911300e-001
  4.0306500e-001
  4.0701600e-001
  4.1096800e-001
  4.1491900e-001
  4.1887100e-001
  4.2282300e-001
  4.2677400e-001
  4.3072600e-001
  4.3467700e-001
  4.3862900e-001
  4.4258100e-001
  4.4653200e-001
  4.5048400e-001
