0 0 0 9.93606e-013 0 0 0 0 2.09876e-007 
4.9e-006 -0.395161 -1.2463e-006 9.93576e-013 -0.00293809 108.014 0 108.014 2.10132e-007 
9.8e-006 -0.790323 -4.28153e-006 9.93497e-013 -0.0109587 402.88 0 402.88 2.10489e-007 
1.47e-005 -1.18548 -6.72832e-006 9.93414e-013 -0.0192854 708.996 0 708.996 2.10884e-007 
1.96e-005 -1.58065 -1.36685e-005 9.93203e-013 -0.0405579 1491.05 0 1491.05 2.10473e-007 
2.45e-005 -1.97581 -1.86352e-005 9.92996e-013 -0.0613715 2256.22 0 2256.22 2.10879e-007 
2.94e-005 -2.37097 -2.16956e-005 9.92795e-013 -0.0816206 3000.65 0 3000.65 2.10473e-007 
3.43e-005 -2.76613 -2.62426e-005 9.9253e-013 -0.108257 3979.9 0 3979.9 2.10687e-007 
3.92e-005 -3.16129 -3.44576e-005 9.9214e-013 -0.147494 5422.37 0 5422.37 2.10899e-007 
4.41e-005 -3.55645 -4.03085e-005 9.91757e-013 -0.185995 6837.8 0 6837.8 2.10498e-007 
4.9e-005 -3.95161 -4.41934e-005 9.91382e-013 -0.223738 8225.35 0 8225.35 2.10099e-007 
5.39e-005 -4.34677 -4.66884e-005 9.91014e-013 -0.260803 9588.02 0 9588.02 2.09704e-007 
5.88e-005 -4.74194 -5.08976e-005 9.90593e-013 -0.30315 11144.8 0 11144.8 2.11352e-007 
6.37e-005 -5.1371 -6.24146e-005 9.89975e-013 -0.365437 13434.7 0 13434.7 2.13639e-007 
6.86e-005 -5.53226 -7.13655e-005 9.89363e-013 -0.42701 15698.3 0 15698.3 2.14571e-007 
7.35e-005 -5.92742 -7.78578e-005 9.88759e-013 -0.487729 17930.6 0 17930.6 2.14822e-007 
7.84e-005 -6.32258 -8.23378e-005 9.88165e-013 -0.547584 20131.1 0 20131.1 2.14424e-007 
8.33e-005 -6.71774 -8.52773e-005 9.87578e-013 -0.606668 22303.2 0 22303.2 2.1403e-007 
8.82e-005 -7.1129 -8.70746e-005 9.86997e-013 -0.665143 24452.9 0 24452.9 2.14322e-007 
9.31e-005 -7.50806 -9.79899e-005 9.86185e-013 -0.746876 27457.7 0 27457.7 2.13929e-007 
9.8e-005 -7.90323 -0.000109537 9.85295e-013 -0.836402 30749 0 30749 2.13536e-007 
0.0001029 -8.29839 -0.000118097 9.84415e-013 -0.924989 34005.7 0 34005.7 2.13936e-007 
0.0001078 -8.69355 -0.000124652 9.83545e-013 -1.01251 37223.4 0 37223.4 2.1419e-007 
0.0001127 -9.08871 -0.000129802 9.82686e-013 -1.09902 40403.9 0 40403.9 2.14565e-007 
0.0001176 -9.48387 -0.000133679 9.81834e-013 -1.18472 43554.2 0 43554.2 2.1482e-007 
0.0001225 -9.87903 -0.000136419 9.80988e-013 -1.26986 46684.4 0 46684.4 2.14438e-007 
0.0001274 -10.2742 -0.000138709 9.80137e-013 -1.35549 49832.3 0 49832.3 2.14059e-007 
0.0001323 -10.6694 -0.000155715 9.78919e-013 -1.47809 54339.6 0 54339.6 2.13675e-007 
0.0001372 -11.0645 -0.000169898 9.77707e-013 -1.60004 58823 0 58823 2.13928e-007 
0.0001421 -11.4597 -0.000183985 9.76507e-013 -1.72088 63265.5 0 63265.5 2.15617e-007 
0.000147 -11.8548 -0.000199498 9.75319e-013 -1.84042 67660.2 0 67660.2 2.15872e-007 
0.0001519 -12.25 -0.000214806 9.74143e-013 -1.95876 72010.8 0 72010.8 2.16974e-007 
0.0001568 -12.6452 -0.000227955 9.72976e-013 -2.07622 76329 0 76329 2.17267e-007 
