  0.0000000e+000
  1.2463000e+000
  4.2815300e+000
  6.7283200e+000
  1.3668500e+001
  1.8635200e+001
  2.1695600e+001
  2.6242600e+001
  3.4457600e+001
  4.0308500e+001
  4.4193400e+001
  4.6688400e+001
  5.0897600e+001
  6.2414600e+001
  7.1365500e+001
  7.7857800e+001
  8.2337800e+001
  8.5277300e+001
  8.7074600e+001
  9.7989900e+001
  1.0953700e+002
  1.1809700e+002
  1.2465200e+002
  1.2980200e+002
  1.3367900e+002
  1.3641900e+002
  1.3870900e+002
  1.5571500e+002
  1.6989800e+002
  1.8398500e+002
  1.9949800e+002
  2.1480600e+002
  2.2795500e+002
  2.3846200e+002
  2.4721000e+002
  2.5770000e+002
  2.8358700e+002
  3.1010200e+002
  3.4464800e+002
  3.8402200e+002
  4.2213400e+002
  4.5469700e+002
  4.8106300e+002
  5.0326400e+002
  5.2405800e+002
  5.4546700e+002
  5.8293700e+002
  6.2559500e+002
  6.8350500e+002
  7.5319200e+002
  8.2271300e+002
  8.8146700e+002
  9.2660600e+002
  9.6153000e+002
  9.9182300e+002
  1.0220800e+003
  1.0542500e+003
  1.0882400e+003
  1.1416600e+003
  1.2024200e+003
  1.2930700e+003
  1.4029200e+003
  1.5055700e+003
  1.5861300e+003
  1.6449200e+003
  1.6859200e+003
  1.7231800e+003
  1.7674300e+003
  1.8204200e+003
  1.8797600e+003
  1.9412200e+003
  2.0142100e+003
  2.0978900e+003
  2.2292800e+003
  2.3941100e+003
  2.5485200e+003
  2.6530300e+003
  2.7306000e+003
  2.7970300e+003
  2.8639600e+003
  2.9383300e+003
  3.0211100e+003
  3.1091500e+003
  3.1978100e+003
  3.2827400e+003
  3.3608900e+003
  3.4491900e+003
  3.5769000e+003
  3.7579100e+003
  3.9615000e+003
  4.1455500e+003
  4.2888200e+003
  4.3990800e+003
  4.4677600e+003
  4.5508800e+003
  4.6546400e+003
  4.7712700e+003
  4.8950500e+003
  5.0205400e+003
  5.1426000e+003
  5.2571700e+003
  5.3619000e+003
  5.4690300e+003
  5.6115700e+003
  5.8576300e+003
  6.0839800e+003
  6.3122700e+003
  6.5007100e+003
  6.5937300e+003
  6.7151600e+003
  6.8496400e+003
  6.9791300e+003
  7.1031200e+003
  7.2697100e+003
  7.4247400e+003
