0 0 0 0 0 0 0 0 0 -50 -2.11758e-014 -50 0 -50 -2.11758e-014 -50 -1.05879e-013 -50 -1.05879e-013 -50 -2.11758e-014 -2.11758e-014 -2.11758e-014 -2.11758e-014 -2.11758e-014 -2.11758e-014 -2.11758e-014 -2.11758e-014 -1.05879e-013 8.47033e-014 -1.05879e-013 8.47033e-014 -2.11758e-014 -2.11758e-014 -2.11758e-014 -2.11758e-014 -2.11758e-014 -2.11758e-014 -2.11758e-014 -2.11758e-014 -1.05879e-013 8.47033e-014 -1.05879e-013 8.47033e-014 -50 -50 -50 -50 -50 -50 
0.0004801 0.158333 4469.32 -0.130759 0.315895 -116.392 -257.83 22.1434 -0.121446 -50.1881 -0.175667 -50.1313 -0.113582 -50.0529 -0.0636155 -50.1154 -0.149146 -50.1738 -0.144925 -50.1505 0.0188289 -0.109105 -0.0781286 -0.0639386 -0.247507 -0.0629489 -0.0636047 -0.0695704 -0.166904 -0.115522 -0.00701217 -0.0799944 -0.121446 -0.109105 -0.175667 -0.0639386 -0.113582 -0.0629489 -0.0636155 -0.0695704 -0.149146 -0.115522 -0.144925 -0.0799944 -50.1881 -50.1313 -50.0529 -50.1154 -50.1738 -50.1505 
0.0009701 0.321667 9537.72 -0.262119 0.644269 -233.678 -492.783 21.8871 -0.337 -50.3275 -0.316651 -50.2899 -0.221687 -50.1127 -0.138147 -50.2281 -0.275424 -50.3359 -0.337588 -50.2966 0.0185859 -0.192516 -0.154331 -0.116268 -0.473063 -0.125639 -0.130819 -0.154745 -0.320162 -0.222655 -0.0160077 -0.151306 -0.337 -0.192516 -0.316651 -0.116268 -0.221687 -0.125639 -0.138147 -0.154745 -0.275424 -0.222655 -0.337588 -0.151306 -50.3275 -50.2899 -50.1127 -50.2281 -50.3359 -50.2966 
0.0014601 0.485 14900 -0.388197 0.981191 -346.248 -701.101 24.9518 -0.50564 -50.5329 -0.469258 -50.4173 -0.305091 -50.1515 -0.217319 -50.3409 -0.389622 -50.4976 -0.518059 -50.4234 0.0215277 -0.273145 -0.228017 -0.193058 -0.673047 -0.217151 -0.210517 -0.207954 -0.458953 -0.322902 -0.028826 -0.215787 -0.50564 -0.273145 -0.469258 -0.193058 -0.305091 -0.217151 -0.217319 -0.207954 -0.389622 -0.322902 -0.518059 -0.215787 -50.5329 -50.4173 -50.1515 -50.3409 -50.4976 -50.4234 
0.0019501 0.648333 20521.6 -0.50834 1.31958 -453.519 -881.946 31.9267 -0.679744 -50.7206 -0.640077 -50.5314 -0.380867 -50.2083 -0.288644 -50.4465 -0.491086 -50.6373 -0.704301 -50.5401 0.0282164 -0.329044 -0.295762 -0.255653 -0.84666 -0.277141 -0.292006 -0.305687 -0.586667 -0.419233 -0.0439664 -0.276006 -0.679744 -0.329044 -0.640077 -0.255653 -0.380867 -0.277141 -0.288644 -0.305687 -0.491086 -0.419233 -0.704301 -0.276006 -50.7206 -50.5314 -50.2083 -50.4465 -50.6373 -50.5401 
0.0024401 0.811667 26449 -0.615615 1.64364 -549.3 -1028 39.1699 -0.826099 -50.9034 -0.791292 -50.6398 -0.44239 -50.2608 -0.366336 -50.523 -0.584365 -50.7938 -0.885645 -50.6437 0.0351669 -0.364621 -0.357562 -0.298979 -0.986874 -0.36657 -0.359164 -0.381645 -0.68928 -0.500426 -0.0557932 -0.301464 -0.826099 -0.364621 -0.791292 -0.298979 -0.44239 -0.36657 -0.366336 -0.381645 -0.584365 -0.500426 -0.885645 -0.301464 -50.9034 -50.6398 -50.2608 -50.523 -50.7938 -50.6437 
0.0029301 0.975 32571.5 -0.716345 1.9742 -639.238 -1150.05 47.0691 -0.957843 -51.1033 -0.958723 -50.7177 -0.517675 -50.2951 -0.411216 -50.5964 -0.714164 -50.9224 -1.08554 -50.7352 0.0427507 -0.39327 -0.392368 -0.362724 -1.10404 -0.43173 -0.421055 -0.439115 -0.780135 -0.57648 -0.0674917 -0.314422 -0.957843 -0.39327 -0.958723 -0.362724 -0.517675 -0.43173 -0.411216 -0.439115 -0.714164 -0.57648 -1.08554 -0.314422 -51.1033 -50.7177 -50.2951 -50.5964 -50.9224 -50.7352 
0.0034201 1.13833 38911.4 -0.810845 2.30395 -723.613 -1325.3 55.9358 -1.06526 -51.2723 -1.12877 -50.809 -0.616977 -50.3424 -0.456227 -50.6609 -0.848088 -51.0585 -1.26522 -50.816 0.0512636 -0.410473 -0.43506 -0.412844 -1.19998 -0.482652 -0.481555 -0.47836 -0.856099 -0.649357 -0.0784772 -0.32186 -1.06526 -0.410473 -1.12877 -0.412844 -0.616977 -0.482652 -0.456227 -0.47836 -0.848088 -0.649357 -1.26522 -0.32186 -51.2723 -50.809 -50.3424 -50.6609 -51.0585 -50.816 
0.0039101 1.30167 45456.7 -0.897078 2.62355 -800.607 -1509.54 65.9205 -1.15674 -51.4438 -1.26523 -50.9142 -0.718628 -50.4135 -0.500618 -50.7191 -0.978113 -51.1741 -1.44915 -50.8895 0.0608492 -0.412538 -0.475114 -0.429742 -1.27158 -0.526284 -0.535274 -0.513739 -0.918321 -0.713107 -0.0856457 -0.316695 -1.15674 -0.412538 -1.26523 -0.429742 -0.718628 -0.526284 -0.500618 -0.513739 -0.978113 -0.713107 -1.44915 -0.316695 -51.4438 -50.9142 -50.4135 -50.7191 -51.1741 -50.8895 
0.0044001 1.465 52210.1 -0.974943 2.93664 -870.13 -1686.17 76.8244 -1.23054 -51.6002 -1.44979 -50.9797 -0.805769 -50.4929 -0.549033 -50.7722 -1.08889 -51.2829 -1.61872 -50.9524 0.071317 -0.398867 -0.507938 -0.435516 -1.31841 -0.581598 -0.587454 -0.538826 -0.96804 -0.768062 -0.08971 -0.302984 -1.23054 -0.398867 -1.44979 -0.435516 -0.805769 -0.581598 -0.549033 -0.538826 -1.08889 -0.768062 -1.61872 -0.302984 -51.6002 -50.9797 -50.4929 -50.7722 -51.2829 -50.9524 
0.0048901 1.62833 59172.2 -1.04963 3.24499 -936.814 -1871.56 90.0657 -1.28855 -51.7432 -1.61847 -51.063 -0.916186 -50.5584 -0.621304 -50.8175 -1.20895 -51.3749 -1.79669 -51.0095 0.0840288 -0.376752 -0.531223 -0.460558 -1.35248 -0.629712 -0.634944 -0.542163 -1.0331 -0.80685 -0.0895367 -0.282001 -1.28855 -0.376752 -1.61847 -0.460558 -0.916186 -0.629712 -0.621304 -0.542163 -1.20895 -0.80685 -1.79669 -0.282001 -51.7432 -51.063 -50.5584 -50.8175 -51.3749 -51.0095 
0.0053801 1.79167 66326.2 -1.12085 3.54995 -1000.4 -2043.45 106.195 -1.33976 -51.8832 -1.78595 -51.1398 -1.02859 -50.6133 -0.702477 -50.8596 -1.32423 -51.4747 -1.96171 -51.0574 0.099513 -0.338613 -0.540982 -0.491334 -1.40778 -0.684223 -0.679428 -0.551186 -1.08886 -0.837375 -0.0845964 -0.250914 -1.33976 -0.338613 -1.78595 -0.491334 -1.02859 -0.684223 -0.702477 -0.551186 -1.32423 -0.837375 -1.96171 -0.250914 -51.8832 -51.1398 -50.6133 -50.8596 -51.4747 -51.0574 
0.0058701 1.955 73644.8 -1.188 3.85298 -1060.36 -2213.85 123.307 -1.37923 -52.0213 -1.94716 -51.216 -1.13868 -50.6699 -0.793276 -50.8996 -1.42207 -51.5838 -2.12529 -51.0997 0.115941 -0.289672 -0.544024 -0.530917 -1.43936 -0.732442 -0.717158 -0.557072 -1.12291 -0.870886 -0.0764724 -0.214813 -1.37923 -0.289672 -1.94716 -0.530917 -1.13868 -0.732442 -0.793276 -0.557072 -1.42207 -0.870886 -2.12529 -0.214813 -52.0213 -51.216 -50.6699 -50.8996 -51.5838 -51.0997 
0.0063601 2.11833 81118.3 -1.24755 4.14549 -1113.53 -2373.07 138.31 -1.40719 -52.1558 -2.09608 -51.289 -1.25271 -50.7232 -0.864372 -50.9541 -1.51087 -51.6958 -2.27814 -51.1337 0.130344 -0.22567 -0.535183 -0.568717 -1.45646 -0.764763 -0.746975 -0.561623 -1.13863 -0.901295 -0.0631455 -0.167747 -1.40719 -0.22567 -2.09608 -0.568717 -1.25271 -0.764763 -0.864372 -0.561623 -1.51087 -0.901295 -2.27814 -0.167747 -52.1558 -51.289 -50.7232 -50.9541 -51.6958 -51.1337 
0.0068501 2.28167 88713.1 -1.30222 4.43426 -1162.35 -2523.49 153.268 -1.41985 -52.2727 -2.25866 -51.376 -1.33643 -50.7774 -0.902824 -51.0308 -1.60326 -51.794 -2.42254 -51.1639 0.144705 -0.150581 -0.517582 -0.606304 -1.46432 -0.808991 -0.768931 -0.565253 -1.14533 -0.932076 -0.0465979 -0.119523 -1.41985 -0.150581 -2.25866 -0.606304 -1.33643 -0.808991 -0.902824 -0.565253 -1.60326 -0.932076 -2.42254 -0.119523 -52.2727 -51.376 -50.7774 -51.0308 -51.794 -51.1639 
0.0073401 2.445 96453.6 -1.35124 4.71426 -1206.11 -2669.02 169.054 -1.42031 -52.3903 -2.40463 -51.4629 -1.42426 -50.8284 -0.947771 -51.0968 -1.69053 -51.8893 -2.56225 -51.1889 0.159859 -0.0764581 -0.49421 -0.637364 -1.46244 -0.838419 -0.786658 -0.562387 -1.14282 -0.959873 -0.0256324 -0.0653545 -1.42031 -0.0764581 -2.40463 -0.637364 -1.42426 -0.838419 -0.947771 -0.562387 -1.69053 -0.959873 -2.56225 -0.0653545 -52.3903 -51.4629 -50.8284 -51.0968 -51.8893 -51.1889 
0.0078301 2.60833 104328 -1.39459 4.98713 -1244.81 -2803.01 185.911 -1.40992 -52.5028 -2.54024 -51.5517 -1.50752 -50.8778 -0.983782 -51.1696 -1.77677 -51.9767 -2.69089 -51.2078 0.176043 0.00604749 -0.463096 -0.664856 -1.45112 -0.865115 -0.797807 -0.563604 -1.13139 -0.982884 0.000414292 -0.00306785 -1.40992 0.00604749 -2.54024 -0.664856 -1.50752 -0.865115 -0.983782 -0.563604 -1.77677 -0.982884 -2.69089 -0.00306785 -52.5028 -51.5517 -50.8778 -51.1696 -51.9767 -51.2078 
