0 0 0 0 0 0 0 0 0 -50 -2.11758e-014 -50 0 -50 -2.11758e-014 -50 -1.05879e-013 -50 -1.05879e-013 -50 -2.11758e-014 -2.11758e-014 -2.11758e-014 -2.11758e-014 -2.11758e-014 -2.11758e-014 -2.11758e-014 -2.11758e-014 -1.05879e-013 8.47033e-014 -1.05879e-013 8.47033e-014 -2.11758e-014 -2.11758e-014 -2.11758e-014 -2.11758e-014 -2.11758e-014 -2.11758e-014 -2.11758e-014 -2.11758e-014 -1.05879e-013 8.47033e-014 -1.05879e-013 8.47033e-014 -50 -50 -50 -50 -50 -50 
0.0004801 0.158333 3940.43 -0.0184877 0.176174 -16.1481 -26.8772 21.5307 -0.00131248 -50.0157 -0.0200491 -50.0258 -0.0171103 -50.0145 -0.0197972 -50.0164 -0.018976 -50.0158 -0.0151147 -50.024 0.018235 -0.0191475 -0.0172203 -0.0175654 -0.0197282 -0.0158532 -0.0219807 -0.024073 -0.0168184 -0.0162413 -0.0157542 0.00122814 -0.00131248 -0.0191475 -0.0200491 -0.0175654 -0.0171103 -0.0158532 -0.0197972 -0.024073 -0.018976 -0.0162413 -0.0151147 0.00122814 -50.0157 -50.0258 -50.0145 -50.0164 -50.0158 -50.024 
0.0009701 0.321667 8226.05 -0.0448627 0.386039 -39.6974 -66.2005 18.4253 -0.00896696 -50.0441 -0.0411215 -50.0407 -0.0428001 -50.0437 -0.0397553 -50.042 -0.0410604 -50.0377 -0.0448985 -50.0648 0.0152602 -0.0478581 -0.0372084 -0.0411682 -0.03833 -0.0366887 -0.0445779 -0.0432655 -0.0450869 -0.0430529 -0.0453693 -0.00633372 -0.00896722 -0.0478585 -0.0411201 -0.0411684 -0.0427986 -0.0366888 -0.0397552 -0.0432667 -0.0410628 -0.0430536 -0.0449 -0.0062141 -50.0441 -50.0407 -50.0437 -50.042 -50.0377 -50.0648 
0.0014601 0.485 12624.9 -0.0704622 0.611045 -62.5541 -102.918 13.3537 -0.0145193 -50.0645 -0.0634055 -50.0651 -0.0669616 -50.0673 -0.0663524 -50.0678 -0.0650995 -50.0641 -0.065392 -50.1 0.0103958 -0.0672996 -0.0639208 -0.0680391 -0.0634619 -0.0655296 -0.0621539 -0.0641101 -0.064417 -0.0654265 -0.0697111 -0.0111909 -0.0145076 -0.0671811 -0.0634791 -0.0676602 -0.0664787 -0.0654982 -0.0664778 -0.0644594 -0.06545 -0.0656668 -0.0649915 -0.0111701 -50.0648 -50.0645 -50.0673 -50.0678 -50.0639 -50.1 
0.0019501 0.648333 17129.3 -0.0919896 0.83569 -81.7754 -134.551 8.5435 -0.0500516 -50.0838 -0.0896914 -50.0764 -0.0765553 -50.0866 -0.0856223 -50.0873 -0.0854097 -50.0862 -0.0875747 -50.1304 0.00577938 -0.0882758 -0.0805545 -0.0807504 -0.0770095 -0.0777424 -0.0813704 -0.0841062 -0.085647 -0.0876968 -0.0899572 -0.00774375 -0.0498491 -0.0882063 -0.0893153 -0.0809717 -0.0761895 -0.0776838 -0.0857431 -0.0840705 -0.0851582 -0.0875858 -0.0876438 -0.00772934 -50.0841 -50.0762 -50.0862 -50.0879 -50.086 -50.1304 
0.0024401 0.811667 21717.5 -0.110863 1.05797 -98.6265 -163.14 0 -0.0666131 -50.0932 -0.0979651 -50.0948 -0.0966389 -50.1086 -0.0986014 -50.0894 -0.0999956 -50.1002 -0.087107 -50.1578 -0.0741112 -0.102238 -0.095873 -0.101342 -0.0957027 -0.0934818 -0.0973854 -0.102724 -0.103039 -0.0966283 -0.0931304 -0.0238958 -0.0656738 -0.104747 -0.0994214 -0.103977 -0.0942084 -0.0924725 -0.0974117 -0.103139 -0.100408 -0.0946288 -0.0867471 -0.0248725 -50.0986 -50.0924 -50.108 -50.0917 -50.1043 -50.1577 
0.0029301 0.975 26395.5 -0.126521 1.28255 -112.607 -185.916 0 -0.0641924 -50.1143 -0.113677 -50.1107 -0.116769 -50.0982 -0.112184 -50.1142 -0.10545 -50.1115 -0.119143 -50.1797 -0.0779528 -0.11906 -0.120166 -0.11565 -0.12545 -0.122951 -0.114774 -0.107162 -0.107974 -0.110191 -0.114176 -0.0157848 -0.0647566 -0.116267 -0.114422 -0.116989 -0.114398 -0.120332 -0.11157 -0.107865 -0.107595 -0.110804 -0.116495 -0.0154236 -50.1118 -50.1119 -50.0986 -50.1122 -50.1124 -50.1797 
0.0034201 1.13833 31155.9 -0.136635 1.49691 -121.638 -206.911 0 -0.0597365 -50.1414 -0.132143 -50.1321 -0.122366 -50.1241 -0.114766 -50.1122 -0.11208 -50.1032 -0.109596 -50.1998 -0.0457906 -0.124043 -0.114783 -0.120287 -0.119273 -0.114613 -0.107821 -0.121751 -0.113869 -0.110453 -0.108676 -0.0971632 -0.0588865 -0.122278 -0.127444 -0.117317 -0.122229 -0.116359 -0.117347 -0.1238 -0.115978 -0.111494 -0.111892 -0.0841275 -50.1393 -50.1307 -50.1226 -50.1168 -50.1188 -50.1994 
0.0039101 1.30167 35988.8 -0.146726 1.71908 -130.648 -224.217 0 -0.0493874 -50.1342 -0.135273 -50.1301 -0.128943 -50.1341 -0.131282 -50.1333 -0.122271 -50.1248 -0.120752 -50.216 -0.064445 -0.130449 -0.138662 -0.136824 -0.131881 -0.128871 -0.138411 -0.131325 -0.120537 -0.10776 -0.106758 -0.0958566 -0.0471481 -0.13426 -0.133507 -0.132006 -0.128213 -0.131412 -0.134877 -0.132088 -0.123419 -0.116028 -0.120059 -0.0963521 -50.1344 -50.1277 -50.1313 -50.1293 -50.1214 -50.2165 
0.0044001 1.465 40872.3 -0.15251 1.93559 -135.812 -239.036 0 -0.135692 -50.126 -0.128853 -50.1363 -0.132265 -50.1254 -0.113613 -50.1211 -0.112407 -50.1227 -0.125226 -50.2307 -0.115348 -0.127214 -0.142975 -0.134601 -0.131171 -0.130939 -0.114108 -0.114924 -0.117523 -0.132674 -0.145489 -0.0990558 -0.140436 -0.13804 -0.143116 -0.148322 -0.126266 -0.126952 -0.117582 -0.121612 -0.11203 -0.125733 -0.12777 -0.10429 -50.1307 -50.1288 -50.1199 -50.113 -50.1191 -50.2305 
0.0048901 1.62833 45857.3 -0.154113 2.14524 -137.243 -250.557 0 -0.131393 -50.1392 -0.135687 -50.1367 -0.138104 -50.142 -0.126945 -50.1202 -0.123198 -50.1235 -0.12827 -50.2417 -0.122506 -0.134319 -0.146693 -0.146777 -0.131664 -0.120049 -0.129613 -0.132141 -0.114155 -0.104904 -0.111889 -0.0955702 -0.0669323 -0.127269 -0.134541 -0.145233 -0.145655 -0.124729 -0.128413 -0.123463 -0.125524 -0.119907 -0.126711 -0.102191 -50.1426 -50.1462 -50.1368 -50.1102 -50.1229 -50.2417 
0.0053801 1.79167 50877.5 -0.153473 2.35591 -136.672 -260.575 0 -0.121785 -50.1361 -0.133138 -50.1378 -0.124529 -50.1339 -0.113291 -50.1117 -0.121637 -50.1167 -0.118626 -50.2509 -0.142167 -0.137422 -0.146938 -0.134055 -0.14035 -0.120709 -0.112326 -0.118878 -0.123458 -0.125279 -0.12134 -0.0887366 -0.141695 -0.134725 -0.139017 -0.13896 -0.131114 -0.11428 -0.11694 -0.113015 -0.112016 -0.117086 -0.11873 -0.111804 -50.1383 -50.1492 -50.1317 -50.1234 -50.1099 -50.2514 
0.0058701 1.955 55976.2 -0.150405 2.56375 -133.932 -267.978 0 -0.110868 -50.141 -0.132791 -50.1357 -0.130363 -50.1323 -0.122923 -50.1147 -0.112746 -50.1171 -0.123032 -50.2583 -0.114635 -0.134505 -0.138128 -0.138275 -0.128497 -0.125314 -0.118553 -0.119152 -0.109876 -0.109111 -0.113478 -0.0945107 -0.115409 -0.132862 -0.129967 -0.132803 -0.127388 -0.125811 -0.124181 -0.117233 -0.12183 -0.114888 -0.11832 -0.0883052 -50.1423 -50.1262 -50.129 -50.1189 -50.1149 -50.2585 
0.0063601 2.11833 61125.6 -0.144437 2.76898 -128.604 -273.216 0 -0.106773 -50.1188 -0.130217 -50.1211 -0.120463 -50.1096 -0.111088 -50.103 -0.115073 -50.1111 -0.112234 -50.2634 -0.12201 -0.129966 -0.126355 -0.125617 -0.119759 -0.113419 -0.117323 -0.113265 -0.117684 -0.120061 -0.11461 -0.0958666 -0.115119 -0.126967 -0.131651 -0.121841 -0.120277 -0.117443 -0.116697 -0.117804 -0.113805 -0.11369 -0.110872 -0.0949467 -50.1364 -50.1273 -50.1202 -50.1035 -50.109 -50.2635 
0.0068501 2.28167 66332.9 -0.135372 2.9689 -120.51 -276.61 0 -0.105579 -50.1222 -0.115306 -50.1079 -0.112684 -50.116 -0.111838 -50.1009 -0.102016 -50.1016 -0.106824 -50.2667 -0.10628 -0.116424 -0.116199 -0.113597 -0.111858 -0.10825 -0.106357 -0.104578 -0.0986539 -0.103082 -0.104323 -0.0871884 -0.100414 -0.119635 -0.117947 -0.112202 -0.117351 -0.113837 -0.108676 -0.103346 -0.106469 -0.102543 -0.108513 -0.0843363 -50.125 -50.1128 -50.116 -50.109 -50.1021 -50.2667 
0.0073401 2.445 71596.2 -0.123451 3.16578 -109.867 -278.219 0 -0.0915656 -50.113 -0.110658 -50.1088 -0.102516 -50.0989 -0.103419 -50.0944 -0.0912956 -50.0908 -0.0954175 -50.2682 -0.0957411 -0.103897 -0.104203 -0.106964 -0.107589 -0.104078 -0.102373 -0.0952427 -0.0951484 -0.0930719 -0.0896984 -0.0681015 -0.0867343 -0.0998347 -0.0963109 -0.101781 -0.0996098 -0.101673 -0.098298 -0.0996909 -0.0967405 -0.0967875 -0.0959048 -0.0730644 -50.1032 -50.1017 -50.0999 -50.1005 -50.0892 -50.2683 
0.0078301 2.60833 76902 -0.109252 3.36018 -97.1889 -278.203 0 -0.0801141 -50.0929 -0.0916741 -50.0865 -0.0911682 -50.088 -0.0862367 -50.0791 -0.0793022 -50.0792 -0.084075 -50.2683 -0.0867747 -0.0952693 -0.0910226 -0.0898938 -0.0908139 -0.0871152 -0.0832115 -0.0819638 -0.0802311 -0.0824206 -0.0799827 -0.0642682 -0.0783847 -0.0942289 -0.0916153 -0.0906873 -0.0959037 -0.0880227 -0.0820661 -0.0836311 -0.0802044 -0.0789587 -0.0892524 -0.0673444 -50.0856 -50.0934 -50.0808 -50.083 -50.0824 -50.2681 
