0 3e-009 -0.00947471
0.001 3.003e-006 -0.00374864
0.002 6.003e-006 -0.00285666
0.003 9.003e-006 -0.00196243
0.004 1.2003e-005 -0.00106552
0.005 1.5003e-005 -0.000166016
0.006 1.8003e-005 0.000736011
0.007 2.1003e-005 0.00164049
0.008 2.4003e-005 0.00254736
0.009 2.7003e-005 0.00345655
0.01 3.0003e-005 0.00436801
0.011 3.3003e-005 0.0052817
0.012 3.6003e-005 0.00619756
0.013 3.9003e-005 0.00711551
0.014 4.2003e-005 0.00803549
0.015 4.5003e-005 0.00895746
0.016 4.8003e-005 0.00988137
0.017 5.1003e-005 0.0108072
0.018 5.4003e-005 0.0117348
0.019 5.7003e-005 0.0126642
0.02 6.0003e-005 0.0135954
0.021 6.3003e-005 0.0145283
0.022 6.6003e-005 0.0154628
0.023 6.9003e-005 0.016399
0.024 7.2003e-005 0.0173368
0.025 7.5003e-005 0.0182761
0.026 7.8003e-005 0.019217
0.027 8.1003e-005 0.0201593
0.028 8.4003e-005 0.0211031
0.029 8.7003e-005 0.0220483
0.03 9.0003e-005 0.0229949
0.031 9.3003e-005 0.0239429
0.032 9.6003e-005 0.0248922
0.033 9.9003e-005 0.0258428
0.034 0.000102003 0.0267947
0.035 0.000105003 0.0277478
0.036 0.000108003 0.0287021
0.037 0.000111003 0.0296577
0.038 0.000114003 0.0306144
0.039 0.000117003 0.0315723
0.04 0.000120003 0.0325313
0.041 0.000123003 0.0334914
0.042 0.000126003 0.0344526
0.043 0.000129003 0.0354148
0.044 0.000132003 0.0363781
0.045 0.000135003 0.0373424
0.046 0.000138003 0.0383078
0.047 0.000141003 0.0392741
0.048 0.000144003 0.0402414
0.049 0.000147003 0.0412096
0.05 0.000150003 0.0421787
0.051 0.000153003 0.0431488
0.052 0.000156003 0.0441198
0.053 0.000159003 0.0450917
0.054 0.000162003 0.0460644
0.055 0.000165003 0.047038
0.056 0.000168003 0.0480124
0.057 0.000171003 0.0489877
0.058 0.000174003 0.0499637
0.059 0.000177003 0.0509406
0.06 0.000180003 0.0519182
0.061 0.000183003 0.0528967
0.062 0.000186003 0.0538758
0.063 0.000189003 0.0548558
0.064 0.000192003 0.0558364
0.065 0.000195003 0.0568178
0.066 0.000198003 0.0577999
0.067 0.000201003 0.0587828
0.068 0.000204003 0.0597663
0.069 0.000207003 0.0607504
0.07 0.000210003 0.0617353
0.071 0.000213003 0.0627208
0.072 0.000216003 0.063707
0.073 0.000219003 0.0646938
0.074 0.000222003 0.0656813
0.075 0.000225003 0.0666693
0.076 0.000228003 0.067658
0.077 0.000231003 0.0686473
0.078 0.000234003 0.0696372
0.079 0.000237003 0.0706277
0.08 0.000240003 0.0716188
0.081 0.000243003 0.0726104
0.082 0.000246003 0.0736027
0.083 0.000249003 0.0745954
0.084 0.000252003 0.0755888
0.085 0.000255003 0.0765826
0.086 0.000258003 0.077577
0.087 0.000261003 0.078572
0.088 0.000264003 0.0795675
0.089 0.000267003 0.0805635
0.09 0.000270003 0.08156
0.091 0.000273003 0.082557
0.092 0.000276003 0.0835545
0.093 0.000279003 0.0845525
0.094 0.000282003 0.085551
0.095 0.000285003 0.0865499
0.096 0.000288003 0.0875494
0.097 0.000291003 0.0885493
0.098 0.000294003 0.0895497
0.099 0.000297003 0.0905505
0.1 0.000300003 0.0915518
0.101 0.000303003 0.0925536
0.102 0.000306003 0.0935558
0.103 0.000309003 0.0945584
0.104 0.000312003 0.0955615
0.105 0.000315003 0.096565
0.106 0.000318003 0.097569
0.107 0.000321003 0.0985733
0.108 0.000324003 0.0995781
0.109 0.000327003 0.100583
0.11 0.000330003 0.101589
0.111 0.000333003 0.102595
0.112 0.000336003 0.103601
0.113 0.000339003 0.104608
0.114 0.000342003 0.105615
0.115 0.000345003 0.106623
0.116 0.000348003 0.107631
0.117 0.000351003 0.108639
0.118 0.000354003 0.109648
0.119 0.000357003 0.110657
0.12 0.000360003 0.111666
0.121 0.000363003 0.112676
0.122 0.000366003 0.113686
0.123 0.000369003 0.114697
0.124 0.000372003 0.115708
0.125 0.000375003 0.116719
0.126 0.000378003 0.117731
0.127 0.000381003 0.118743
0.128 0.000384003 0.119755
0.129 0.000387003 0.120768
0.13 0.000390003 0.121781
0.131 0.000393003 0.122794
0.132 0.000396003 0.123808
0.133 0.000399003 0.124821
0.134 0.000402003 0.125836
0.135 0.000405003 0.12685
0.136 0.000408003 0.127865
0.137 0.000411003 0.128881
0.138 0.000414003 0.129896
0.139 0.000417003 0.130912
0.14 0.000420003 0.131928
0.141 0.000423003 0.132945
0.142 0.000426003 0.133962
0.143 0.000429003 0.134979
0.144 0.000432003 0.135996
0.145 0.000435003 0.137014
0.146 0.000438003 0.138032
0.147 0.000441003 0.13905
0.148 0.000444003 0.140069
0.149 0.000447003 0.141088
0.15 0.000450003 0.142107
0.151 0.000453003 0.143126
0.152 0.000456003 0.144146
0.153 0.000459003 0.145166
0.154 0.000462003 0.146186
0.155 0.000465003 0.147207
0.156 0.000468003 0.148228
0.157 0.000471003 0.149249
0.158 0.000474003 0.15027
0.159 0.000477003 0.151292
0.16 0.000480003 0.152314
0.161 0.000483003 0.153336
0.162 0.000486003 0.154358
0.163 0.000489003 0.155381
0.164 0.000492003 0.156404
0.165 0.000495003 0.157427
0.166 0.000498003 0.158451
0.167 0.000501003 0.159475
0.168 0.000504003 0.160499
0.169 0.000507003 0.161523
0.17 0.000510003 0.162547
0.171 0.000513003 0.163572
0.172 0.000516003 0.164597
0.173 0.000519003 0.165622
0.174 0.000522003 0.166648
0.175 0.000525003 0.167673
0.176 0.000528003 0.168699
0.177 0.000531003 0.169726
0.178 0.000534003 0.170752
0.179 0.000537003 0.171779
0.18 0.000540003 0.172805
0.181 0.000543003 0.173833
0.182 0.000546003 0.17486
0.183 0.000549003 0.175888
0.184 0.000552003 0.176915
0.185 0.000555003 0.177943
0.186 0.000558003 0.178972
0.187 0.000561003 0.18
0.188 0.000564003 0.181029
0.189 0.000567003 0.182058
0.19 0.000570003 0.183087
0.191 0.000573003 0.184116
0.192 0.000576003 0.185146
0.193 0.000579003 0.186175
0.194 0.000582003 0.187205
0.195 0.000585003 0.188236
0.196 0.000588003 0.189266
0.197 0.000591003 0.190297
0.198 0.000594003 0.191327
0.199 0.000597003 0.192358
0.2 0.000600003 0.19339
0.201 0.000603003 0.194421
0.202 0.000606003 0.195453
0.203 0.000609003 0.196484
0.204 0.000612003 0.197516
0.205 0.000615003 0.198549
0.206 0.000618003 0.199581
0.207 0.000621003 0.200614
0.208 0.000624003 0.201647
0.209 0.000627003 0.20268
0.21 0.000630003 0.203713
0.211 0.000633003 0.204746
0.212 0.000636003 0.20578
0.213 0.000639003 0.206814
0.214 0.000642003 0.207848
0.215 0.000645003 0.208882
0.216 0.000648003 0.209916
0.217 0.000651003 0.210951
0.218 0.000654003 0.211985
0.219 0.000657003 0.21302
0.22 0.000660003 0.214055
0.221 0.000663003 0.215091
0.222 0.000666003 0.216126
0.223 0.000669003 0.217162
0.224 0.000672003 0.218197
0.225 0.000675003 0.219233
0.226 0.000678003 0.22027
0.227 0.000681003 0.221306
0.228 0.000684003 0.222342
0.229 0.000687003 0.223379
0.23 0.000690003 0.224416
0.231 0.000693003 0.225453
0.232 0.000696003 0.22649
0.233 0.000699003 0.227528
0.234 0.000702003 0.228565
0.235 0.000705003 0.229603
0.236 0.000708003 0.230641
0.237 0.000711003 0.231679
0.238 0.000714003 0.232717
0.239 0.000717003 0.233755
0.24 0.000720003 0.234794
0.241 0.000723003 0.235833
0.242 0.000726003 0.236872
0.243 0.000729003 0.237911
0.244 0.000732003 0.23895
0.245 0.000735003 0.239989
0.246 0.000738003 0.241029
0.247 0.000741003 0.242068
0.248 0.000744003 0.243108
0.249 0.000747003 0.244148
0.25 0.000750003 0.245189
0.251 0.000753003 0.246229
0.252 0.000756003 0.247269
0.253 0.000759003 0.24831
0.254 0.000762003 0.249351
0.255 0.000765003 0.250392
0.256 0.000768003 0.251433
0.257 0.000771003 0.252474
0.258 0.000774003 0.253515
0.259 0.000777003 0.254557
0.26 0.000780003 0.255599
0.261 0.000783003 0.25664
0.262 0.000786003 0.257682
0.263 0.000789003 0.258725
0.264 0.000792003 0.259767
0.265 0.000795003 0.260809
0.266 0.000798003 0.261852
0.267 0.000801003 0.262895
0.268 0.000804003 0.263938
0.269 0.000807003 0.264981
0.27 0.000810003 0.266024
0.271 0.000813003 0.267067
0.272 0.000816003 0.26811
0.273 0.000819003 0.269154
0.274 0.000822003 0.270198
0.275 0.000825003 0.271242
0.276 0.000828003 0.272286
0.277 0.000831003 0.27333
0.278 0.000834003 0.274374
0.279 0.000837003 0.275419
0.28 0.000840003 0.276463
0.281 0.000843003 0.277508
0.282 0.000846003 0.278553
0.283 0.000849003 0.279598
0.284 0.000852003 0.280643
0.285 0.000855003 0.281688
0.286 0.000858003 0.282733
0.287 0.000861003 0.283779
0.288 0.000864003 0.284824
0.289 0.000867003 0.28587
0.29 0.000870003 0.286916
0.291 0.000873003 0.287962
0.292 0.000876003 0.289008
0.293 0.000879003 0.290055
0.294 0.000882003 0.291101
0.295 0.000885003 0.292148
0.296 0.000888003 0.293194
0.297 0.000891003 0.294241
0.298 0.000894003 0.295288
0.299 0.000897003 0.296335
0.3 0.000900003 0.297382
0.301 0.000903003 0.298429
0.302 0.000906003 0.299477
0.303 0.000909003 0.300524
0.304 0.000912003 0.301572
0.305 0.000915003 0.30262
0.306 0.000918003 0.303668
0.307 0.000921003 0.304716
0.308 0.000924003 0.305764
0.309 0.000927003 0.306812
0.31 0.000930003 0.307861
0.311 0.000933003 0.308909
0.312 0.000936003 0.309958
0.313 0.000939003 0.311007
0.314 0.000942003 0.312056
0.315 0.000945003 0.313105
0.316 0.000948003 0.314154
0.317 0.000951003 0.315203
0.318 0.000954003 0.316252
0.319 0.000957003 0.317302
0.32 0.000960003 0.318351
0.321 0.000963003 0.319401
0.322 0.000966003 0.320451
0.323 0.000969003 0.321501
0.324 0.000972003 0.322551
0.325 0.000975003 0.323601
0.326 0.000978003 0.324651
0.327 0.000981003 0.325702
0.328 0.000984003 0.326752
0.329 0.000987003 0.327803
0.33 0.000990003 0.328854
0.331 0.000993003 0.329904
0.332 0.000996003 0.330955
0.333 0.000999003 0.332006
0.334 0.001002 0.333058
0.335 0.001005 0.334109
0.336 0.001008 0.33516
0.337 0.001011 0.336212
0.338 0.001014 0.337263
0.339 0.001017 0.338315
0.34 0.00102 0.339367
0.341 0.001023 0.340419
0.342 0.001026 0.341471
0.343 0.001029 0.342523
0.344 0.001032 0.343575
0.345 0.001035 0.344628
0.346 0.001038 0.34568
0.347 0.001041 0.346733
0.348 0.001044 0.347785
0.349 0.001047 0.348838
0.35 0.00105 0.349891
0.351 0.001053 0.350944
0.352 0.001056 0.351997
0.353 0.001059 0.35305
0.354 0.001062 0.354103
0.355 0.001065 0.355157
0.356 0.001068 0.35621
0.357 0.001071 0.357264
0.358 0.001074 0.358317
0.359 0.001077 0.359371
0.36 0.00108 0.360425
0.361 0.001083 0.361479
0.362 0.001086 0.362533
0.363 0.001089 0.363587
0.364 0.001092 0.364642
0.365 0.001095 0.365696
0.366 0.001098 0.36675
0.367 0.001101 0.367805
0.368 0.001104 0.36886
0.369 0.001107 0.369914
0.37 0.00111 0.370969
0.371 0.001113 0.372024
0.372 0.001116 0.373079
0.373 0.001119 0.374134
0.374 0.001122 0.37519
0.375 0.001125 0.376245
0.376 0.001128 0.3773
0.377 0.001131 0.378356
0.378 0.001134 0.379411
0.379 0.001137 0.380467
0.38 0.00114 0.381523
0.381 0.001143 0.382579
0.382 0.001146 0.383635
0.383 0.001149 0.384691
0.384 0.001152 0.385747
0.385 0.001155 0.386803
0.386 0.001158 0.38786
0.387 0.001161 0.388916
0.388 0.001164 0.389973
0.389 0.001167 0.391029
0.39 0.00117 0.392086
0.391 0.001173 0.393143
0.392 0.001176 0.3942
0.393 0.001179 0.395256
0.394 0.001182 0.396314
0.395 0.001185 0.397371
0.396 0.001188 0.398428
0.397 0.001191 0.399485
0.398 0.001194 0.400543
0.399 0.001197 0.4016
0.4 0.0012 0.402658
0.401 0.001203 0.403715
0.402 0.001206 0.404773
0.403 0.001209 0.405831
0.404 0.001212 0.406889
0.405 0.001215 0.407947
0.406 0.001218 0.409005
0.407 0.001221 0.410063
0.408 0.001224 0.411121
0.409 0.001227 0.41218
0.41 0.00123 0.413238
0.411 0.001233 0.414297
0.412 0.001236 0.415355
0.413 0.001239 0.416414
0.414 0.001242 0.417473
0.415 0.001245 0.418531
0.416 0.001248 0.41959
0.417 0.001251 0.420649
0.418 0.001254 0.421708
0.419 0.001257 0.422768
0.42 0.00126 0.423827
0.421 0.001263 0.424886
0.422 0.001266 0.425946
0.423 0.001269 0.427005
0.424 0.001272 0.428065
0.425 0.001275 0.429124
0.426 0.001278 0.430184
0.427 0.001281 0.431244
0.428 0.001284 0.432304
0.429 0.001287 0.433364
0.43 0.00129 0.434424
0.431 0.001293 0.435484
0.432 0.001296 0.436544
0.433 0.001299 0.437604
0.434 0.001302 0.438665
0.435 0.001305 0.439725
0.436 0.001308 0.440785
0.437 0.001311 0.441846
0.438 0.001314 0.442907
0.439 0.001317 0.443967
0.44 0.00132 0.445028
0.441 0.001323 0.446089
0.442 0.001326 0.44715
0.443 0.001329 0.448211
0.444 0.001332 0.449272
0.445 0.001335 0.450333
0.446 0.001338 0.451395
0.447 0.001341 0.452456
0.448 0.001344 0.453517
0.449 0.001347 0.454579
0.45 0.00135 0.45564
0.451 0.001353 0.456702
0.452 0.001356 0.457764
0.453 0.001359 0.458825
0.454 0.001362 0.459887
0.455 0.001365 0.460949
0.456 0.001368 0.462011
0.457 0.001371 0.463073
0.458 0.001374 0.464135
0.459 0.001377 0.465197
0.46 0.00138 0.46626
0.461 0.001383 0.467322
0.462 0.001386 0.468384
0.463 0.001389 0.469447
0.464 0.001392 0.470509
0.465 0.001395 0.471572
0.466 0.001398 0.472635
0.467 0.001401 0.473697
0.468 0.001404 0.47476
0.469 0.001407 0.475823
0.47 0.00141 0.476886
0.471 0.001413 0.477949
0.472 0.001416 0.479012
0.473 0.001419 0.480075
0.474 0.001422 0.481138
0.475 0.001425 0.482202
0.476 0.001428 0.483265
0.477 0.001431 0.484329
0.478 0.001434 0.485392
0.479 0.001437 0.486456
0.48 0.00144 0.487519
0.481 0.001443 0.488583
0.482 0.001446 0.489647
0.483 0.001449 0.490711
0.484 0.001452 0.491774
0.485 0.001455 0.492838
0.486 0.001458 0.493902
0.487 0.001461 0.494966
0.488 0.001464 0.496031
0.489 0.001467 0.497095
0.49 0.00147 0.498159
0.491 0.001473 0.499223
0.492 0.001476 0.500288
0.493 0.001479 0.501352
0.494 0.001482 0.502417
0.495 0.001485 0.503481
0.496 0.001488 0.504546
0.497 0.001491 0.505611
0.498 0.001494 0.506676
0.499 0.001497 0.507741
0.5 0.0015 0.508805
0.501 0.001503 0.50987
0.502 0.001506 0.510935
0.503 0.001509 0.512001
0.504 0.001512 0.513066
0.505 0.001515 0.514131
0.506 0.001518 0.515196
0.507 0.001521 0.516262
0.508 0.001524 0.517327
0.509 0.001527 0.518392
0.51 0.00153 0.519458
0.511 0.001533 0.520524
0.512 0.001536 0.521589
0.513 0.001539 0.522655
0.514 0.001542 0.523721
0.515 0.001545 0.524787
0.516 0.001548 0.525852
0.517 0.001551 0.526918
0.518 0.001554 0.527984
0.519 0.001557 0.529051
0.52 0.00156 0.530117
0.521 0.001563 0.531183
0.522 0.001566 0.532249
0.523 0.001569 0.533315
0.524 0.001572 0.534382
0.525 0.001575 0.535448
0.526 0.001578 0.536515
0.527 0.001581 0.537581
0.528 0.001584 0.538648
0.529 0.001587 0.539714
0.53 0.00159 0.540781
0.531 0.001593 0.541848
0.532 0.001596 0.542915
0.533 0.001599 0.543982
0.534 0.001602 0.545049
0.535 0.001605 0.546116
0.536 0.001608 0.547183
0.537 0.001611 0.54825
0.538 0.001614 0.549317
0.539 0.001617 0.550384
0.54 0.00162 0.551451
0.541 0.001623 0.552519
0.542 0.001626 0.553586
0.543 0.001629 0.554654
0.544 0.001632 0.555721
0.545 0.001635 0.556789
0.546 0.001638 0.557856
0.547 0.001641 0.558924
0.548 0.001644 0.559992
0.549 0.001647 0.561059
0.55 0.00165 0.562127
0.551 0.001653 0.563195
0.552 0.001656 0.564263
0.553 0.001659 0.565331
0.554 0.001662 0.566399
0.555 0.001665 0.567467
0.556 0.001668 0.568535
0.557 0.001671 0.569603
0.558 0.001674 0.570672
0.559 0.001677 0.57174
0.56 0.00168 0.572808
0.561 0.001683 0.573877
0.562 0.001686 0.574945
0.563 0.001689 0.576014
0.564 0.001692 0.577082
0.565 0.001695 0.578151
0.566 0.001698 0.57922
0.567 0.001701 0.580288
0.568 0.001704 0.581357
0.569 0.001707 0.582426
0.57 0.00171 0.583495
0.571 0.001713 0.584564
0.572 0.001716 0.585633
0.573 0.001719 0.586702
0.574 0.001722 0.587771
0.575 0.001725 0.58884
0.576 0.001728 0.589909
0.577 0.001731 0.590978
0.578 0.001734 0.592048
0.579 0.001737 0.593117
0.58 0.00174 0.594186
0.581 0.001743 0.595256
0.582 0.001746 0.596325
0.583 0.001749 0.597395
0.584 0.001752 0.598464
0.585 0.001755 0.599534
0.586 0.001758 0.600604
0.587 0.001761 0.601673
0.588 0.001764 0.602743
0.589 0.001767 0.603813
0.59 0.00177 0.604883
0.591 0.001773 0.605953
0.592 0.001776 0.607023
0.593 0.001779 0.608093
0.594 0.001782 0.609163
0.595 0.001785 0.610233
0.596 0.001788 0.611303
0.597 0.001791 0.612373
0.598 0.001794 0.613443
0.599 0.001797 0.614514
0.6 0.0018 0.615584
0.601 0.001803 0.616654
0.602 0.001806 0.617725
0.603 0.001809 0.618795
0.604 0.001812 0.619866
0.605 0.001815 0.620936
0.606 0.001818 0.622007
0.607 0.001821 0.623078
0.608 0.001824 0.624148
0.609 0.001827 0.625219
0.61 0.00183 0.62629
0.611 0.001833 0.627361
0.612 0.001836 0.628432
0.613 0.001839 0.629503
0.614 0.001842 0.630574
0.615 0.001845 0.631645
0.616 0.001848 0.632716
0.617 0.001851 0.633787
0.618 0.001854 0.634858
0.619 0.001857 0.635929
0.62 0.00186 0.637001
0.621 0.001863 0.638072
0.622 0.001866 0.639143
0.623 0.001869 0.640215
0.624 0.001872 0.641286
0.625 0.001875 0.642358
0.626 0.001878 0.643429
0.627 0.001881 0.644501
0.628 0.001884 0.645572
0.629 0.001887 0.646644
0.63 0.00189 0.647716
0.631 0.001893 0.648787
0.632 0.001896 0.649859
0.633 0.001899 0.650931
0.634 0.001902 0.652003
0.635 0.001905 0.653075
0.636 0.001908 0.654147
0.637 0.001911 0.655219
0.638 0.001914 0.656291
0.639 0.001917 0.657363
0.64 0.00192 0.658435
0.641 0.001923 0.659507
0.642 0.001926 0.660579
0.643 0.001929 0.661652
0.644 0.001932 0.662724
0.645 0.001935 0.663796
0.646 0.001938 0.664869
0.647 0.001941 0.665941
0.648 0.001944 0.667014
0.649 0.001947 0.668086
0.65 0.00195 0.669159
0.651 0.001953 0.670231
0.652 0.001956 0.671304
0.653 0.001959 0.672377
0.654 0.001962 0.673449
0.655 0.001965 0.674522
0.656 0.001968 0.675595
0.657 0.001971 0.676668
0.658 0.001974 0.677741
0.659 0.001977 0.678813
0.66 0.00198 0.679886
0.661 0.001983 0.680959
0.662 0.001986 0.682032
0.663 0.001989 0.683106
0.664 0.001992 0.684179
0.665 0.001995 0.685252
0.666 0.001998 0.686325
0.667 0.002001 0.687398
0.668 0.002004 0.688471
0.669 0.002007 0.689545
0.67 0.00201 0.690618
0.671 0.002013 0.691692
0.672 0.002016 0.692765
0.673 0.002019 0.693838
0.674 0.002022 0.694912
0.675 0.002025 0.695986
0.676 0.002028 0.697059
0.677 0.002031 0.698133
0.678 0.002034 0.699206
0.679 0.002037 0.70028
0.68 0.00204 0.701354
0.681 0.002043 0.702428
0.682 0.002046 0.703501
0.683 0.002049 0.704575
0.684 0.002052 0.705649
0.685 0.002055 0.706723
0.686 0.002058 0.707797
0.687 0.002061 0.708871
0.688 0.002064 0.709945
0.689 0.002067 0.711019
0.69 0.00207 0.712093
0.691 0.002073 0.713167
0.692 0.002076 0.714242
0.693 0.002079 0.715316
0.694 0.002082 0.71639
0.695 0.002085 0.717464
0.696 0.002088 0.718539
0.697 0.002091 0.719613
0.698 0.002094 0.720688
0.699 0.002097 0.721762
0.7 0.0021 0.722836
0.701 0.002103 0.723911
0.702 0.002106 0.724986
0.703 0.002109 0.72606
0.704 0.002112 0.727135
0.705 0.002115 0.728209
0.706 0.002118 0.729284
0.707 0.002121 0.730359
0.708 0.002124 0.731434
0.709 0.002127 0.732508
0.71 0.00213 0.733583
0.711 0.002133 0.734658
0.712 0.002136 0.735733
0.713 0.002139 0.736808
0.714 0.002142 0.737883
0.715 0.002145 0.738958
0.716 0.002148 0.740033
0.717 0.002151 0.741108
0.718 0.002154 0.742183
0.719 0.002157 0.743258
0.72 0.00216 0.744334
0.721 0.002163 0.745409
0.722 0.002166 0.746484
0.723 0.002169 0.747559
0.724 0.002172 0.748635
0.725 0.002175 0.74971
0.726 0.002178 0.750786
0.727 0.002181 0.751861
0.728 0.002184 0.752936
0.729 0.002187 0.754012
0.73 0.00219 0.755088
0.731 0.002193 0.756163
0.732 0.002196 0.757239
0.733 0.002199 0.758314
0.734 0.002202 0.75939
0.735 0.002205 0.760466
0.736 0.002208 0.761541
0.737 0.002211 0.762617
0.738 0.002214 0.763693
0.739 0.002217 0.764769
0.74 0.00222 0.765845
0.741 0.002223 0.766921
0.742 0.002226 0.767997
0.743 0.002229 0.769073
0.744 0.002232 0.770149
0.745 0.002235 0.771225
0.746 0.002238 0.772301
0.747 0.002241 0.773377
0.748 0.002244 0.774453
0.749 0.002247 0.775529
0.75 0.00225 0.776605
0.751 0.002253 0.777681
0.752 0.002256 0.778758
0.753 0.002259 0.779834
0.754 0.002262 0.78091
0.755 0.002265 0.781987
0.756 0.002268 0.783063
0.757 0.002271 0.784139
0.758 0.002274 0.785216
0.759 0.002277 0.786292
0.76 0.00228 0.787369
0.761 0.002283 0.788445
0.762 0.002286 0.789522
0.763 0.002289 0.790599
0.764 0.002292 0.791675
0.765 0.002295 0.792752
0.766 0.002298 0.793829
0.767 0.002301 0.794905
0.768 0.002304 0.795982
0.769 0.002307 0.797059
0.77 0.00231 0.798136
0.771 0.002313 0.799213
0.772 0.002316 0.800289
0.773 0.002319 0.801366
0.774 0.002322 0.802443
0.775 0.002325 0.80352
0.776 0.002328 0.804597
0.777 0.002331 0.805674
0.778 0.002334 0.806751
0.779 0.002337 0.807828
0.78 0.00234 0.808906
0.781 0.002343 0.809983
0.782 0.002346 0.81106
0.783 0.002349 0.812137
0.784 0.002352 0.813214
0.785 0.002355 0.814292
0.786 0.002358 0.815369
0.787 0.002361 0.816446
0.788 0.002364 0.817524
0.789 0.002367 0.818601
0.79 0.00237 0.819678
0.791 0.002373 0.820756
0.792 0.002376 0.821833
0.793 0.002379 0.822911
0.794 0.002382 0.823988
0.795 0.002385 0.825066
0.796 0.002388 0.826144
0.797 0.002391 0.827221
0.798 0.002394 0.828299
0.799 0.002397 0.829377
0.8 0.0024 0.830454
0.801 0.002403 0.831532
0.802 0.002406 0.83261
0.803 0.002409 0.833688
0.804 0.002412 0.834765
0.805 0.002415 0.835843
0.806 0.002418 0.836921
0.807 0.002421 0.837999
0.808 0.002424 0.839077
0.809 0.002427 0.840155
0.81 0.00243 0.841233
0.811 0.002433 0.842311
0.812 0.002436 0.843389
0.813 0.002439 0.844467
0.814 0.002442 0.845545
0.815 0.002445 0.846623
0.816 0.002448 0.847701
0.817 0.002451 0.84878
0.818 0.002454 0.849858
0.819 0.002457 0.850936
0.82 0.00246 0.852014
0.821 0.002463 0.853093
0.822 0.002466 0.854171
0.823 0.002469 0.855249
0.824 0.002472 0.856328
0.825 0.002475 0.857406
0.826 0.002478 0.858485
0.827 0.002481 0.859563
0.828 0.002484 0.860642
0.829 0.002487 0.86172
0.83 0.00249 0.862799
0.831 0.002493 0.863877
0.832 0.002496 0.864956
0.833 0.002499 0.866034
0.834 0.002502 0.867113
0.835 0.002505 0.868192
0.836 0.002508 0.86927
0.837 0.002511 0.870349
0.838 0.002514 0.871428
0.839 0.002517 0.872507
0.84 0.00252 0.873585
0.841 0.002523 0.874664
0.842 0.002526 0.875743
0.843 0.002529 0.876822
0.844 0.002532 0.877901
0.845 0.002535 0.87898
0.846 0.002538 0.880059
0.847 0.002541 0.881138
0.848 0.002544 0.882217
0.849 0.002547 0.883296
0.85 0.00255 0.884375
0.851 0.002553 0.885454
0.852 0.002556 0.886533
0.853 0.002559 0.887612
0.854 0.002562 0.888691
0.855 0.002565 0.88977
0.856 0.002568 0.89085
0.857 0.002571 0.891929
0.858 0.002574 0.893008
0.859 0.002577 0.894087
0.86 0.00258 0.895167
0.861 0.002583 0.896246
0.862 0.002586 0.897325
0.863 0.002589 0.898405
0.864 0.002592 0.899484
0.865 0.002595 0.900564
0.866 0.002598 0.901643
0.867 0.002601 0.902723
0.868 0.002604 0.903802
0.869 0.002607 0.904882
0.87 0.00261 0.905961
0.871 0.002613 0.907041
0.872 0.002616 0.90812
0.873 0.002619 0.9092
0.874 0.002622 0.91028
0.875 0.002625 0.911359
0.876 0.002628 0.912439
0.877 0.002631 0.913519
0.878 0.002634 0.914599
0.879 0.002637 0.915678
0.88 0.00264 0.916758
0.881 0.002643 0.917838
0.882 0.002646 0.918918
0.883 0.002649 0.919998
0.884 0.002652 0.921078
0.885 0.002655 0.922157
0.886 0.002658 0.923237
0.887 0.002661 0.924317
0.888 0.002664 0.925397
0.889 0.002667 0.926477
0.89 0.00267 0.927557
0.891 0.002673 0.928637
0.892 0.002676 0.929718
0.893 0.002679 0.930798
0.894 0.002682 0.931878
0.895 0.002685 0.932958
0.896 0.002688 0.934038
0.897 0.002691 0.935118
0.898 0.002694 0.936199
0.899 0.002697 0.937279
0.9 0.0027 0.938359
0.901 0.002703 0.939439
0.902 0.002706 0.94052
0.903 0.002709 0.9416
0.904 0.002712 0.94268
0.905 0.002715 0.943761
0.906 0.002718 0.944841
0.907 0.002721 0.945921
0.908 0.002724 0.947002
0.909 0.002727 0.948082
0.91 0.00273 0.949163
0.911 0.002733 0.950243
0.912 0.002736 0.951324
0.913 0.002739 0.952404
0.914 0.002742 0.953485
0.915 0.002745 0.954566
0.916 0.002748 0.955646
0.917 0.002751 0.956727
0.918 0.002754 0.957808
0.919 0.002757 0.958888
0.92 0.00276 0.959969
0.921 0.002763 0.96105
0.922 0.002766 0.96213
0.923 0.002769 0.963211
0.924 0.002772 0.964292
0.925 0.002775 0.965373
0.926 0.002778 0.966454
0.927 0.002781 0.967535
0.928 0.002784 0.968615
0.929 0.002787 0.969696
0.93 0.00279 0.970777
0.931 0.002793 0.971858
0.932 0.002796 0.972939
0.933 0.002799 0.97402
0.934 0.002802 0.975101
0.935 0.002805 0.976182
0.936 0.002808 0.977263
0.937 0.002811 0.978344
0.938 0.002814 0.979425
0.939 0.002817 0.980507
0.94 0.00282 0.981588
0.941 0.002823 0.982669
0.942 0.002826 0.98375
0.943 0.002829 0.984831
0.944 0.002832 0.985912
0.945 0.002835 0.986994
0.946 0.002838 0.988075
0.947 0.002841 0.989156
0.948 0.002844 0.990238
0.949 0.002847 0.991319
0.95 0.00285 0.9924
