0 1.5e-006 0.00924032 2.07892e-008
0.005 1.65e-005 0.0774683 2.07948e-008
0.01 3.15e-005 0.124601 2.08134e-008
0.015 4.65e-005 0.161318 2.08431e-008
0.02 6.15e-005 0.191431 2.08817e-008
0.025 7.65e-005 0.216832 2.09271e-008
0.03 9.15e-005 0.238638 2.09778e-008
0.035 0.0001065 0.257584 2.10326e-008
0.04 0.0001215 0.274192 2.10903e-008
0.045 0.0001365 0.28885 2.11502e-008
0.05 0.0001515 0.301862 2.12114e-008
0.055 0.0001665 0.313471 2.12735e-008
0.06 0.0001815 0.32388 2.13358e-008
0.065 0.0001965 0.333261 2.1398e-008
0.07 0.0002115 0.341763 2.14598e-008
0.075 0.0002265 0.349517 2.15208e-008
0.08 0.0002415 0.356641 2.15809e-008
0.085 0.0002565 0.363241 2.16399e-008
0.09 0.0002715 0.369411 2.16977e-008
0.095 0.0002865 0.375241 2.17541e-008
0.1 0.0003015 0.380808 2.18092e-008
0.105 0.0003165 0.386188 2.1863e-008
0.11 0.0003315 0.391445 2.19154e-008
0.115 0.0003465 0.39664 2.19664e-008
0.12 0.0003615 0.401828 2.20161e-008
0.125 0.0003765 0.407057 2.20646e-008
0.13 0.0003915 0.412371 2.2112e-008
0.135 0.0004065 0.417808 2.21582e-008
0.14 0.0004215 0.423401 2.22033e-008
0.145 0.0004365 0.429179 2.22476e-008
0.15 0.0004515 0.435165 2.2291e-008
0.155 0.0004665 0.441381 2.23336e-008
0.16 0.0004815 0.447841 2.23756e-008
0.165 0.0004965 0.45456 2.2417e-008
0.17 0.0005115 0.461547 2.24579e-008
0.175 0.0005265 0.468809 2.24984e-008
0.18 0.0005415 0.476351 2.25386e-008
0.185 0.0005565 0.484175 2.25785e-008
0.19 0.0005715 0.492281 2.26182e-008
0.195 0.0005865 0.500669 2.26578e-008
0.2 0.0006015 0.509335 2.26974e-008
0.205 0.0006165 0.518275 2.2737e-008
0.21 0.0006315 0.527483 2.27766e-008
0.215 0.0006465 0.536952 2.28163e-008
0.22 0.0006615 0.546674 2.28561e-008
0.225 0.0006765 0.556639 2.28962e-008
0.23 0.0006915 0.566839 2.29364e-008
0.235 0.0007065 0.577262 2.29768e-008
0.24 0.0007215 0.587898 2.30175e-008
0.245 0.0007365 0.598735 2.30585e-008
0.25 0.0007515 0.609763 2.30997e-008
0.255 0.0007665 0.620969 2.31412e-008
0.26 0.0007815 0.632344 2.3183e-008
0.265 0.0007965 0.643874 2.32251e-008
0.27 0.0008115 0.65555 2.32675e-008
0.275 0.0008265 0.667362 2.33101e-008
0.28 0.0008415 0.679298 2.33531e-008
0.285 0.0008565 0.691348 2.33963e-008
0.29 0.0008715 0.703502 2.34398e-008
0.295 0.0008865 0.715752 2.34836e-008
0.3 0.0009015 0.728086 2.35277e-008
0.305 0.0009165 0.740497 2.3572e-008
0.31 0.0009315 0.752975 2.36165e-008
0.315 0.0009465 0.765513 2.36613e-008
0.32 0.0009615 0.778102 2.37064e-008
0.325 0.0009765 0.790734 2.37516e-008
0.33 0.0009915 0.803404 2.37971e-008
0.335 0.0010065 0.816104 2.38427e-008
0.34 0.0010215 0.82883 2.38886e-008
0.345 0.0010365 0.841575 2.39346e-008
0.35 0.0010515 0.854334 2.39808e-008
0.355 0.0010665 0.867105 2.40272e-008
0.36 0.0010815 0.879882 2.40736e-008
0.365 0.0010965 0.892662 2.41202e-008
0.37 0.0011115 0.905442 2.41669e-008
0.375 0.0011265 0.918219 2.42136e-008
0.38 0.0011415 0.93099 2.42604e-008
0.385 0.0011565 0.943753 2.43073e-008
0.39 0.0011715 0.956506 2.43542e-008
0.395 0.0011865 0.969247 2.4401e-008
0.4 0.0012015 0.981975 2.44479e-008
0.405 0.0012165 0.994689 2.44947e-008
0.41 0.0012315 1.00739 2.45415e-008
0.415 0.0012465 1.02007 2.45883e-008
0.42 0.0012615 1.03274 2.46349e-008
0.425 0.0012765 1.04539 2.46815e-008
0.43 0.0012915 1.05802 2.4728e-008
0.435 0.0013065 1.07064 2.47745e-008
0.44 0.0013215 1.08325 2.48208e-008
0.445 0.0013365 1.09583 2.4867e-008
0.45 0.0013515 1.1084 2.49132e-008
0.455 0.0013665 1.12096 2.49593e-008
0.46 0.0013815 1.1335 2.50052e-008
0.465 0.0013965 1.14603 2.50511e-008
0.47 0.0014115 1.15855 2.50969e-008
0.475 0.0014265 1.17105 2.51426e-008
0.48 0.0014415 1.18355 2.51882e-008
0.485 0.0014565 1.19604 2.52337e-008
0.49 0.0014715 1.20851 2.52792e-008
0.495 0.0014865 1.22098 2.53245e-008
0.5 0.0015015 1.23344 2.53698e-008
0.505 0.0015165 1.2459 2.5415e-008
0.51 0.0015315 1.25835 2.546e-008
0.515 0.0015465 1.27079 2.55051e-008
0.52 0.0015615 1.28323 2.555e-008
0.525 0.0015765 1.29566 2.55949e-008
0.53 0.0015915 1.30809 2.56397e-008
0.535 0.0016065 1.32052 2.56844e-008
0.54 0.0016215 1.33295 2.57292e-008
0.545 0.0016365 1.34537 2.57738e-008
0.55 0.0016515 1.35778 2.58185e-008
0.555 0.0016665 1.3702 2.58632e-008
0.56 0.0016815 1.38261 2.59078e-008
0.565 0.0016965 1.39503 2.59525e-008
0.57 0.0017115 1.40744 2.59971e-008
0.575 0.0017265 1.41984 2.60419e-008
0.58 0.0017415 1.43225 2.60866e-008
0.585 0.0017565 1.44466 2.61314e-008
0.59 0.0017715 1.45707 2.61763e-008
0.595 0.0017865 1.46947 2.62213e-008
0.6 0.0018015 1.48188 2.62663e-008
0.605 0.0018165 1.49428 2.63114e-008
0.61 0.0018315 1.50669 2.63566e-008
0.615 0.0018465 1.5191 2.64018e-008
0.62 0.0018615 1.5315 2.64472e-008
0.625 0.0018765 1.54391 2.64927e-008
0.63 0.0018915 1.55631 2.65383e-008
0.635 0.0019065 1.56872 2.6584e-008
0.64 0.0019215 1.58112 2.66299e-008
0.645 0.0019365 1.59352 2.66759e-008
0.65 0.0019515 1.60593 2.67221e-008
0.655 0.0019665 1.61833 2.67685e-008
0.66 0.0019815 1.63073 2.68151e-008
0.665 0.0019965 1.64313 2.68618e-008
0.67 0.0020115 1.65553 2.69088e-008
0.675 0.0020265 1.66793 2.69561e-008
0.68 0.0020415 1.68032 2.70036e-008
0.685 0.0020565 1.69272 2.70515e-008
0.69 0.0020715 1.70512 2.70996e-008
0.695 0.0020865 1.71751 2.7148e-008
0.7 0.0021015 1.72991 2.71968e-008
0.705 0.0021165 1.7423 2.7246e-008
0.71 0.0021315 1.7547 2.72956e-008
0.715 0.0021465 1.76709 2.73456e-008
0.72 0.0021615 1.77949 2.7396e-008
0.725 0.0021765 1.79188 2.7447e-008
0.73 0.0021915 1.80428 2.74984e-008
0.735 0.0022065 1.81668 2.75504e-008
0.74 0.0022215 1.82907 2.7603e-008
0.745 0.0022365 1.84147 2.76562e-008
0.75 0.0022515 1.85386 2.771e-008
0.755 0.0022665 1.86626 2.77646e-008
0.76 0.0022815 1.87866 2.78199e-008
0.765 0.0022965 1.89106 2.7876e-008
0.77 0.0023115 1.90346 2.79329e-008
0.775 0.0023265 1.91586 2.79907e-008
0.78 0.0023415 1.92827 2.80493e-008
0.785 0.0023565 1.94067 2.81088e-008
0.79 0.0023715 1.95308 2.81693e-008
0.795 0.0023865 1.96549 2.82307e-008
0.8 0.0024015 1.97791 2.82931e-008
0.805 0.0024165 1.99032 2.83565e-008
0.81 0.0024315 2.00274 2.84208e-008
0.815 0.0024465 2.01517 2.84862e-008
0.82 0.0024615 2.02759 2.85525e-008
0.825 0.0024765 2.04003 2.86197e-008
0.83 0.0024915 2.05246 2.86879e-008
0.835 0.0025065 2.0649 2.8757e-008
0.84 0.0025215 2.07734 2.8827e-008
0.845 0.0025365 2.08978 2.88978e-008
0.85 0.0025515 2.10223 2.89694e-008
0.855 0.0025665 2.11468 2.90418e-008
0.86 0.0025815 2.12714 2.91149e-008
0.865 0.0025965 2.13959 2.91887e-008
0.87 0.0026115 2.15205 2.9263e-008
0.875 0.0026265 2.16451 2.93378e-008
0.88 0.0026415 2.17698 2.94131e-008
0.885 0.0026565 2.18945 2.94888e-008
0.89 0.0026715 2.20192 2.95649e-008
0.895 0.0026865 2.21439 2.96411e-008
0.9 0.0027015 2.22686 2.97176e-008
0.905 0.0027165 2.23933 2.97942e-008
0.91 0.0027315 2.25181 2.98709e-008
0.915 0.0027465 2.26428 2.99476e-008
0.92 0.0027615 2.27676 3.00242e-008
0.925 0.0027765 2.28924 3.01008e-008
0.93 0.0027915 2.30171 3.01772e-008
0.935 0.0028065 2.31419 3.02534e-008
0.94 0.0028215 2.32667 3.03294e-008
0.945 0.0028365 2.33914 3.04052e-008
0.95 0.0028515 2.35162 3.04807e-008
0.955 0.0028665 2.36409 3.05559e-008
0.96 0.0028815 2.37657 3.06307e-008
0.965 0.0028965 2.38904 3.07052e-008
0.97 0.0029115 2.40151 3.07793e-008
0.975 0.0029265 2.41398 3.08529e-008
0.98 0.0029415 2.42645 3.09262e-008
0.985 0.0029565 2.43892 3.09991e-008
0.99 0.0029715 2.45139 3.10715e-008
0.995 0.0029865 2.46386 3.11435e-008
1 0.0030015 2.47632 3.1215e-008
1.005 0.0029895 2.35184 3.1279e-008
1.01 0.0029745 2.26237 3.13175e-008
1.015 0.0029595 2.19713 3.13327e-008
1.02 0.0029445 2.14652 3.13293e-008
1.025 0.0029295 2.10606 3.13116e-008
1.03 0.0029145 2.07325 3.1283e-008
1.035 0.0028995 2.04645 3.12462e-008
1.04 0.0028845 2.02456 3.12038e-008
1.045 0.0028695 2.00675 3.11576e-008
1.05 0.0028545 1.99238 3.11093e-008
1.055 0.0028395 1.98093 3.10601e-008
1.06 0.0028245 1.97199 3.1011e-008
1.065 0.0028095 1.96519 3.09628e-008
1.07 0.0027945 1.96023 3.09158e-008
1.075 0.0027795 1.95681 3.08705e-008
1.08 0.0027645 1.95471 3.08269e-008
1.085 0.0027495 1.95369 3.07851e-008
1.09 0.0027345 1.95355 3.07451e-008
1.095 0.0027195 1.95411 3.07067e-008
1.1 0.0027045 1.95521 3.06699e-008
1.105 0.0026895 1.9567 3.06345e-008
1.11 0.0026745 1.95843 3.06005e-008
1.115 0.0026595 1.96029 3.05678e-008
1.12 0.0026445 1.96216 3.05362e-008
1.125 0.0026295 1.96395 3.05058e-008
1.13 0.0026145 1.96557 3.04764e-008
1.135 0.0025995 1.96694 3.04479e-008
1.14 0.0025845 1.96799 3.04203e-008
1.145 0.0025695 1.96867 3.03935e-008
1.15 0.0025545 1.96892 3.03673e-008
1.155 0.0025395 1.96869 3.03417e-008
1.16 0.0025245 1.96797 3.03166e-008
1.165 0.0025095 1.96671 3.02918e-008
1.17 0.0024945 1.96489 3.02671e-008
1.175 0.0024795 1.96251 3.02425e-008
1.18 0.0024645 1.95954 3.02178e-008
1.185 0.0024495 1.95599 3.01928e-008
1.19 0.0024345 1.95184 3.01674e-008
1.195 0.0024195 1.94712 3.01415e-008
1.2 0.0024045 1.94182 3.01149e-008
1.205 0.0023895 1.93594 3.00876e-008
1.21 0.0023745 1.92952 3.00593e-008
1.215 0.0023595 1.92255 3.00301e-008
1.22 0.0023445 1.91505 2.99999e-008
1.225 0.0023295 1.90705 2.99685e-008
1.23 0.0023145 1.89856 2.99359e-008
1.235 0.0022995 1.88961 2.9902e-008
1.24 0.0022845 1.88022 2.98669e-008
1.245 0.0022695 1.87041 2.98304e-008
1.25 0.0022545 1.8602 2.97926e-008
1.255 0.0022395 1.84963 2.97535e-008
1.26 0.0022245 1.83871 2.9713e-008
1.265 0.0022095 1.82748 2.96711e-008
1.27 0.0021945 1.81595 2.9628e-008
1.275 0.0021795 1.80416 2.95835e-008
1.28 0.0021645 1.79212 2.95376e-008
1.285 0.0021495 1.77985 2.94905e-008
1.29 0.0021345 1.76739 2.94422e-008
1.295 0.0021195 1.75475 2.93926e-008
1.3 0.0021045 1.74194 2.93418e-008
1.305 0.0020895 1.729 2.92899e-008
1.31 0.0020745 1.71594 2.92368e-008
1.315 0.0020595 1.70277 2.91827e-008
1.32 0.0020445 1.68952 2.91275e-008
1.325 0.0020295 1.67619 2.90714e-008
1.33 0.0020145 1.66279 2.90144e-008
1.335 0.0019995 1.64935 2.89566e-008
1.34 0.0019845 1.63587 2.88979e-008
1.345 0.0019695 1.62236 2.88385e-008
1.35 0.0019545 1.60884 2.87784e-008
1.355 0.0019395 1.5953 2.87177e-008
1.36 0.0019245 1.58177 2.86565e-008
1.365 0.0019095 1.56824 2.85947e-008
1.37 0.0018945 1.55472 2.85324e-008
1.375 0.0018795 1.54122 2.84697e-008
1.38 0.0018645 1.52774 2.84066e-008
1.385 0.0018495 1.51429 2.83432e-008
1.39 0.0018345 1.50086 2.82795e-008
1.395 0.0018195 1.48748 2.82154e-008
1.4 0.0018045 1.47412 2.81511e-008
1.405 0.0017895 1.46081 2.80865e-008
1.41 0.0017745 1.44754 2.80218e-008
1.415 0.0017595 1.4343 2.79568e-008
1.42 0.0017445 1.42111 2.78917e-008
1.425 0.0017295 1.40796 2.78264e-008
1.43 0.0017145 1.39485 2.7761e-008
1.435 0.0016995 1.38178 2.76955e-008
1.44 0.0016845 1.36875 2.763e-008
1.445 0.0016695 1.35577 2.75645e-008
1.45 0.0016545 1.34282 2.74989e-008
1.455 0.0016395 1.32991 2.74334e-008
1.46 0.0016245 1.31703 2.7368e-008
1.465 0.0016095 1.30419 2.73027e-008
1.47 0.0015945 1.29139 2.72375e-008
1.475 0.0015795 1.27861 2.71724e-008
1.48 0.0015645 1.26587 2.71076e-008
1.485 0.0015495 1.25316 2.70429e-008
1.49 0.0015345 1.24047 2.69785e-008
1.495 0.0015195 1.22781 2.69143e-008
1.5 0.0015045 1.21518 2.68504e-008
1.505 0.0014895 1.20257 2.67868e-008
1.51 0.0014745 1.18998 2.67235e-008
1.515 0.0014595 1.17741 2.66605e-008
1.52 0.0014445 1.16486 2.65978e-008
1.525 0.0014295 1.15232 2.65355e-008
1.53 0.0014145 1.1398 2.64735e-008
1.535 0.0013995 1.1273 2.64119e-008
1.54 0.0013845 1.11481 2.63507e-008
1.545 0.0013695 1.10233 2.62898e-008
1.55 0.0013545 1.08987 2.62294e-008
1.555 0.0013395 1.07741 2.61693e-008
1.56 0.0013245 1.06497 2.61097e-008
1.565 0.0013095 1.05253 2.60505e-008
1.57 0.0012945 1.0401 2.59916e-008
1.575 0.0012795 1.02768 2.59332e-008
1.58 0.0012645 1.01527 2.58752e-008
1.585 0.0012495 1.00287 2.58177e-008
1.59 0.0012345 0.990474 2.57605e-008
1.595 0.0012195 0.978085 2.57038e-008
1.6 0.0012045 0.965702 2.56474e-008
1.605 0.0011895 0.953326 2.55914e-008
1.61 0.0011745 0.940957 2.55358e-008
1.615 0.0011595 0.928594 2.54805e-008
1.62 0.0011445 0.916236 2.54256e-008
1.625 0.0011295 0.903885 2.5371e-008
1.63 0.0011145 0.891538 2.53167e-008
1.635 0.0010995 0.879197 2.52627e-008
1.64 0.0010845 0.866861 2.52088e-008
1.645 0.0010695 0.85453 2.51553e-008
1.65 0.0010545 0.842204 2.51019e-008
1.655 0.0010395 0.829881 2.50486e-008
1.66 0.0010245 0.817562 2.49955e-008
1.665 0.0010095 0.805247 2.49425e-008
1.67 0.0009945 0.792936 2.48895e-008
1.675 0.0009795 0.780627 2.48366e-008
1.68 0.0009645 0.768321 2.47837e-008
1.685 0.0009495 0.756018 2.47308e-008
1.69 0.0009345 0.743717 2.46778e-008
1.695 0.0009195 0.731418 2.46248e-008
1.7 0.0009045 0.719121 2.45717e-008
1.705 0.0008895 0.706826 2.45184e-008
1.71 0.0008745 0.694533 2.4465e-008
1.715 0.0008595 0.682241 2.44114e-008
1.72 0.0008445 0.66995 2.43577e-008
1.725 0.0008295 0.657661 2.43038e-008
1.73 0.0008145 0.645374 2.42496e-008
1.735 0.0007995 0.633088 2.41953e-008
1.74 0.0007845 0.620803 2.41407e-008
1.745 0.0007695 0.60852 2.40859e-008
1.75 0.0007545 0.596239 2.40308e-008
1.755 0.0007395 0.583959 2.39756e-008
1.76 0.0007245 0.571682 2.39201e-008
1.765 0.0007095 0.559406 2.38644e-008
1.77 0.0006945 0.547133 2.38085e-008
1.775 0.0006795 0.534862 2.37523e-008
1.78 0.0006645 0.522594 2.3696e-008
1.785 0.0006495 0.510328 2.36394e-008
1.79 0.0006345 0.498065 2.35827e-008
1.795 0.0006195 0.485805 2.35258e-008
1.8 0.0006045 0.473548 2.34687e-008
1.805 0.0005895 0.461294 2.34115e-008
1.81 0.0005745 0.449044 2.33542e-008
1.815 0.0005595 0.436797 2.32967e-008
1.82 0.0005445 0.424554 2.32391e-008
1.825 0.0005295 0.412315 2.31815e-008
1.83 0.0005145 0.400079 2.31237e-008
1.835 0.0004995 0.387847 2.30659e-008
1.84 0.0004845 0.37562 2.3008e-008
1.845 0.0004695 0.363397 2.295e-008
1.85 0.0004545 0.351178 2.2892e-008
1.855 0.0004395 0.338963 2.2834e-008
1.86 0.0004245 0.326753 2.27759e-008
1.865 0.0004095 0.314548 2.27178e-008
1.87 0.0003945 0.302347 2.26598e-008
1.875 0.0003795 0.290151 2.26017e-008
1.88 0.0003645 0.27796 2.25436e-008
1.885 0.0003495 0.265774 2.24856e-008
1.89 0.0003345 0.253593 2.24275e-008
1.895 0.0003195 0.241418 2.23695e-008
1.9 0.0003045 0.229248 2.23115e-008
1.905 0.0002895 0.217084 2.22536e-008
1.91 0.0002745 0.204926 2.21957e-008
1.915 0.0002595 0.192775 2.21378e-008
1.92 0.0002445 0.180629 2.208e-008
1.925 0.0002295 0.168491 2.20222e-008
1.93 0.0002145 0.156359 2.19645e-008
1.935 0.0001995 0.144236 2.19069e-008
1.94 0.0001845 0.13212 2.18493e-008
1.945 0.0001695 0.120012 2.17917e-008
1.95 0.0001545 0.107914 2.17342e-008
1.955 0.0001395 0.0958251 2.16768e-008
1.96 0.0001245 0.0837464 2.16195e-008
1.965 0.0001095 0.0716787 2.15622e-008
1.97 9.45e-005 0.0596227 2.15049e-008
1.975 7.95e-005 0.0475793 2.14478e-008
1.98 6.45e-005 0.0355495 2.13907e-008
1.985 4.95e-005 0.0235344 2.13337e-008
1.99 3.45e-005 0.0115352 2.12767e-008
1.995 1.95e-005 -0.000446954 2.12199e-008
2 4.5e-006 -0.0124106 2.1163e-008
2.005 7.5e-006 0.070065 2.11089e-008
2.01 2.25e-005 0.173095 2.10785e-008
2.015 3.75e-005 0.246125 2.10759e-008
2.02 5.25e-005 0.301174 2.10955e-008
2.025 6.75e-005 0.344233 2.11318e-008
2.03 8.25e-005 0.378643 2.11808e-008
2.035 9.75e-005 0.406456 2.1239e-008
2.04 0.0001125 0.429036 2.1304e-008
2.045 0.0001275 0.447354 2.13737e-008
2.05 0.0001425 0.462136 2.14465e-008
2.055 0.0001575 0.473949 2.15211e-008
2.06 0.0001725 0.483248 2.15964e-008
2.065 0.0001875 0.490409 2.16716e-008
2.07 0.0002025 0.495752 2.17459e-008
2.075 0.0002175 0.49955 2.18188e-008
2.08 0.0002325 0.502041 2.18898e-008
2.085 0.0002475 0.503437 2.19587e-008
2.09 0.0002625 0.50393 2.20252e-008
2.095 0.0002775 0.503691 2.20891e-008
2.1 0.0002925 0.502881 2.21503e-008
2.105 0.0003075 0.501648 2.22089e-008
2.11 0.0003225 0.500129 2.22648e-008
2.115 0.0003375 0.49845 2.23182e-008
2.12 0.0003525 0.496729 2.2369e-008
2.125 0.0003675 0.495073 2.24174e-008
2.13 0.0003825 0.493576 2.24637e-008
2.135 0.0003975 0.492324 2.25079e-008
2.14 0.0004125 0.491388 2.25503e-008
2.145 0.0004275 0.490829 2.2591e-008
2.15 0.0004425 0.490699 2.26302e-008
2.155 0.0004575 0.491037 2.26682e-008
2.16 0.0004725 0.491873 2.27051e-008
2.165 0.0004875 0.493232 2.27411e-008
2.17 0.0005025 0.495129 2.27764e-008
2.175 0.0005175 0.497576 2.28112e-008
2.18 0.0005325 0.500577 2.28457e-008
2.185 0.0005475 0.504137 2.28799e-008
2.19 0.0005625 0.508256 2.29141e-008
2.195 0.0005775 0.512931 2.29484e-008
2.2 0.0005925 0.518157 2.29828e-008
2.205 0.0006075 0.523927 2.30176e-008
2.21 0.0006225 0.530232 2.30528e-008
2.215 0.0006375 0.53706 2.30884e-008
2.22 0.0006525 0.544395 2.31246e-008
2.225 0.0006675 0.55222 2.31614e-008
2.23 0.0006825 0.560514 2.31989e-008
2.235 0.0006975 0.569256 2.32371e-008
2.24 0.0007125 0.578421 2.32761e-008
2.245 0.0007275 0.587985 2.33158e-008
2.25 0.0007425 0.599657 2.33562e-008
2.255 0.0007575 0.610088 2.33978e-008
2.26 0.0007725 0.620646 2.344e-008
2.265 0.0007875 0.631509 2.34829e-008
2.27 0.0008025 0.646516 2.3527e-008
2.275 0.0008175 0.657864 2.35717e-008
2.28 0.0008325 0.66945 2.36166e-008
2.285 0.0008475 0.689123 2.36627e-008
2.29 0.0008625 0.701124 2.37094e-008
2.295 0.0008775 0.713243 2.37558e-008
2.3 0.0008925 0.741473 2.38037e-008
2.305 0.0009075 0.753909 2.38515e-008
2.31 0.0009225 0.76639 2.38976e-008
2.315 0.0009375 0.77908 2.39418e-008
2.32 0.0009525 0.791933 2.39843e-008
2.325 0.0009675 0.804893 2.40249e-008
2.33 0.0009825 0.817912 2.40636e-008
2.335 0.0009975 0.830952 2.41001e-008
2.34 0.0010125 0.843987 2.41343e-008
2.345 0.0010275 0.856998 2.4166e-008
2.35 0.0010425 0.869975 2.41949e-008
2.355 0.0010575 0.882916 2.42209e-008
2.36 0.0010725 0.895826 2.42438e-008
2.365 0.0010875 0.90871 2.42636e-008
2.37 0.0011025 0.92158 2.42802e-008
2.375 0.0011175 0.934445 2.42937e-008
2.38 0.0011325 0.947313 2.43042e-008
2.385 0.0011475 0.96019 2.43121e-008
2.39 0.0011625 0.973078 2.43174e-008
2.395 0.0011775 0.985978 2.43207e-008
2.4 0.0011925 0.998885 2.43223e-008
2.405 0.0012075 1.01179 2.43226e-008
2.41 0.0012225 1.02469 2.4322e-008
2.415 0.0012375 1.03757 2.43209e-008
2.42 0.0012525 1.05042 2.43198e-008
2.425 0.0012675 1.06323 2.4319e-008
2.43 0.0012825 1.076 2.43188e-008
2.435 0.0012975 1.08873 2.43195e-008
2.44 0.0013125 1.1014 2.43214e-008
2.445 0.0013275 1.11401 2.43244e-008
2.45 0.0013425 1.12658 2.43287e-008
2.455 0.0013575 1.13909 2.43344e-008
2.46 0.0013725 1.15154 2.43413e-008
2.465 0.0013875 1.16394 2.43494e-008
2.47 0.0014025 1.17629 2.43585e-008
2.475 0.0014175 1.18858 2.43685e-008
2.48 0.0014325 1.20082 2.43792e-008
2.485 0.0014475 1.21301 2.43904e-008
2.49 0.0014625 1.22515 2.44018e-008
2.495 0.0014775 1.23725 2.44134e-008
2.5 0.0014925 1.2493 2.4425e-008
2.505 0.0015075 1.26132 2.44363e-008
2.51 0.0015225 1.2733 2.44474e-008
2.515 0.0015375 1.28526 2.44582e-008
2.52 0.0015525 1.29719 2.44687e-008
2.525 0.0015675 1.3091 2.44788e-008
2.53 0.0015825 1.321 2.44887e-008
2.535 0.0015975 1.33289 2.44984e-008
2.54 0.0016125 1.34476 2.45081e-008
2.545 0.0016275 1.35663 2.45179e-008
2.55 0.0016425 1.3685 2.4528e-008
2.555 0.0016575 1.38036 2.45385e-008
2.56 0.0016725 1.39223 2.45496e-008
2.565 0.0016875 1.40409 2.45614e-008
2.57 0.0017025 1.41596 2.45742e-008
2.575 0.0017175 1.42784 2.45879e-008
2.58 0.0017325 1.43972 2.46029e-008
2.585 0.0017475 1.4516 2.46191e-008
2.59 0.0017625 1.46349 2.46366e-008
2.595 0.0017775 1.47538 2.46556e-008
2.6 0.0017925 1.48729 2.4676e-008
2.605 0.0018075 1.4992 2.46978e-008
2.61 0.0018225 1.51111 2.47212e-008
2.615 0.0018375 1.52304 2.47462e-008
2.62 0.0018525 1.53498 2.47726e-008
2.625 0.0018675 1.54694 2.48007e-008
2.63 0.0018825 1.55891 2.48302e-008
2.635 0.0018975 1.57091 2.48613e-008
2.64 0.0019125 1.58292 2.4894e-008
2.645 0.0019275 1.59497 2.49282e-008
2.65 0.0019425 1.60704 2.4964e-008
2.655 0.0019575 1.61915 2.50014e-008
2.66 0.0019725 1.6313 2.50404e-008
2.665 0.0019875 1.64348 2.5081e-008
2.67 0.0020025 1.65571 2.51233e-008
2.675 0.0020175 1.66798 2.51672e-008
2.68 0.0020325 1.6803 2.52129e-008
2.685 0.0020475 1.69267 2.52603e-008
2.69 0.0020625 1.70509 2.53095e-008
2.695 0.0020775 1.71756 2.53604e-008
2.7 0.0020925 1.73007 2.54132e-008
2.705 0.0021075 1.74264 2.54678e-008
2.71 0.0021225 1.75526 2.55243e-008
2.715 0.0021375 1.76791 2.55826e-008
2.72 0.0021525 1.78062 2.56428e-008
2.725 0.0021675 1.79336 2.57048e-008
2.73 0.0021825 1.80614 2.57687e-008
2.735 0.0021975 1.81896 2.58343e-008
2.74 0.0022125 1.83182 2.59016e-008
2.745 0.0022275 1.8447 2.59706e-008
2.75 0.0022425 1.85762 2.60412e-008
2.755 0.0022575 1.87057 2.61132e-008
2.76 0.0022725 1.88354 2.61866e-008
2.765 0.0022875 1.89654 2.62613e-008
2.77 0.0023025 1.90957 2.63371e-008
2.775 0.0023175 1.92262 2.6414e-008
2.78 0.0023325 1.9357 2.64919e-008
2.785 0.0023475 1.9488 2.65705e-008
2.79 0.0023625 1.96193 2.66499e-008
2.795 0.0023775 1.97508 2.673e-008
2.8 0.0023925 1.98825 2.68108e-008
2.805 0.0024075 2.00145 2.68921e-008
2.81 0.0024225 2.01467 2.69739e-008
2.815 0.0024375 2.02791 2.70563e-008
2.82 0.0024525 2.04116 2.71391e-008
2.825 0.0024675 2.05443 2.72225e-008
2.83 0.0024825 2.06772 2.73063e-008
2.835 0.0024975 2.08102 2.73906e-008
2.84 0.0025125 2.09433 2.74753e-008
2.845 0.0025275 2.10766 2.75604e-008
2.85 0.0025425 2.12098 2.76459e-008
2.855 0.0025575 2.13432 2.77316e-008
2.86 0.0025725 2.14765 2.78176e-008
2.865 0.0025875 2.16098 2.79037e-008
2.87 0.0026025 2.17431 2.79899e-008
2.875 0.0026175 2.18762 2.8076e-008
2.88 0.0026325 2.20093 2.8162e-008
2.885 0.0026475 2.21421 2.82477e-008
2.89 0.0026625 2.22748 2.83331e-008
2.895 0.0026775 2.24073 2.8418e-008
2.9 0.0026925 2.25395 2.85025e-008
2.905 0.0027075 2.26714 2.85863e-008
2.91 0.0027225 2.2803 2.86695e-008
2.915 0.0027375 2.29343 2.8752e-008
2.92 0.0027525 2.30653 2.88339e-008
2.925 0.0027675 2.31959 2.8915e-008
2.93 0.0027825 2.33262 2.89954e-008
2.935 0.0027975 2.34561 2.90752e-008
2.94 0.0028125 2.35858 2.91542e-008
2.945 0.0028275 2.3715 2.92325e-008
2.95 0.0028425 2.3844 2.93102e-008
2.955 0.0028575 2.39727 2.9387e-008
2.96 0.0028725 2.41011 2.94631e-008
2.965 0.0028875 2.42293 2.95384e-008
2.97 0.0029025 2.43572 2.96127e-008
2.975 0.0029175 2.44849 2.96859e-008
2.98 0.0029325 2.46124 2.97579e-008
2.985 0.0029475 2.47397 2.98286e-008
2.99 0.0029625 2.48668 2.98976e-008
2.995 0.0029775 2.49937 2.99648e-008
3 0.0029925 2.51204 3.00299e-008
3.005 0.0029985 2.47074 3.00922e-008
3.01 0.0029835 2.35496 3.0136e-008
3.015 0.0029685 2.27633 3.01514e-008
3.02 0.0029535 2.21689 3.01427e-008
3.025 0.0029385 2.16984 3.01142e-008
3.03 0.0029235 2.13173 3.00698e-008
3.035 0.0029085 2.10052 3.00126e-008
3.04 0.0028935 2.07487 2.99457e-008
3.045 0.0028785 2.05386 2.98713e-008
3.05 0.0028635 2.03678 2.97915e-008
3.055 0.0028485 2.02305 2.97083e-008
3.06 0.0028335 2.0122 2.9623e-008
3.065 0.0028185 2.00382 2.95368e-008
3.07 0.0028035 1.99754 2.94507e-008
3.075 0.0027885 1.99301 2.93656e-008
3.08 0.0027735 1.98994 2.92822e-008
3.085 0.0027585 1.98805 2.92009e-008
3.09 0.0027435 1.98711 2.91222e-008
3.095 0.0027285 1.98689 2.90464e-008
3.1 0.0027135 1.98722 2.89738e-008
3.105 0.0026985 1.98793 2.89044e-008
3.11 0.0026835 1.98888 2.88384e-008
3.115 0.0026685 1.98994 2.87756e-008
3.12 0.0026535 1.99101 2.8716e-008
3.125 0.0026385 1.99199 2.86592e-008
3.13 0.0026235 1.99279 2.86051e-008
3.135 0.0026085 1.99336 2.85533e-008
3.14 0.0025935 1.99362 2.85037e-008
3.145 0.0025785 1.99352 2.84559e-008
3.15 0.0025635 1.99303 2.84097e-008
3.155 0.0025485 1.99212 2.83649e-008
3.16 0.0025335 1.99074 2.83215e-008
3.165 0.0025185 1.98888 2.82792e-008
3.17 0.0025035 1.98653 2.82381e-008
3.175 0.0024885 1.98365 2.81981e-008
3.18 0.0024735 1.98025 2.81592e-008
3.185 0.0024585 1.97629 2.81215e-008
3.19 0.0024435 1.97178 2.80849e-008
3.195 0.0024285 1.9667 2.80494e-008
3.2 0.0024135 1.96105 2.80152e-008
3.205 0.0023985 1.95482 2.79821e-008
3.21 0.0023835 1.94802 2.79501e-008
3.215 0.0023685 1.94065 2.79191e-008
3.22 0.0023535 1.93273 2.7889e-008
3.225 0.0023385 1.92427 2.78597e-008
3.23 0.0023235 1.91529 2.78309e-008
3.235 0.0023085 1.90582 2.78025e-008
3.24 0.0022935 1.89589 2.77743e-008
3.245 0.0022785 1.88553 2.7746e-008
3.25 0.0022635 1.87477 2.77174e-008
3.255 0.0022485 1.86365 2.76883e-008
3.26 0.0022335 1.85219 2.76587e-008
3.265 0.0022185 1.84043 2.76284e-008
3.27 0.0022035 1.82841 2.75973e-008
3.275 0.0021885 1.81615 2.75655e-008
3.28 0.0021735 1.8037 2.75329e-008
3.285 0.0021585 1.79106 2.74998e-008
3.29 0.0021435 1.77828 2.74662e-008
3.295 0.0021285 1.76538 2.74323e-008
3.3 0.0021135 1.75237 2.73982e-008
3.305 0.0020985 1.73928 2.73643e-008
3.31 0.0020835 1.72612 2.73306e-008
3.315 0.0020685 1.71291 2.72975e-008
3.32 0.0020535 1.69966 2.72649e-008
3.325 0.0020385 1.68638 2.72332e-008
3.33 0.0020235 1.67309 2.72023e-008
3.335 0.0020085 1.65978 2.71723e-008
3.34 0.0019935 1.64646 2.71433e-008
3.345 0.0019785 1.63315 2.71152e-008
3.35 0.0019635 1.61986 2.7088e-008
3.355 0.0019485 1.60658 2.70615e-008
3.36 0.0019335 1.59333 2.70358e-008
3.365 0.0019185 1.58011 2.70106e-008
3.37 0.0019035 1.56693 2.69859e-008
3.375 0.0018885 1.55379 2.69615e-008
3.38 0.0018735 1.5407 2.69372e-008
3.385 0.0018585 1.52767 2.6913e-008
3.39 0.0018435 1.5147 2.68888e-008
3.395 0.0018285 1.50179 2.68644e-008
3.4 0.0018135 1.48895 2.68398e-008
3.405 0.0017985 1.47617 2.68149e-008
3.41 0.0017835 1.46347 2.67897e-008
3.415 0.0017685 1.45083 2.67642e-008
3.42 0.0017535 1.43826 2.67383e-008
3.425 0.0017385 1.42576 2.67121e-008
3.43 0.0017235 1.41332 2.66856e-008
3.435 0.0017085 1.40094 2.66588e-008
3.44 0.0016935 1.38862 2.66317e-008
3.445 0.0016785 1.37635 2.66044e-008
3.45 0.0016635 1.36412 2.65769e-008
3.455 0.0016485 1.35194 2.65492e-008
3.46 0.0016335 1.33979 2.65213e-008
3.465 0.0016185 1.32767 2.64932e-008
3.47 0.0016035 1.31558 2.6465e-008
3.475 0.0015885 1.3035 2.64365e-008
3.48 0.0015735 1.29144 2.64078e-008
3.485 0.0015585 1.27938 2.63789e-008
3.49 0.0015435 1.26733 2.63496e-008
3.495 0.0015285 1.25528 2.632e-008
3.5 0.0015135 1.24323 2.62899e-008
3.505 0.0014985 1.23117 2.62594e-008
3.51 0.0014835 1.2191 2.62284e-008
3.515 0.0014685 1.20701 2.61967e-008
3.52 0.0014535 1.19491 2.61644e-008
3.525 0.0014385 1.18279 2.61314e-008
3.53 0.0014235 1.17065 2.60976e-008
3.535 0.0014085 1.15848 2.60631e-008
3.54 0.0013935 1.14629 2.60277e-008
3.545 0.0013785 1.13407 2.59915e-008
3.55 0.0013635 1.12182 2.59545e-008
3.555 0.0013485 1.10955 2.59166e-008
3.56 0.0013335 1.09725 2.58778e-008
3.565 0.0013185 1.08491 2.58382e-008
3.57 0.0013035 1.07255 2.57978e-008
3.575 0.0012885 1.06016 2.57565e-008
3.58 0.0012735 1.04774 2.57145e-008
3.585 0.0012585 1.03529 2.56716e-008
3.59 0.0012435 1.02281 2.56281e-008
3.595 0.0012285 1.0103 2.55838e-008
3.6 0.0012135 0.997756 2.55388e-008
3.605 0.0011985 0.98519 2.54931e-008
3.61 0.0011835 0.972595 2.54467e-008
3.615 0.0011685 0.959974 2.53996e-008
3.62 0.0011535 0.947327 2.53519e-008
3.625 0.0011385 0.934654 2.53035e-008
3.63 0.0011235 0.921957 2.52545e-008
3.635 0.0011085 0.909236 2.52047e-008
3.64 0.0010935 0.896491 2.51542e-008
3.645 0.0010785 0.883724 2.5103e-008
3.65 0.0010635 0.870934 2.5051e-008
3.655 0.0010485 0.858124 2.49983e-008
3.66 0.0010335 0.845292 2.49447e-008
3.665 0.0010185 0.832441 2.48903e-008
3.67 0.0010035 0.819569 2.48351e-008
3.675 0.0009885 0.806679 2.47789e-008
3.68 0.0009735 0.79377 2.47218e-008
3.685 0.0009585 0.780844 2.46638e-008
3.69 0.0009435 0.767899 2.46047e-008
3.695 0.0009285 0.754939 2.45447e-008
3.7 0.0009135 0.741962 2.44837e-008
3.705 0.0008985 0.728969 2.44217e-008
3.71 0.0008835 0.715962 2.43587e-008
3.715 0.0008685 0.702941 2.42947e-008
3.72 0.0008535 0.689906 2.42296e-008
3.725 0.0008385 0.676859 2.41636e-008
3.73 0.0008235 0.663801 2.40967e-008
3.735 0.0008085 0.650732 2.40288e-008
3.74 0.0007935 0.637654 2.396e-008
3.745 0.0007785 0.624567 2.38904e-008
3.75 0.0007635 0.611473 2.38199e-008
3.755 0.0007485 0.598373 2.37488e-008
3.76 0.0007335 0.585268 2.36769e-008
3.765 0.0007185 0.572159 2.36045e-008
3.77 0.0007035 0.559047 2.35315e-008
3.775 0.0006885 0.545933 2.3458e-008
3.78 0.0006735 0.532819 2.33841e-008
3.785 0.0006585 0.519705 2.33099e-008
3.79 0.0006435 0.506594 2.32355e-008
3.795 0.0006285 0.493485 2.31609e-008
3.8 0.0006135 0.480379 2.30863e-008
3.805 0.0005985 0.467279 2.30116e-008
3.81 0.0005835 0.454186 2.29371e-008
3.815 0.0005685 0.441099 2.28627e-008
3.82 0.0005535 0.42802 2.27886e-008
3.825 0.0005385 0.414951 2.27148e-008
3.83 0.0005235 0.394722 2.26414e-008
3.835 0.0005085 0.385242 2.25578e-008
3.84 0.0004935 0.373567 2.24729e-008
3.845 0.0004785 0.360938 2.23902e-008
3.85 0.0004635 0.347856 2.23099e-008
3.855 0.0004485 0.334538 2.22315e-008
3.86 0.0004335 0.32109 2.2155e-008
3.865 0.0004185 0.307569 2.208e-008
3.87 0.0004035 0.294009 2.20064e-008
3.875 0.0003885 0.280432 2.19342e-008
3.88 0.0003735 0.266856 2.18631e-008
3.885 0.0003585 0.253292 2.17932e-008
3.89 0.0003435 0.239751 2.17244e-008
3.895 0.0003285 0.22624 2.16568e-008
3.9 0.0003135 0.212767 2.15905e-008
3.905 0.0002985 0.199337 2.15255e-008
3.91 0.0002835 0.185956 2.14619e-008
3.915 0.0002685 0.172629 2.13999e-008
3.92 0.0002535 0.159362 2.13394e-008
3.925 0.0002385 0.146158 2.12807e-008
3.93 0.0002235 0.133022 2.12237e-008
3.935 0.0002085 0.11996 2.11684e-008
3.94 0.0001935 0.106975 2.1115e-008
3.945 0.0001785 0.0940711 2.10633e-008
3.95 0.0001635 0.0812535 2.10134e-008
3.955 0.0001485 0.0685262 2.09652e-008
3.96 0.0001335 0.0558932 2.09188e-008
3.965 0.0001185 0.0433587 2.08739e-008
3.97 0.0001035 0.0309267 2.08307e-008
3.975 8.85e-005 0.0186011 2.0789e-008
3.98 7.35e-005 0.00638596 2.07488e-008
3.985 5.85e-005 -0.00571481 2.07101e-008
3.99 4.35e-005 -0.0176971 2.06727e-008
3.995 2.85e-005 -0.0295568 2.06368e-008
4 1.35e-005 -0.0412895 2.06021e-008
4.005 -1.5e-006 -0.0528904 2.05687e-008
4.01 1.35e-005 0.0881342 2.0549e-008
4.015 2.85e-005 0.183274 2.05662e-008
4.02 4.35e-005 0.252549 2.06143e-008
4.025 5.85e-005 0.305263 2.06849e-008
4.03 7.35e-005 0.346467 2.07714e-008
4.035 8.85e-005 0.379189 2.08691e-008
4.04 0.0001035 0.405413 2.09743e-008
4.045 0.0001185 0.42654 2.1084e-008
4.05 0.0001335 0.443613 2.11963e-008
4.055 0.0001485 0.457438 2.13091e-008
4.06 0.0001635 0.468656 2.14212e-008
4.065 0.0001785 0.477783 2.15312e-008
4.07 0.0001935 0.485229 2.16382e-008
4.075 0.0002085 0.491322 2.17415e-008
4.08 0.0002235 0.496314 2.18403e-008
4.085 0.0002385 0.500396 2.1934e-008
4.09 0.0002535 0.503711 2.20224e-008
4.095 0.0002685 0.506362 2.21049e-008
4.1 0.0002835 0.508432 2.21815e-008
4.105 0.0002985 0.509991 2.22519e-008
4.11 0.0003135 0.511109 2.23162e-008
4.115 0.0003285 0.511864 2.23742e-008
4.12 0.0003435 0.512344 2.2426e-008
4.125 0.0003585 0.512648 2.24719e-008
4.13 0.0003735 0.512885 2.2512e-008
4.135 0.0003885 0.513168 2.25467e-008
4.14 0.0004035 0.513609 2.25763e-008
4.145 0.0004185 0.514317 2.26012e-008
4.15 0.0004335 0.515392 2.2622e-008
4.155 0.0004485 0.516919 2.26391e-008
4.16 0.0004635 0.518973 2.26531e-008
4.165 0.0004785 0.52161 2.26646e-008
4.17 0.0004935 0.524871 2.26742e-008
4.175 0.0005085 0.528782 2.26824e-008
4.18 0.0005235 0.533352 2.26897e-008
4.185 0.0005385 0.538582 2.26968e-008
4.19 0.0005535 0.544457 2.2704e-008
4.195 0.0005685 0.550957 2.27117e-008
4.2 0.0005835 0.558054 2.27203e-008
4.205 0.0005985 0.565716 2.273e-008
4.21 0.0006135 0.573907 2.2741e-008
4.215 0.0006285 0.582591 2.27534e-008
4.22 0.0006435 0.591733 2.27672e-008
4.225 0.0006585 0.601296 2.27823e-008
4.23 0.0006735 0.611246 2.27987e-008
4.235 0.0006885 0.621551 2.28162e-008
4.24 0.0007035 0.632178 2.28345e-008
4.245 0.0007185 0.643098 2.28535e-008
4.25 0.0007335 0.65428 2.28729e-008
4.255 0.0007485 0.665696 2.28924e-008
4.26 0.0007635 0.677317 2.29117e-008
4.265 0.0007785 0.689116 2.29308e-008
4.27 0.0007935 0.701064 2.29493e-008
4.275 0.0008085 0.713136 2.2967e-008
4.28 0.0008235 0.725306 2.29839e-008
4.285 0.0008385 0.737551 2.29997e-008
4.29 0.0008535 0.749849 2.30145e-008
4.295 0.0008685 0.76218 2.30282e-008
4.3 0.0008835 0.774528 2.30407e-008
4.305 0.0008985 0.786877 2.30521e-008
4.31 0.0009135 0.799214 2.30623e-008
4.315 0.0009285 0.811528 2.30715e-008
4.32 0.0009435 0.823809 2.30797e-008
4.325 0.0009585 0.836048 2.30869e-008
4.33 0.0009735 0.848236 2.30933e-008
4.335 0.0009885 0.860368 2.30988e-008
4.34 0.0010035 0.872435 2.31034e-008
4.345 0.0010185 0.884434 2.31073e-008
4.35 0.0010335 0.896359 2.31105e-008
4.355 0.0010485 0.908205 2.31129e-008
4.36 0.0010635 0.919971 2.31145e-008
4.365 0.0010785 0.931654 2.31154e-008
4.37 0.0010935 0.943252 2.31154e-008
4.375 0.0011085 0.954764 2.31147e-008
4.38 0.0011235 0.966192 2.3113e-008
4.385 0.0011385 0.977533 2.31105e-008
4.39 0.0011535 0.988789 2.3107e-008
4.395 0.0011685 0.99996 2.31026e-008
4.4 0.0011835 1.01105 2.30973e-008
4.405 0.0011985 1.02205 2.30912e-008
4.41 0.0012135 1.03297 2.30841e-008
4.415 0.0012285 1.04381 2.30764e-008
4.42 0.0012435 1.05457 2.30679e-008
4.425 0.0012585 1.06526 2.30589e-008
4.43 0.0012735 1.07588 2.30494e-008
4.435 0.0012885 1.08643 2.30397e-008
4.44 0.0013035 1.09692 2.30299e-008
4.445 0.0013185 1.10736 2.30201e-008
4.45 0.0013335 1.11776 2.30107e-008
4.455 0.0013485 1.12811 2.30016e-008
4.46 0.0013635 1.13844 2.29932e-008
4.465 0.0013785 1.14874 2.29856e-008
4.47 0.0013935 1.15904 2.29791e-008
4.475 0.0014085 1.16934 2.29737e-008
4.48 0.0014235 1.17965 2.29697e-008
4.485 0.0014385 1.18999 2.29672e-008
4.49 0.0014535 1.20036 2.29664e-008
4.495 0.0014685 1.21079 2.29674e-008
4.5 0.0014835 1.22128 2.29703e-008
4.505 0.0014985 1.23185 2.29754e-008
4.51 0.0015135 1.2425 2.29827e-008
4.515 0.0015285 1.25325 2.29923e-008
4.52 0.0015435 1.2641 2.30044e-008
4.525 0.0015585 1.27507 2.30191e-008
4.53 0.0015735 1.28616 2.30366e-008
4.535 0.0015885 1.29738 2.30568e-008
4.54 0.0016035 1.30873 2.308e-008
4.545 0.0016185 1.32022 2.31062e-008
4.55 0.0016335 1.33185 2.31355e-008
4.555 0.0016485 1.34362 2.3168e-008
4.56 0.0016635 1.35555 2.32038e-008
4.565 0.0016785 1.36764 2.32429e-008
4.57 0.0016935 1.37988 2.32853e-008
4.575 0.0017085 1.39229 2.33312e-008
4.58 0.0017235 1.40486 2.33804e-008
4.585 0.0017385 1.4176 2.34329e-008
4.59 0.0017535 1.43052 2.34889e-008
4.595 0.0017685 1.44361 2.35482e-008
4.6 0.0017835 1.45688 2.36108e-008
4.605 0.0017985 1.47034 2.36766e-008
4.61 0.0018135 1.48397 2.37456e-008
4.615 0.0018285 1.49778 2.38178e-008
4.62 0.0018435 1.51176 2.3893e-008
4.625 0.0018585 1.52592 2.39711e-008
4.63 0.0018735 1.54025 2.40521e-008
4.635 0.0018885 1.55474 2.41359e-008
4.64 0.0019035 1.56938 2.42224e-008
4.645 0.0019185 1.58416 2.43113e-008
4.65 0.0019335 1.59907 2.44027e-008
4.655 0.0019485 1.61411 2.44962e-008
4.66 0.0019635 1.62925 2.45917e-008
4.665 0.0019785 1.64449 2.46891e-008
4.67 0.0019935 1.6598 2.4788e-008
4.675 0.0020085 1.67519 2.48883e-008
4.68 0.0020235 1.69062 2.49897e-008
4.685 0.0020385 1.70609 2.50919e-008
4.69 0.0020535 1.72157 2.51946e-008
4.695 0.0020685 1.73706 2.52975e-008
4.7 0.0020835 1.75253 2.54004e-008
4.705 0.0020985 1.76798 2.55029e-008
4.71 0.0021135 1.78338 2.56048e-008
4.715 0.0021285 1.79871 2.57058e-008
4.72 0.0021435 1.81397 2.58058e-008
4.725 0.0021585 1.82914 2.59044e-008
4.73 0.0021735 1.84421 2.60016e-008
4.735 0.0021885 1.85917 2.60971e-008
4.74 0.0022035 1.87399 2.61908e-008
4.745 0.0022185 1.88869 2.62828e-008
4.75 0.0022335 1.90324 2.63729e-008
4.755 0.0022485 1.91765 2.64611e-008
4.76 0.0022635 1.9319 2.65476e-008
4.765 0.0022785 1.94599 2.66322e-008
4.77 0.0022935 1.95993 2.67151e-008
4.775 0.0023085 1.9737 2.67963e-008
4.78 0.0023235 1.98732 2.6876e-008
4.785 0.0023385 2.00077 2.69541e-008
4.79 0.0023535 2.01407 2.70309e-008
4.795 0.0023685 2.02723 2.71062e-008
4.8 0.0023835 2.04024 2.71801e-008
4.805 0.0023985 2.05313 2.72526e-008
4.81 0.0024135 2.06589 2.73235e-008
4.815 0.0024285 2.07853 2.73927e-008
4.82 0.0024435 2.09108 2.74601e-008
4.825 0.0024585 2.10353 2.75252e-008
4.83 0.0024735 2.11591 2.75879e-008
4.835 0.0024885 2.1282 2.76476e-008
4.84 0.0025035 2.14043 2.77038e-008
4.845 0.0025185 2.15259 2.77562e-008
4.85 0.0025335 2.16469 2.7804e-008
4.855 0.0025485 2.17672 2.78468e-008
4.86 0.0025635 2.18869 2.7884e-008
4.865 0.0025785 2.20059 2.79149e-008
4.87 0.0025935 2.21242 2.7939e-008
4.875 0.0026085 2.22417 2.79558e-008
4.88 0.0026235 2.23583 2.7965e-008
4.885 0.0026385 2.2474 2.79661e-008
4.89 0.0026535 2.25888 2.79591e-008
4.895 0.0026685 2.27025 2.79437e-008
4.9 0.0026835 2.28153 2.792e-008
4.905 0.0026985 2.29269 2.78883e-008
4.91 0.0027135 2.30375 2.78489e-008
4.915 0.0027285 2.31469 2.78022e-008
4.92 0.0027435 2.32553 2.77489e-008
4.925 0.0027585 2.33625 2.76898e-008
4.93 0.0027735 2.34686 2.76256e-008
4.935 0.0027885 2.35736 2.75574e-008
4.94 0.0028035 2.36776 2.74863e-008
4.945 0.0028185 2.37806 2.74132e-008
4.95 0.0028335 2.38827 2.73394e-008
4.955 0.0028485 2.3984 2.7266e-008
4.96 0.0028635 2.40846 2.71941e-008
4.965 0.0028785 2.41847 2.71249e-008
4.97 0.0028935 2.42845 2.70594e-008
4.975 0.0029085 2.43841 2.69987e-008
4.98 0.0029235 2.44838 2.69435e-008
4.985 0.0029385 2.45838 2.68947e-008
4.99 0.0029535 2.46842 2.68529e-008
4.995 0.0029685 2.47853 2.68188e-008
5 0.0029835 2.48873 2.67928e-008
5.005 0.0029985 2.49904 2.67752e-008
5.01 0.0029925 2.39832 2.67628e-008
5.015 0.0029775 2.29891 2.67371e-008
5.02 0.0029625 2.22612 2.66969e-008
5.025 0.0029475 2.16869 2.66465e-008
5.03 0.0029325 2.12178 2.659e-008
5.035 0.0029175 2.08291 2.65313e-008
5.04 0.0029025 2.05062 2.64739e-008
5.045 0.0028875 2.02399 2.6421e-008
5.05 0.0028725 2.00237 2.63752e-008
5.055 0.0028575 1.98527 2.63389e-008
5.06 0.0028425 1.9722 2.63139e-008
5.065 0.0028275 1.9627 2.63016e-008
5.07 0.0028125 1.95632 2.63029e-008
5.075 0.0027975 1.95256 2.63185e-008
5.08 0.0027825 1.95094 2.63486e-008
5.085 0.0027675 1.95104 2.63931e-008
5.09 0.0027525 1.95243 2.64516e-008
5.095 0.0027375 1.95479 2.6523e-008
5.1 0.0027225 1.95785 2.66059e-008
5.105 0.0027075 1.96137 2.66984e-008
5.11 0.0026925 1.9652 2.67981e-008
5.115 0.0026775 1.9692 2.69025e-008
5.12 0.0026625 1.97326 2.70087e-008
5.125 0.0026475 1.97731 2.71142e-008
5.13 0.0026325 1.98125 2.72167e-008
5.135 0.0026175 1.985 2.73142e-008
5.14 0.0026025 1.98849 2.74056e-008
5.145 0.0025875 1.99167 2.74899e-008
5.15 0.0025725 1.99447 2.75669e-008
5.155 0.0025575 1.99685 2.76368e-008
5.16 0.0025425 1.99877 2.77002e-008
5.165 0.0025275 2.0002 2.77577e-008
5.17 0.0025125 2.00111 2.78104e-008
5.175 0.0024975 2.00147 2.78593e-008
5.18 0.0024825 2.00123 2.79053e-008
5.185 0.0024675 2.00037 2.79491e-008
5.19 0.0024525 1.99885 2.79913e-008
5.195 0.0024375 1.99665 2.80323e-008
5.2 0.0024225 1.99373 2.80721e-008
5.205 0.0024075 1.99008 2.81106e-008
5.21 0.0023925 1.98569 2.81474e-008
5.215 0.0023775 1.98055 2.81817e-008
5.22 0.0023625 1.97468 2.82129e-008
5.225 0.0023475 1.96808 2.82401e-008
5.23 0.0023325 1.96079 2.82624e-008
5.235 0.0023175 1.95283 2.82791e-008
5.24 0.0023025 1.94423 2.82893e-008
5.245 0.0022875 1.93504 2.82927e-008
5.25 0.0022725 1.9253 2.82888e-008
5.255 0.0022575 1.91504 2.82774e-008
5.26 0.0022425 1.90431 2.82586e-008
5.265 0.0022275 1.89315 2.82328e-008
5.27 0.0022125 1.88161 2.82004e-008
5.275 0.0021975 1.86972 2.81621e-008
5.28 0.0021825 1.85752 2.81186e-008
5.285 0.0021675 1.84506 2.80707e-008
5.29 0.0021525 1.83236 2.80194e-008
5.295 0.0021375 1.81945 2.79653e-008
5.3 0.0021225 1.80637 2.79093e-008
5.305 0.0021075 1.79312 2.78519e-008
5.31 0.0020925 1.77973 2.77936e-008
5.315 0.0020775 1.76621 2.77346e-008
5.32 0.0020625 1.75257 2.76752e-008
5.325 0.0020475 1.73882 2.76153e-008
5.33 0.0020325 1.72495 2.75548e-008
5.335 0.0020175 1.71099 2.74935e-008
5.34 0.0020025 1.69692 2.74312e-008
5.345 0.0019875 1.68277 2.73677e-008
5.35 0.0019725 1.66853 2.73026e-008
5.355 0.0019575 1.65422 2.72358e-008
5.36 0.0019425 1.63983 2.71671e-008
5.365 0.0019275 1.62539 2.70964e-008
5.37 0.0019125 1.6109 2.70237e-008
5.375 0.0018975 1.59636 2.69492e-008
5.38 0.0018825 1.5818 2.68728e-008
5.385 0.0018675 1.56723 2.67949e-008
5.39 0.0018525 1.55264 2.67157e-008
5.395 0.0018375 1.53806 2.66354e-008
5.4 0.0018225 1.52349 2.65543e-008
5.405 0.0018075 1.50893 2.64728e-008
5.41 0.0017925 1.49439 2.63911e-008
5.415 0.0017775 1.47988 2.63095e-008
5.42 0.0017625 1.4654 2.62283e-008
5.425 0.0017475 1.45095 2.61478e-008
5.43 0.0017325 1.43653 2.60682e-008
5.435 0.0017175 1.42213 2.59896e-008
5.44 0.0017025 1.40777 2.59123e-008
5.445 0.0016875 1.39344 2.58364e-008
5.45 0.0016725 1.37914 2.57621e-008
5.455 0.0016575 1.36488 2.56895e-008
5.46 0.0016425 1.35065 2.56186e-008
5.465 0.0016275 1.33647 2.55497e-008
5.47 0.0016125 1.32232 2.54827e-008
5.475 0.0015975 1.30822 2.54176e-008
5.48 0.0015825 1.29417 2.53547e-008
5.485 0.0015675 1.28016 2.52938e-008
5.49 0.0015525 1.26622 2.52349e-008
5.495 0.0015375 1.25233 2.5178e-008
5.5 0.0015225 1.2385 2.51232e-008
5.505 0.0015075 1.22474 2.50703e-008
5.51 0.0014925 1.21104 2.50193e-008
5.515 0.0014775 1.19741 2.497e-008
5.52 0.0014625 1.18384 2.49225e-008
5.525 0.0014475 1.17034 2.48765e-008
5.53 0.0014325 1.15691 2.4832e-008
5.535 0.0014175 1.14355 2.47889e-008
5.54 0.0014025 1.13026 2.47472e-008
5.545 0.0013875 1.11704 2.47065e-008
5.55 0.0013725 1.10388 2.4667e-008
5.555 0.0013575 1.09079 2.46286e-008
5.56 0.0013425 1.07776 2.4591e-008
5.565 0.0013275 1.0648 2.45544e-008
5.57 0.0013125 1.0519 2.45186e-008
5.575 0.0012975 1.03906 2.44836e-008
5.58 0.0012825 1.02627 2.44494e-008
5.585 0.0012675 1.01355 2.44159e-008
5.59 0.0012525 1.00088 2.4383e-008
5.595 0.0012375 0.988258 2.43508e-008
5.6 0.0012225 0.975688 2.43191e-008
5.605 0.0012075 0.963166 2.4288e-008
5.61 0.0011925 0.950688 2.42574e-008
5.615 0.0011775 0.938254 2.42272e-008
5.62 0.0011625 0.925861 2.41973e-008
5.625 0.0011475 0.913507 2.41677e-008
5.63 0.0011325 0.90119 2.41382e-008
5.635 0.0011175 0.888908 2.41089e-008
5.64 0.0011025 0.876661 2.40795e-008
5.645 0.0010875 0.864447 2.40499e-008
5.65 0.0010725 0.852264 2.40202e-008
5.655 0.0010575 0.840112 2.39901e-008
5.66 0.0010425 0.827991 2.39595e-008
5.665 0.0010275 0.815899 2.39283e-008
5.67 0.0010125 0.803836 2.38965e-008
5.675 0.0009975 0.791802 2.3864e-008
5.68 0.0009825 0.779797 2.38306e-008
5.685 0.0009675 0.76782 2.37964e-008
5.69 0.0009525 0.755872 2.37612e-008
5.695 0.0009375 0.743952 2.3725e-008
5.7 0.0009225 0.732059 2.36878e-008
5.705 0.0009075 0.720194 2.36495e-008
5.71 0.0008925 0.708355 2.36103e-008
5.715 0.0008775 0.696542 2.357e-008
5.72 0.0008625 0.684754 2.35288e-008
5.725 0.0008475 0.672988 2.34866e-008
5.73 0.0008325 0.661244 2.34436e-008
5.735 0.0008175 0.649519 2.33998e-008
5.74 0.0008025 0.637811 2.33553e-008
5.745 0.0007875 0.626117 2.33101e-008
5.75 0.0007725 0.614434 2.32645e-008
5.755 0.0007575 0.602759 2.32185e-008
5.76 0.0007425 0.59109 2.31722e-008
5.765 0.0007275 0.579422 2.31258e-008
5.77 0.0007125 0.567753 2.30793e-008
5.775 0.0006975 0.556078 2.30328e-008
5.78 0.0006825 0.544395 2.29866e-008
5.785 0.0006675 0.532699 2.29406e-008
5.79 0.0006525 0.520988 2.2895e-008
5.795 0.0006375 0.509259 2.28498e-008
5.8 0.0006225 0.497509 2.28052e-008
5.805 0.0006075 0.485734 2.27612e-008
5.81 0.0005925 0.473933 2.27179e-008
5.815 0.0005775 0.462104 2.26753e-008
5.82 0.0005625 0.450244 2.26335e-008
5.825 0.0005475 0.438352 2.25924e-008
5.83 0.0005325 0.426426 2.25521e-008
5.835 0.0005175 0.414465 2.25126e-008
5.84 0.0005025 0.402468 2.24738e-008
5.845 0.0004875 0.390434 2.24358e-008
5.85 0.0004725 0.378361 2.23985e-008
5.855 0.0004575 0.36625 2.23618e-008
5.86 0.0004425 0.354098 2.23257e-008
5.865 0.0004275 0.341907 2.22901e-008
5.87 0.0004125 0.329675 2.2255e-008
5.875 0.0003975 0.317402 2.22202e-008
5.88 0.0003825 0.305087 2.21858e-008
5.885 0.0003675 0.29273 2.21516e-008
5.89 0.0003525 0.280331 2.21176e-008
5.895 0.0003375 0.267889 2.20836e-008
5.9 0.0003225 0.255406 2.20496e-008
5.905 0.0003075 0.24288 2.20155e-008
5.91 0.0002925 0.230312 2.19812e-008
5.915 0.0002775 0.217704 2.19467e-008
5.92 0.0002625 0.205055 2.19119e-008
5.925 0.0002475 0.192367 2.18767e-008
5.93 0.0002325 0.179642 2.18411e-008
5.935 0.0002175 0.166881 2.1805e-008
5.94 0.0002025 0.154086 2.17685e-008
5.945 0.0001875 0.14126 2.17313e-008
5.95 0.0001725 0.128406 2.16936e-008
5.955 0.0001575 0.115526 2.16553e-008
5.96 0.0001425 0.102625 2.16163e-008
5.965 0.0001275 0.0897058 2.15767e-008
5.97 0.0001125 0.0767731 2.15365e-008
5.975 9.75e-005 0.0638315 2.14957e-008
5.98 8.25e-005 0.0508858 2.14542e-008
5.985 6.75e-005 0.0379414 2.14122e-008
5.99 5.25e-005 0.0250039 2.13695e-008
5.995 3.75e-005 0.0120794 2.13263e-008
6 2.25e-005 -0.000825736 2.12826e-008
6.005 7.5e-006 -0.0137046 2.12383e-008
6.01 4.5e-006 0.0425218 2.11948e-008
6.015 1.95e-005 0.159416 2.11762e-008
6.02 3.45e-005 0.240664 2.11918e-008
6.025 4.95e-005 0.300772 2.1233e-008
6.03 6.45e-005 0.346936 2.12922e-008
6.035 7.95e-005 0.383174 2.13636e-008
6.04 9.45e-005 0.41196 2.14431e-008
6.045 0.0001095 0.434943 2.15276e-008
6.05 0.0001245 0.453293 2.16148e-008
6.055 0.0001395 0.467885 2.17027e-008
6.06 0.0001545 0.479393 2.17901e-008
6.065 0.0001695 0.488354 2.18756e-008
6.07 0.0001845 0.4952 2.19584e-008
6.075 0.0001995 0.500287 2.20375e-008
6.08 0.0002145 0.503906 2.21122e-008
6.085 0.0002295 0.506298 2.2182e-008
6.09 0.0002445 0.507666 2.22462e-008
6.095 0.0002595 0.508184 2.23043e-008
6.1 0.0002745 0.508004 2.23561e-008
6.105 0.0002895 0.507268 2.24012e-008
6.11 0.0003045 0.506107 2.24394e-008
6.115 0.0003195 0.504653 2.24707e-008
6.12 0.0003345 0.503031 2.2495e-008
6.125 0.0003495 0.501365 2.25124e-008
6.13 0.0003645 0.499772 2.25232e-008
6.135 0.0003795 0.498364 2.25276e-008
6.14 0.0003945 0.497241 2.25259e-008
6.145 0.0004095 0.496495 2.25188e-008
6.15 0.0004245 0.496202 2.25066e-008
6.155 0.0004395 0.49643 2.249e-008
6.16 0.0004545 0.497232 2.24697e-008
6.165 0.0004695 0.498647 2.24462e-008
6.17 0.0004845 0.500706 2.24203e-008
6.175 0.0004995 0.503428 2.23926e-008
6.18 0.0005145 0.506823 2.23639e-008
6.185 0.0005295 0.510892 2.23349e-008
6.19 0.0005445 0.515629 2.2306e-008
6.195 0.0005595 0.521022 2.2278e-008
6.2 0.0005745 0.527052 2.22513e-008
6.205 0.0005895 0.533699 2.22265e-008
6.21 0.0006045 0.540935 2.22038e-008
6.215 0.0006195 0.548733 2.21835e-008
6.22 0.0006345 0.557062 2.2166e-008
6.225 0.0006495 0.565891 2.21512e-008
6.23 0.0006645 0.575186 2.21394e-008
6.235 0.0006795 0.584915 2.21304e-008
6.24 0.0006945 0.595047 2.21243e-008
6.245 0.0007095 0.605549 2.21209e-008
6.25 0.0007245 0.616392 2.21201e-008
6.255 0.0007395 0.627545 2.21216e-008
6.26 0.0007545 0.638981 2.21255e-008
6.265 0.0007695 0.65067 2.21314e-008
6.27 0.0007845 0.662586 2.21391e-008
6.275 0.0007995 0.674704 2.21487e-008
6.28 0.0008145 0.686998 2.21598e-008
6.285 0.0008295 0.699444 2.21724e-008
6.29 0.0008445 0.712019 2.21863e-008
6.295 0.0008595 0.724701 2.22016e-008
6.3 0.0008745 0.737471 2.22182e-008
6.305 0.0008895 0.750309 2.22361e-008
6.31 0.0009045 0.763198 2.22551e-008
6.315 0.0009195 0.776123 2.22755e-008
6.32 0.0009345 0.789068 2.2297e-008
6.325 0.0009495 0.802022 2.23198e-008
6.33 0.0009645 0.814971 2.23438e-008
6.335 0.0009795 0.827907 2.23691e-008
6.34 0.0009945 0.84082 2.23955e-008
6.345 0.0010095 0.853701 2.24231e-008
6.35 0.0010245 0.866544 2.24519e-008
6.355 0.0010395 0.879341 2.24817e-008
6.36 0.0010545 0.892087 2.25125e-008
6.365 0.0010695 0.904778 2.25441e-008
6.37 0.0010845 0.917409 2.25765e-008
6.375 0.0010995 0.929977 2.26096e-008
6.38 0.0011145 0.942481 2.26431e-008
6.385 0.0011295 0.954917 2.26771e-008
6.39 0.0011445 0.967285 2.27113e-008
6.395 0.0011595 0.979584 2.27457e-008
6.4 0.0011745 0.991814 2.27801e-008
6.405 0.0011895 1.00398 2.28145e-008
6.41 0.0012045 1.01607 2.28487e-008
6.415 0.0012195 1.0281 2.28827e-008
6.42 0.0012345 1.04006 2.29164e-008
6.425 0.0012495 1.05197 2.29498e-008
6.43 0.0012645 1.06382 2.29829e-008
6.435 0.0012795 1.07562 2.30158e-008
6.44 0.0012945 1.08738 2.30483e-008
6.445 0.0013095 1.09909 2.30806e-008
6.45 0.0013245 1.11078 2.31127e-008
6.455 0.0013395 1.12243 2.31446e-008
6.46 0.0013545 1.13407 2.31765e-008
6.465 0.0013695 1.14569 2.32084e-008
6.47 0.0013845 1.15731 2.32403e-008
6.475 0.0013995 1.16893 2.32723e-008
6.48 0.0014145 1.18056 2.33044e-008
6.485 0.0014295 1.1922 2.33368e-008
6.49 0.0014445 1.20387 2.33694e-008
6.495 0.0014595 1.21556 2.34024e-008
6.5 0.0014745 1.22729 2.34356e-008
6.505 0.0014895 1.23906 2.34692e-008
6.51 0.0015045 1.25088 2.35033e-008
6.515 0.0015195 1.26274 2.35377e-008
6.52 0.0015345 1.27466 2.35726e-008
6.525 0.0015495 1.28663 2.36079e-008
6.53 0.0015645 1.29866 2.36438e-008
6.535 0.0015795 1.31074 2.36801e-008
6.54 0.0015945 1.32287 2.3717e-008
6.545 0.0016095 1.33507 2.37545e-008
6.55 0.0016245 1.34732 2.37926e-008
6.555 0.0016395 1.35963 2.38312e-008
6.56 0.0016545 1.372 2.38706e-008
6.565 0.0016695 1.38442 2.39106e-008
6.57 0.0016845 1.39691 2.39513e-008
6.575 0.0016995 1.40946 2.39927e-008
6.58 0.0017145 1.42206 2.40348e-008
6.585 0.0017295 1.43474 2.40776e-008
6.59 0.0017445 1.44747 2.41211e-008
6.595 0.0017595 1.46028 2.41653e-008
6.6 0.0017745 1.47315 2.42101e-008
6.605 0.0017895 1.48609 2.42556e-008
6.61 0.0018045 1.49911 2.43018e-008
6.615 0.0018195 1.5122 2.43485e-008
6.62 0.0018345 1.52536 2.43959e-008
6.625 0.0018495 1.53859 2.44438e-008
6.63 0.0018645 1.61554 2.44956e-008
6.635 0.0018795 1.62816 2.45426e-008
6.64 0.0018945 1.63879 2.45781e-008
6.645 0.0019095 1.64925 2.46021e-008
6.65 0.0019245 1.65971 2.46151e-008
6.655 0.0019395 1.67009 2.46173e-008
6.66 0.0019545 1.68032 2.46088e-008
6.665 0.0019695 1.69037 2.45898e-008
6.67 0.0019845 1.70029 2.45604e-008
6.675 0.0019995 1.71016 2.45209e-008
6.68 0.0020145 1.72013 2.44719e-008
6.685 0.0020295 1.73033 2.44144e-008
6.69 0.0020445 1.74088 2.43504e-008
6.695 0.0020595 1.75188 2.42823e-008
6.7 0.0020745 1.76338 2.42131e-008
6.705 0.0020895 1.77538 2.41461e-008
6.71 0.0021045 1.78786 2.4085e-008
6.715 0.0021195 1.80074 2.40331e-008
6.72 0.0021345 1.81395 2.39936e-008
6.725 0.0021495 1.82739 2.39687e-008
6.73 0.0021645 1.84099 2.39601e-008
6.735 0.0021795 1.85464 2.3968e-008
6.74 0.0021945 1.8683 2.39915e-008
6.745 0.0022095 1.88191 2.40288e-008
6.75 0.0022245 1.89545 2.40774e-008
6.755 0.0022395 1.90889 2.41345e-008
6.76 0.0022545 1.92225 2.41975e-008
6.765 0.0022695 1.93553 2.42643e-008
6.77 0.0022845 1.94875 2.43332e-008
6.775 0.0022995 1.96191 2.44031e-008
6.78 0.0023145 1.97503 2.44736e-008
6.785 0.0023295 1.98811 2.45444e-008
6.79 0.0023445 2.00116 2.46157e-008
6.795 0.0023595 2.01419 2.46875e-008
6.8 0.0023745 2.02718 2.476e-008
6.805 0.0023895 2.04016 2.48334e-008
6.81 0.0024045 2.05312 2.49076e-008
6.815 0.0024195 2.06606 2.49826e-008
6.82 0.0024345 2.07897 2.50581e-008
6.825 0.0024495 2.09184 2.51335e-008
6.83 0.0024645 2.10467 2.52082e-008
6.835 0.0024795 2.11742 2.52816e-008
6.84 0.0024945 2.13008 2.53527e-008
6.845 0.0025095 2.14262 2.54205e-008
6.85 0.0025245 2.15503 2.5484e-008
6.855 0.0025395 2.16729 2.55423e-008
6.86 0.0025545 2.17938 2.55943e-008
6.865 0.0025695 2.19131 2.56394e-008
6.87 0.0025845 2.20305 2.56767e-008
6.875 0.0025995 2.21462 2.57059e-008
6.88 0.0026145 2.22601 2.57265e-008
6.885 0.0026295 2.23723 2.57386e-008
6.89 0.0026445 2.24828 2.57424e-008
6.895 0.0026595 2.25919 2.57381e-008
6.9 0.0026745 2.26997 2.57266e-008
6.905 0.0026895 2.28066 2.57084e-008
6.91 0.0027045 2.29127 2.56848e-008
6.915 0.0027195 2.30184 2.56568e-008
6.92 0.0027345 2.3124 2.56258e-008
6.925 0.0027495 2.32298 2.5593e-008
6.93 0.0027645 2.33363 2.55598e-008
6.935 0.0027795 2.34438 2.55277e-008
6.94 0.0027945 2.35526 2.5498e-008
6.945 0.0028095 2.36631 2.54719e-008
6.95 0.0028245 2.37757 2.54507e-008
6.955 0.0028395 2.38907 2.54355e-008
6.96 0.0028545 2.40082 2.5427e-008
6.965 0.0028695 2.41286 2.54262e-008
6.97 0.0028845 2.4252 2.54337e-008
6.975 0.0028995 2.43784 2.54499e-008
6.98 0.0029145 2.45079 2.5475e-008
6.985 0.0029295 2.46404 2.55093e-008
6.99 0.0029445 2.47759 2.55527e-008
6.995 0.0029595 2.49142 2.56048e-008
7 0.0029745 2.50552 2.56654e-008
7.005 0.0029895 2.51987 2.57338e-008
7.01 0.0030015 2.51516 2.58094e-008
7.015 0.0029865 2.38727 2.58805e-008
7.02 0.0029715 2.30226 2.59319e-008
7.025 0.0029565 2.23783 2.59651e-008
7.03 0.0029415 2.18639 2.59836e-008
7.035 0.0029265 2.14448 2.59904e-008
7.04 0.0029115 2.11027 2.5989e-008
7.045 0.0028965 2.08264 2.59824e-008
7.05 0.0028815 2.06083 2.59738e-008
7.055 0.0028665 2.04424 2.59663e-008
7.06 0.0028515 2.0323 2.59629e-008
7.065 0.0028365 2.0244 2.59666e-008
7.07 0.0028215 2.01993 2.59808e-008
7.075 0.0028065 2.01821 2.60086e-008
7.08 0.0027915 2.01861 2.60527e-008
7.085 0.0027765 2.02049 2.61151e-008
7.09 0.0027615 2.02331 2.61953e-008
7.095 0.0027465 2.02662 2.62909e-008
7.1 0.0027315 2.03008 2.63974e-008
7.105 0.0027165 2.03342 2.65085e-008
7.11 0.0027015 2.0365 2.66179e-008
7.115 0.0026865 2.0392 2.67193e-008
7.12 0.0026715 2.04146 2.68081e-008
7.125 0.0026565 2.0432 2.6881e-008
7.13 0.0026415 2.04439 2.69364e-008
7.135 0.0026265 2.04501 2.69744e-008
7.14 0.0026115 2.04503 2.69958e-008
7.145 0.0025965 2.04445 2.70028e-008
7.15 0.0025815 2.04327 2.69978e-008
7.155 0.0025665 2.0415 2.69835e-008
7.16 0.0025515 2.03919 2.69626e-008
7.165 0.0025365 2.03636 2.69375e-008
7.17 0.0025215 2.03304 2.69106e-008
7.175 0.0025065 2.02923 2.68835e-008
7.18 0.0024915 2.02492 2.68575e-008
7.185 0.0024765 2.02009 2.68333e-008
7.19 0.0024615 2.01472 2.68113e-008
7.195 0.0024465 2.00877 2.67911e-008
7.2 0.0024315 2.00221 2.67722e-008
7.205 0.0024165 1.99501 2.67538e-008
7.21 0.0024015 1.98718 2.67349e-008
7.215 0.0023865 1.97871 2.67145e-008
7.22 0.0023715 1.96961 2.66916e-008
7.225 0.0023565 1.95993 2.66654e-008
7.23 0.0023415 1.94971 2.66354e-008
7.235 0.0023265 1.93899 2.66011e-008
7.24 0.0023115 1.92786 2.65626e-008
7.245 0.0022965 1.91636 2.65199e-008
7.25 0.0022815 1.90457 2.64734e-008
7.255 0.0022665 1.89255 2.64238e-008
7.26 0.0022515 1.88037 2.63718e-008
7.265 0.0022365 1.86807 2.63182e-008
7.27 0.0022215 1.85569 2.62637e-008
7.275 0.0022065 1.84328 2.62092e-008
7.28 0.0021915 1.83087 2.61555e-008
7.285 0.0021765 1.81847 2.61029e-008
7.29 0.0021615 1.80611 2.60522e-008
7.295 0.0021465 1.79378 2.60035e-008
7.3 0.0021315 1.78149 2.59571e-008
7.305 0.0021165 1.76925 2.59133e-008
7.31 0.0021015 1.75704 2.58721e-008
7.315 0.0020865 1.74486 2.58335e-008
7.32 0.0020715 1.73271 2.57978e-008
7.325 0.0020565 1.72059 2.5765e-008
7.33 0.0020415 1.70849 2.57353e-008
7.335 0.0020265 1.69642 2.57087e-008
7.34 0.0020115 1.68437 2.56855e-008
7.345 0.0019965 1.67235 2.56656e-008
7.35 0.0019815 1.66037 2.56492e-008
7.355 0.0019665 1.64842 2.56363e-008
7.36 0.0019515 1.63651 2.56267e-008
7.365 0.0019365 1.62465 2.56203e-008
7.37 0.0019215 1.61284 2.56169e-008
7.375 0.0019065 1.60107 2.56159e-008
7.38 0.0018915 1.58934 2.5617e-008
7.385 0.0018765 1.57764 2.56196e-008
7.39 0.0018615 1.56596 2.56232e-008
7.395 0.0018465 1.55427 2.5627e-008
7.4 0.0018315 1.54255 2.56304e-008
7.405 0.0018165 1.53078 2.56327e-008
7.41 0.0018015 1.51893 2.56333e-008
7.415 0.0017865 1.50696 2.56316e-008
7.42 0.0017715 1.49484 2.5627e-008
7.425 0.0017565 1.48255 2.5619e-008
7.43 0.0017415 1.47005 2.56072e-008
7.435 0.0017265 1.45733 2.55913e-008
7.44 0.0017115 1.44437 2.55709e-008
7.445 0.0016965 1.43115 2.5546e-008
7.45 0.0016815 1.41768 2.55163e-008
7.455 0.0016665 1.40394 2.5482e-008
7.46 0.0016515 1.38995 2.54429e-008
7.465 0.0016365 1.37572 2.53992e-008
7.47 0.0016215 1.36127 2.53512e-008
7.475 0.0016065 1.34661 2.52988e-008
7.48 0.0015915 1.33176 2.52426e-008
7.485 0.0015765 1.31676 2.51826e-008
7.49 0.0015615 1.30161 2.51193e-008
7.495 0.0015465 1.28635 2.5053e-008
7.5 0.0015315 1.271 2.49841e-008
7.505 0.0015165 1.25559 2.4913e-008
7.51 0.0015015 1.24012 2.484e-008
7.515 0.0014865 1.22464 2.47657e-008
7.52 0.0014715 1.20915 2.46903e-008
7.525 0.0014565 1.19369 2.46144e-008
7.53 0.0014415 1.17827 2.45383e-008
7.535 0.0014265 1.16291 2.44624e-008
7.54 0.0014115 1.14764 2.43871e-008
7.545 0.0013965 1.13247 2.43127e-008
7.55 0.0013815 1.11743 2.42396e-008
7.555 0.0013665 1.10253 2.41681e-008
7.56 0.0013515 1.0878 2.40985e-008
7.565 0.0013365 1.07324 2.40311e-008
7.57 0.0013215 1.05888 2.3966e-008
7.575 0.0013065 1.04471 2.39035e-008
7.58 0.0012915 1.03076 2.38437e-008
7.585 0.0012765 1.01703 2.37868e-008
7.59 0.0012615 1.00352 2.37328e-008
7.595 0.0012465 0.990239 2.36818e-008
7.6 0.0012315 0.977185 2.36338e-008
7.605 0.0012165 0.964356 2.35888e-008
7.61 0.0012015 0.951747 2.35469e-008
7.615 0.0011865 0.93935 2.35078e-008
7.62 0.0011715 0.927158 2.34715e-008
7.625 0.0011565 0.915158 2.3438e-008
7.63 0.0011415 0.903336 2.3407e-008
7.635 0.0011265 0.891679 2.33784e-008
7.64 0.0011115 0.88017 2.3352e-008
7.645 0.0010965 0.868792 2.33277e-008
7.65 0.0010815 0.857527 2.33052e-008
7.655 0.0010665 0.846357 2.32843e-008
7.66 0.0010515 0.835265 2.32649e-008
7.665 0.0010365 0.824234 2.32466e-008
7.67 0.0010215 0.813246 2.32293e-008
7.675 0.0010065 0.802286 2.32128e-008
7.68 0.0009915 0.791341 2.31969e-008
7.685 0.0009765 0.780398 2.31813e-008
7.69 0.0009615 0.769444 2.31659e-008
7.695 0.0009465 0.75847 2.31505e-008
7.7 0.0009315 0.747467 2.31349e-008
7.705 0.0009165 0.736427 2.31191e-008
7.71 0.0009015 0.725342 2.31029e-008
7.715 0.0008865 0.714208 2.30861e-008
7.72 0.0008715 0.703017 2.30687e-008
7.725 0.0008565 0.691765 2.30506e-008
7.73 0.0008415 0.680447 2.30318e-008
7.735 0.0008265 0.669058 2.30121e-008
7.74 0.0008115 0.657594 2.29917e-008
7.745 0.0007965 0.646049 2.29703e-008
7.75 0.0007815 0.634421 2.29481e-008
7.755 0.0007665 0.622704 2.29251e-008
7.76 0.0007515 0.610894 2.29011e-008
7.765 0.0007365 0.598988 2.28763e-008
7.77 0.0007215 0.586983 2.28506e-008
7.775 0.0007065 0.574874 2.28241e-008
7.78 0.0006915 0.56266 2.27967e-008
7.785 0.0006765 0.55034 2.27685e-008
7.79 0.0006615 0.537911 2.27395e-008
7.795 0.0006465 0.525375 2.27097e-008
7.8 0.0006315 0.512731 2.26792e-008
7.805 0.0006165 0.49998 2.26478e-008
7.81 0.0006015 0.487125 2.26156e-008
7.815 0.0005865 0.474169 2.25826e-008
7.82 0.0005715 0.461114 2.25488e-008
7.825 0.0005565 0.447965 2.25143e-008
7.83 0.0005415 0.434726 2.24789e-008
7.835 0.0005265 0.421402 2.24426e-008
7.84 0.0005115 0.407997 2.24056e-008
7.845 0.0004965 0.394519 2.23677e-008
7.85 0.0004815 0.380971 2.2329e-008
7.855 0.0004665 0.367361 2.22894e-008
7.86 0.0004515 0.353694 2.2249e-008
7.865 0.0004365 0.339976 2.22078e-008
7.87 0.0004215 0.326214 2.21657e-008
7.875 0.0004065 0.312414 2.21229e-008
7.88 0.0003915 0.298583 2.20793e-008
7.885 0.0003765 0.284727 2.20349e-008
7.89 0.0003615 0.270853 2.19898e-008
7.895 0.0003465 0.256968 2.19441e-008
7.9 0.0003315 0.243079 2.18977e-008
7.905 0.0003165 0.229193 2.18507e-008
7.91 0.0003015 0.215317 2.18033e-008
7.915 0.0002865 0.201458 2.17554e-008
7.92 0.0002715 0.187625 2.17071e-008
7.925 0.0002565 0.173823 2.16585e-008
7.93 0.0002415 0.160061 2.16097e-008
7.935 0.0002265 0.146346 2.15608e-008
7.94 0.0002115 0.132685 2.15118e-008
7.945 0.0001965 0.119088 2.14628e-008
7.95 0.0001815 0.105561 2.14139e-008
7.955 0.0001665 0.0921118 2.13652e-008
7.96 0.0001515 0.0787488 2.13168e-008
7.965 0.0001365 0.06548 2.12687e-008
7.97 0.0001215 0.0523132 2.1221e-008
7.975 0.0001065 0.0392568 2.11738e-008
7.98 9.15e-005 0.0263191 2.11271e-008
7.985 7.65e-005 0.0135088 2.10811e-008
7.99 6.15e-005 0.000834653 2.10357e-008
7.995 4.65e-005 -0.0116939 2.09911e-008
8 3.15e-005 -0.0240672 2.09472e-008
8.005 1.65e-005 -0.036275 2.09042e-008
8.01 1.5e-006 -0.0483061 2.08619e-008
8.015 1.05e-005 0.0723482 2.08292e-008
8.02 2.55e-005 0.178812 2.08367e-008
8.025 4.05e-005 0.254638 2.08801e-008
8.03 5.55e-005 0.311039 2.09485e-008
8.035 7.05e-005 0.354136 2.10337e-008
8.04 8.55e-005 0.387622 2.11298e-008
8.045 0.0001005 0.413927 2.12326e-008
8.05 0.0001155 0.434765 2.13391e-008
8.055 0.0001305 0.451403 2.14468e-008
8.06 0.0001455 0.464816 2.15538e-008
8.065 0.0001605 0.475765 2.16584e-008
8.07 0.0001755 0.484848 2.1759e-008
8.075 0.0001905 0.492524 2.18539e-008
8.08 0.0002055 0.499131 2.19418e-008
8.085 0.0002205 0.504902 2.20212e-008
8.09 0.0002355 0.509975 2.2091e-008
8.095 0.0002505 0.514419 2.21499e-008
8.1 0.0002655 0.518251 2.21972e-008
8.105 0.0002805 0.521468 2.22324e-008
8.11 0.0002955 0.524064 2.22553e-008
8.115 0.0003105 0.526053 2.2266e-008
8.12 0.0003255 0.527473 2.2265e-008
8.125 0.0003405 0.528396 2.2253e-008
8.13 0.0003555 0.528921 2.22312e-008
8.135 0.0003705 0.529169 2.22008e-008
8.14 0.0003855 0.529278 2.21633e-008
8.145 0.0004005 0.529399 2.21202e-008
8.15 0.0004155 0.529681 2.2073e-008
8.155 0.0004305 0.530241 2.20232e-008
8.16 0.0004455 0.531214 2.19724e-008
8.165 0.0004605 0.532742 2.19217e-008
8.17 0.0004755 0.534933 2.18724e-008
8.175 0.0004905 0.537835 2.18254e-008
8.18 0.0005055 0.541489 2.17814e-008
8.185 0.0005205 0.545916 2.1741e-008
8.19 0.0005355 0.551112 2.17044e-008
8.195 0.0005505 0.557053 2.16717e-008
8.2 0.0005655 0.563695 2.16428e-008
8.205 0.0005805 0.570979 2.16174e-008
8.21 0.0005955 0.578843 2.15952e-008
8.215 0.0006105 0.587222 2.15759e-008
8.22 0.0006255 0.596054 2.1559e-008
8.225 0.0006405 0.605287 2.15444e-008
8.23 0.0006555 0.614877 2.15318e-008
8.235 0.0006705 0.624789 2.15211e-008
8.24 0.0006855 0.634993 2.15122e-008
8.245 0.0007005 0.645466 2.15051e-008
8.25 0.0007155 0.656183 2.14999e-008
8.255 0.0007305 0.667115 2.14964e-008
8.26 0.0007455 0.678231 2.14948e-008
8.265 0.0007605 0.689493 2.14948e-008
8.27 0.0007755 0.700856 2.14964e-008
8.275 0.0007905 0.712278 2.14995e-008
8.28 0.0008055 0.723711 2.15039e-008
8.285 0.0008205 0.735115 2.15093e-008
8.29 0.0008355 0.746454 2.15155e-008
8.295 0.0008505 0.757699 2.15224e-008
8.3 0.0008655 0.768831 2.15297e-008
8.305 0.0008805 0.779837 2.15374e-008
8.31 0.0008955 0.790713 2.15453e-008
8.315 0.0009105 0.801458 2.15533e-008
8.32 0.0009255 0.812077 2.15616e-008
8.325 0.0009405 0.822573 2.15701e-008
8.33 0.0009555 0.832954 2.1579e-008
8.335 0.0009705 0.843224 2.15883e-008
8.34 0.0009855 0.853391 2.15982e-008
8.345 0.0010005 0.863461 2.16089e-008
8.35 0.0010155 0.873444 2.16203e-008
8.355 0.0010305 0.883348 2.16327e-008
8.36 0.0010455 0.893185 2.16461e-008
8.365 0.0010605 0.902968 2.16606e-008
8.37 0.0010755 0.912712 2.16761e-008
8.375 0.0010905 0.922429 2.16927e-008
8.38 0.0011055 0.932133 2.17103e-008
8.385 0.0011205 0.941837 2.17288e-008
8.39 0.0011355 0.951551 2.17482e-008
8.395 0.0011505 0.961286 2.17684e-008
8.4 0.0011655 0.971052 2.17894e-008
8.405 0.0011805 0.980859 2.1811e-008
8.41 0.0011955 0.990718 2.18332e-008
8.415 0.0012105 1.00064 2.18561e-008
8.42 0.0012255 1.01065 2.18795e-008
8.425 0.0012405 1.02075 2.19036e-008
8.43 0.0012555 1.03097 2.19285e-008
8.435 0.0012705 1.04134 2.19542e-008
8.44 0.0012855 1.05187 2.19808e-008
8.445 0.0013005 1.06259 2.20086e-008
8.45 0.0013155 1.07353 2.20376e-008
8.455 0.0013305 1.08471 2.20681e-008
8.46 0.0013455 1.09616 2.21002e-008
8.465 0.0013605 1.1079 2.2134e-008
8.47 0.0013755 1.11994 2.21698e-008
8.475 0.0013905 1.13231 2.22077e-008
8.48 0.0014055 1.14501 2.22478e-008
8.485 0.0014205 1.15806 2.22901e-008
8.49 0.0014355 1.17145 2.23348e-008
8.495 0.0014505 1.18519 2.23819e-008
8.5 0.0014655 1.19928 2.24313e-008
8.505 0.0014805 1.2137 2.2483e-008
8.51 0.0014955 1.22844 2.25371e-008
8.515 0.0015105 1.24348 2.25934e-008
8.52 0.0015255 1.25881 2.26519e-008
8.525 0.0015405 1.27441 2.27125e-008
8.53 0.0015555 1.29024 2.27751e-008
8.535 0.0015705 1.30629 2.28396e-008
8.54 0.0015855 1.32252 2.29059e-008
8.545 0.0016005 1.33892 2.29738e-008
8.55 0.0016155 1.35544 2.30432e-008
8.555 0.0016305 1.37208 2.3114e-008
8.56 0.0016455 1.38879 2.31859e-008
8.565 0.0016605 1.40556 2.32587e-008
8.57 0.0016755 1.42235 2.33323e-008
8.575 0.0016905 1.43915 2.34064e-008
8.58 0.0017055 1.45594 2.34807e-008
8.585 0.0017205 1.47267 2.35549e-008
8.59 0.0017355 1.48934 2.36288e-008
8.595 0.0017505 1.50592 2.37021e-008
8.6 0.0017655 1.52237 2.37744e-008
8.605 0.0017805 1.53869 2.38455e-008
8.61 0.0017955 1.55483 2.3915e-008
8.615 0.0018105 1.57079 2.39826e-008
8.62 0.0018255 1.58654 2.4048e-008
8.625 0.0018405 1.60206 2.41109e-008
8.63 0.0018555 1.61733 2.41712e-008
8.635 0.0018705 1.63234 2.42284e-008
8.64 0.0018855 1.64707 2.42825e-008
8.645 0.0019005 1.66152 2.43332e-008
8.65 0.0019155 1.67567 2.43804e-008
8.655 0.0019305 1.68952 2.44239e-008
8.66 0.0019455 1.70308 2.44636e-008
8.665 0.0019605 1.71633 2.44994e-008
8.67 0.0019755 1.72927 2.45312e-008
8.675 0.0019905 1.74191 2.4559e-008
8.68 0.0020055 1.75425 2.45828e-008
8.685 0.0020205 1.7663 2.46027e-008
8.69 0.0020355 1.77804 2.46185e-008
8.695 0.0020505 1.7895 2.46305e-008
8.7 0.0020655 1.80066 2.46387e-008
8.705 0.0020805 1.81155 2.46433e-008
8.71 0.0020955 1.82216 2.46445e-008
8.715 0.0021105 1.83251 2.46426e-008
8.72 0.0021255 1.8426 2.46379e-008
8.725 0.0021405 1.85245 2.46308e-008
8.73 0.0021555 1.86207 2.46216e-008
8.735 0.0021705 1.87148 2.46108e-008
8.74 0.0021855 1.88069 2.45988e-008
8.745 0.0022005 1.88973 2.45863e-008
8.75 0.0022155 1.89863 2.45736e-008
8.755 0.0022305 1.9074 2.45613e-008
8.76 0.0022455 1.91608 2.455e-008
8.765 0.0022605 1.92471 2.454e-008
8.77 0.0022755 1.93331 2.45319e-008
8.775 0.0022905 1.94193 2.4526e-008
8.78 0.0023055 1.95059 2.45226e-008
8.785 0.0023205 1.95933 2.4522e-008
8.79 0.0023355 1.96819 2.45243e-008
8.795 0.0023505 1.9772 2.45297e-008
8.8 0.0023655 1.98639 2.45381e-008
8.805 0.0023805 1.99578 2.45494e-008
8.81 0.0023955 2.00541 2.45635e-008
8.815 0.0024105 2.01528 2.45801e-008
8.82 0.0024255 2.02543 2.4599e-008
8.825 0.0024405 2.03584 2.46198e-008
8.83 0.0024555 2.04655 2.46421e-008
8.835 0.0024705 2.05755 2.46657e-008
8.84 0.0024855 2.06884 2.469e-008
8.845 0.0025005 2.08042 2.47148e-008
8.85 0.0025155 2.0923 2.47398e-008
8.855 0.0025305 2.10447 2.47647e-008
8.86 0.0025455 2.11692 2.47894e-008
8.865 0.0025605 2.12966 2.48138e-008
8.87 0.0025755 2.14269 2.48379e-008
8.875 0.0025905 2.15598 2.4862e-008
8.88 0.0026055 2.16956 2.48862e-008
8.885 0.0026205 2.1834 2.49111e-008
8.89 0.0026355 2.1975 2.4937e-008
8.895 0.0026505 2.21185 2.49646e-008
8.9 0.0026655 2.22646 2.49946e-008
8.905 0.0026805 2.2413 2.50277e-008
8.91 0.0026955 2.25637 2.50648e-008
8.915 0.0027105 2.27165 2.51066e-008
8.92 0.0027255 2.28714 2.51539e-008
8.925 0.0027405 2.30282 2.52074e-008
8.93 0.0027555 2.31868 2.52677e-008
8.935 0.0027705 2.33471 2.53353e-008
8.94 0.0027855 2.35089 2.54105e-008
8.945 0.0028005 2.36721 2.54933e-008
8.95 0.0028155 2.38365 2.55837e-008
8.955 0.0028305 2.4002 2.56814e-008
8.96 0.0028455 2.41683 2.57857e-008
8.965 0.0028605 2.43353 2.58961e-008
8.97 0.0028755 2.45026 2.60114e-008
8.975 0.0028905 2.46699 2.61305e-008
8.98 0.0029055 2.48368 2.6252e-008
8.985 0.0029205 2.50031 2.63746e-008
8.99 0.0029355 2.51682 2.64966e-008
8.995 0.0029505 2.53318 2.66165e-008
9 0.0029655 2.54933 2.67326e-008
9.005 0.0029805 2.56524 2.68433e-008
9.01 0.0029955 2.58086 2.69473e-008
9.015 0.0029955 2.51107 2.70415e-008
9.02 0.0029805 2.40515 2.71067e-008
9.025 0.0029655 2.32964 2.71365e-008
9.03 0.0029505 2.27065 2.71345e-008
9.035 0.0029355 2.22264 2.71047e-008
9.04 0.0029205 2.18285 2.70513e-008
9.045 0.0029055 2.14968 2.69783e-008
9.05 0.0028905 2.12211 2.68899e-008
9.055 0.0028755 2.09941 2.67904e-008
9.06 0.0028605 2.08096 2.66843e-008
9.065 0.0028455 2.06623 2.65762e-008
9.07 0.0028305 2.05467 2.64709e-008
9.075 0.0028155 2.04574 2.63734e-008
9.08 0.0028005 2.03892 2.62887e-008
9.085 0.0027855 2.03371 2.62209e-008
9.09 0.0027705 2.02967 2.61725e-008
9.095 0.0027555 2.02642 2.61441e-008
9.1 0.0027405 2.02368 2.61334e-008
9.105 0.0027255 2.02122 2.61368e-008
9.11 0.0027105 2.01889 2.61488e-008
9.115 0.0026955 2.0166 2.61644e-008
9.12 0.0026805 2.01429 2.61787e-008
9.125 0.0026655 2.01187 2.61886e-008
9.13 0.0026505 2.00934 2.6192e-008
9.135 0.0026355 2.00669 2.61885e-008
9.14 0.0026205 2.00391 2.61787e-008
9.145 0.0026055 2.001 2.61642e-008
9.15 0.0025905 1.99799 2.61468e-008
9.155 0.0025755 1.99489 2.61286e-008
9.16 0.0025605 1.99174 2.61118e-008
9.165 0.0025455 1.98859 2.60982e-008
9.17 0.0025305 1.98543 2.60893e-008
9.175 0.0025155 1.98222 2.60865e-008
9.18 0.0025005 1.97897 2.60902e-008
9.185 0.0024855 1.97565 2.61009e-008
9.19 0.0024705 1.97222 2.61181e-008
9.195 0.0024555 1.96862 2.61414e-008
9.2 0.0024405 1.9648 2.61698e-008
9.205 0.0024255 1.96071 2.6202e-008
9.21 0.0024105 1.95629 2.62369e-008
9.215 0.0023955 1.95151 2.62731e-008
9.22 0.0023805 1.94636 2.63094e-008
9.225 0.0023655 1.94081 2.63447e-008
9.23 0.0023505 1.93486 2.6378e-008
9.235 0.0023355 1.92853 2.64086e-008
9.24 0.0023205 1.92184 2.64362e-008
9.245 0.0023055 1.91479 2.64604e-008
9.25 0.0022905 1.90743 2.64812e-008
9.255 0.0022755 1.89977 2.64987e-008
9.26 0.0022605 1.89185 2.65131e-008
9.265 0.0022455 1.88369 2.65247e-008
9.27 0.0022305 1.87531 2.65338e-008
9.275 0.0022155 1.86673 2.65408e-008
9.28 0.0022005 1.85795 2.65459e-008
9.285 0.0021855 1.84899 2.65492e-008
9.29 0.0021705 1.83984 2.65509e-008
9.295 0.0021555 1.83049 2.65509e-008
9.3 0.0021405 1.82093 2.65491e-008
9.305 0.0021255 1.81114 2.65453e-008
9.31 0.0021105 1.8011 2.65392e-008
9.315 0.0020955 1.79079 2.65306e-008
9.32 0.0020805 1.7802 2.6519e-008
9.325 0.0020655 1.7693 2.65043e-008
9.33 0.0020505 1.75809 2.64861e-008
9.335 0.0020355 1.74656 2.64643e-008
9.34 0.0020205 1.73469 2.64388e-008
9.345 0.0020055 1.72249 2.64094e-008
9.35 0.0019905 1.70997 2.6376e-008
9.355 0.0019755 1.69713 2.63388e-008
9.36 0.0019605 1.7723 2.6279e-008
9.365 0.0019455 1.76615 2.61922e-008
9.37 0.0019305 1.75218 2.60876e-008
9.375 0.0019155 1.73489 2.59654e-008
9.38 0.0019005 1.71561 2.58245e-008
9.385 0.0018855 1.69487 2.56636e-008
9.39 0.0018705 1.67298 2.5482e-008
9.395 0.0018555 1.65016 2.52811e-008
9.4 0.0018405 1.62659 2.50664e-008
9.405 0.0018255 1.60241 2.48473e-008
9.41 0.0018105 1.57776 2.46348e-008
9.415 0.0017955 1.55279 2.44382e-008
9.42 0.0017805 1.52759 2.42619e-008
9.425 0.0017655 1.50227 2.41052e-008
9.43 0.0017505 1.47693 2.39638e-008
9.435 0.0017355 1.45167 2.38326e-008
9.44 0.0017205 1.42656 2.3708e-008
9.445 0.0017055 1.40171 2.35888e-008
9.45 0.0016905 1.37722 2.34766e-008
9.455 0.0016755 1.35317 2.33739e-008
9.46 0.0016605 1.32967 2.32837e-008
9.465 0.0016455 1.30684 2.32084e-008
9.47 0.0016305 1.33528 2.3145e-008
9.475 0.0016155 1.312 2.3055e-008
9.48 0.0016005 1.27845 2.29635e-008
9.485 0.0015855 1.24458 2.28727e-008
9.49 0.0015705 1.21256 2.27794e-008
9.495 0.0015555 1.18327 2.26818e-008
9.5 0.0015405 1.15725 2.25835e-008
9.505 0.0015255 1.13485 2.24954e-008
9.51 0.0015105 1.11627 2.2431e-008
9.515 0.0014955 1.1016 2.23972e-008
9.52 0.0014805 1.09082 2.23915e-008
9.525 0.0014655 1.08377 2.24058e-008
9.53 0.0014505 1.08023 2.24323e-008
9.535 0.0014355 1.07985 2.24667e-008
9.54 0.0014205 1.08225 2.25085e-008
9.545 0.0014055 1.08695 2.25589e-008
9.55 0.0013905 1.09347 2.26179e-008
9.555 0.0013755 1.10127 2.2684e-008
9.56 0.0013605 1.10979 2.27539e-008
9.565 0.0013455 1.11849 2.28238e-008
9.57 0.0013305 1.1268 2.289e-008
9.575 0.0013155 1.13418 2.29498e-008
9.58 0.0013005 1.14011 2.30012e-008
9.585 0.0012855 1.14414 2.30428e-008
9.59 0.0012705 1.1459 2.30739e-008
9.595 0.0012555 1.14508 2.30937e-008
9.6 0.0012405 1.14147 2.31018e-008
9.605 0.0012255 1.1349 2.30974e-008
9.61 0.0012105 1.12531 2.30798e-008
9.615 0.0011955 1.11268 2.30485e-008
9.62 0.0011805 1.09705 2.30036e-008
9.625 0.0011655 1.07854 2.29452e-008
9.63 0.0011505 1.0573 2.28745e-008
9.635 0.0011355 1.03355 2.27925e-008
9.64 0.0011205 1.00754 2.27009e-008
9.645 0.0011055 0.979566 2.26014e-008
9.65 0.0010905 0.949942 2.24958e-008
9.655 0.0010755 0.919007 2.23861e-008
9.66 0.0010605 0.887119 2.22743e-008
9.665 0.0010455 0.854657 2.21626e-008
9.67 0.0010305 0.822009 2.20529e-008
9.675 0.0010155 0.789578 2.19475e-008
9.68 0.0010005 0.757771 2.18481e-008
9.685 0.0009855 0.726996 2.17565e-008
9.69 0.0009705 0.697646 2.16743e-008
9.695 0.0009555 0.670094 2.16026e-008
9.7 0.0009405 0.644675 2.15424e-008
9.705 0.0009255 0.621679 2.14944e-008
9.71 0.0009105 0.601336 2.14591e-008
9.715 0.0008955 0.583809 2.14364e-008
9.72 0.0008805 0.569191 2.14263e-008
9.725 0.0008655 0.557493 2.14283e-008
9.73 0.0008505 0.548651 2.14419e-008
9.735 0.0008355 0.542526 2.14662e-008
9.74 0.0008205 0.538905 2.15001e-008
9.745 0.0008055 0.537513 2.15425e-008
9.75 0.0007905 0.538023 2.1592e-008
9.755 0.0007755 0.540068 2.1647e-008
9.76 0.0007605 0.543254 2.1706e-008
9.765 0.0007455 0.547177 2.17674e-008
9.77 0.0007305 0.551433 2.18295e-008
9.775 0.0007155 0.555634 2.18906e-008
9.78 0.0007005 0.559413 2.19492e-008
9.785 0.0006855 0.562438 2.20038e-008
9.79 0.0006705 0.564412 2.2053e-008
9.795 0.0006555 0.565079 2.20956e-008
9.8 0.0006405 0.564226 2.21306e-008
9.805 0.0006255 0.561681 2.21573e-008
9.81 0.0006105 0.557313 2.21748e-008
9.815 0.0005955 0.551034 2.21829e-008
9.82 0.0005805 0.542789 2.21812e-008
9.825 0.0005655 0.532563 2.21697e-008
9.83 0.0005505 0.52037 2.21483e-008
9.835 0.0005355 0.506257 2.21174e-008
9.84 0.0005205 0.490298 2.20774e-008
9.845 0.0005055 0.472593 2.20286e-008
9.85 0.0004905 0.453263 2.19718e-008
9.855 0.0004755 0.432454 2.19077e-008
9.86 0.0004605 0.410325 2.18371e-008
9.865 0.0004455 0.387057 2.17609e-008
9.87 0.0004305 0.362841 2.16803e-008
9.875 0.0004155 0.337882 2.15961e-008
9.88 0.0004005 0.312394 2.15096e-008
9.885 0.0003855 0.286598 2.14219e-008
9.89 0.0003705 0.26072 2.1334e-008
9.895 0.0003555 0.234985 2.12472e-008
9.9 0.0003405 0.20962 2.11626e-008
9.905 0.0003255 0.184845 2.10811e-008
9.91 0.0003105 0.160871 2.10038e-008
9.915 0.0002955 0.137897 2.09315e-008
9.92 0.0002805 0.116104 2.0865e-008
9.925 0.0002655 0.0956555 2.08051e-008
9.93 0.0002505 0.0766878 2.07522e-008
9.935 0.0002355 0.0593107 2.07067e-008
9.94 0.0002205 -0.07697 2.06285e-008
9.945 0.0002055 -0.0711509 2.05206e-008
9.95 0.0001905 -0.0619413 2.04547e-008
9.955 0.0001755 -0.051037 2.04689e-008
9.96 0.0001605 -0.0377226 2.06678e-008
9.965 0.0001455 -0.022511 2.10878e-008
9.97 0.0001305 -0.00461354 2.16554e-008
9.975 0.0001155 0.0152504 2.24042e-008
9.98 0.0001005 0.0366987 2.30052e-008
9.985 8.55e-005 0.0593511 2.31191e-008
9.99 7.05e-005 0.136988 2.31783e-008
9.995 5.55e-005 0.112629 2.32e-008
10 4.05e-005 0.0974786 2.29797e-008
10.005 2.55e-005 0.0859598 2.25774e-008
10.01 1.05e-005 0.0760727 2.20699e-008
10.015 1.5e-006 0.11328 2.15066e-008
10.02 1.65e-005 0.282341 2.0931e-008
10.025 3.15e-005 0.391149 2.03319e-008
10.03 4.65e-005 0.459722 1.96916e-008
10.035 6.15e-005 0.500091 1.91119e-008
10.04 7.65e-005 0.523547 1.98241e-008
10.045 9.15e-005 0.53807 1.97813e-008
10.05 0.0001065 0.550796 1.99089e-008
10.055 0.0001215 0.583656 2.0325e-008
10.06 0.0001365 0.614472 2.09748e-008
10.065 0.0001515 0.619117 2.17084e-008
10.07 0.0001665 0.594133 2.23346e-008
