-cornerpoints-
nrcorners 981
1 0 0
2 7.69231e-005 0
3 0.000153846 0
4 0.000230769 0
5 0.000307692 0
6 0.000384615 0
7 0.000461538 0
8 0.000538462 0
9 0.000615385 0
10 0.000692308 0
11 0.000769231 0
12 0.000846154 0
13 0.000923077 0
14 0.001 0
15 0.00107692 0
16 0.00115385 0
17 0.00123077 0
18 0.00130769 0
19 0.00138462 0
20 0.00146154 0
21 0.00153846 0
22 0.00161538 0
23 0.00169231 0
24 0.00176923 0
25 0.00184615 0
26 0.00192308 0
27 0.002 0
28 0 0.000135135
29 7.69231e-005 0.000135135
30 0.000153846 0.000135135
31 0.000230769 0.000135135
32 0.000307692 0.000135135
33 0.000384615 0.000135135
34 0.000461538 0.000135135
35 0.000538462 0.000135135
36 0.000615385 0.000135135
37 0.000692308 0.000135135
38 0.000769231 0.000135135
39 0.000846154 0.000135135
40 0.000923077 0.000135135
41 0.001 0.000135135
42 0.00107692 0.000135135
43 0.00115385 0.000135135
44 0.00123077 0.000135135
45 0.00130769 0.000135135
46 0.00138462 0.000135135
47 0.00146154 0.000135135
48 0.00153846 0.000135135
49 0.00161538 0.000135135
50 0.00169231 0.000135135
51 0.00176923 0.000135135
52 0.00184615 0.000135135
53 0.00192308 0.000135135
54 0.002 0.000135135
55 3.84615e-005 0.00027027
56 0.000115385 0.00027027
57 0.000192308 0.00027027
58 0.000269231 0.00027027
59 0.000346154 0.00027027
60 0.000423077 0.00027027
61 0.0005 0.00027027
62 0.000576923 0.00027027
63 0.000653846 0.00027027
64 0.000730769 0.00027027
65 0.000807692 0.00027027
66 0.000884615 0.00027027
67 0.000961538 0.00027027
68 0.00103846 0.00027027
69 0.00111538 0.00027027
70 0.00119231 0.00027027
71 0.00126923 0.00027027
72 0.00134615 0.00027027
73 0.00142308 0.00027027
74 0.0015 0.00027027
75 0.00157692 0.00027027
76 0.00165385 0.00027027
77 0.00173077 0.00027027
78 0.00180769 0.00027027
79 0.00188462 0.00027027
80 0.00196154 0.00027027
81 3.84615e-005 0.000405405
82 0.000115385 0.000405405
83 0.000192308 0.000405405
84 0.000269231 0.000405405
85 0.000346154 0.000405405
86 0.000423077 0.000405405
87 0.0005 0.000405405
88 0.000576923 0.000405405
89 0.000653846 0.000405405
90 0.000730769 0.000405405
91 0.000807692 0.000405405
92 0.000884615 0.000405405
93 0.000961538 0.000405405
94 0.00103846 0.000405405
95 0.00111538 0.000405405
96 0.00119231 0.000405405
97 0.00126923 0.000405405
98 0.00134615 0.000405405
99 0.00142308 0.000405405
100 0.0015 0.000405405
101 0.00157692 0.000405405
102 0.00165385 0.000405405
103 0.00173077 0.000405405
104 0.00180769 0.000405405
105 0.00188462 0.000405405
106 0.00196154 0.000405405
107 0 0.000540541
108 7.69231e-005 0.000540541
109 0.000153846 0.000540541
110 0.000230769 0.000540541
111 0.000307692 0.000540541
112 0.000384615 0.000540541
113 0.000461538 0.000540541
114 0.000538462 0.000540541
115 0.000615385 0.000540541
116 0.000692308 0.000540541
117 0.000769231 0.000540541
118 0.000846154 0.000540541
119 0.000923077 0.000540541
120 0.001 0.000540541
121 0.00107692 0.000540541
122 0.00115385 0.000540541
123 0.00123077 0.000540541
124 0.00130769 0.000540541
125 0.00138462 0.000540541
126 0.00146154 0.000540541
127 0.00153846 0.000540541
128 0.00161538 0.000540541
129 0.00169231 0.000540541
130 0.00176923 0.000540541
131 0.00184615 0.000540541
132 0.00192308 0.000540541
133 0.002 0.000540541
134 0 0.000675676
135 7.69231e-005 0.000675676
136 0.000153846 0.000675676
137 0.000230769 0.000675676
138 0.000307692 0.000675676
139 0.000384615 0.000675676
140 0.000461538 0.000675676
141 0.000538462 0.000675676
142 0.000615385 0.000675676
143 0.000692308 0.000675676
144 0.000769231 0.000675676
145 0.000846154 0.000675676
146 0.000923077 0.000675676
147 0.001 0.000675676
148 0.00107692 0.000675676
149 0.00115385 0.000675676
150 0.00123077 0.000675676
151 0.00130769 0.000675676
152 0.00138462 0.000675676
153 0.00146154 0.000675676
154 0.00153846 0.000675676
155 0.00161538 0.000675676
156 0.00169231 0.000675676
157 0.00176923 0.000675676
158 0.00184615 0.000675676
159 0.00192308 0.000675676
160 0.002 0.000675676
161 3.84615e-005 0.000810811
162 0.000115385 0.000810811
163 0.000192308 0.000810811
164 0.000269231 0.000810811
165 0.000346154 0.000810811
166 0.000423077 0.000810811
167 0.0005 0.000810811
168 0.000576923 0.000810811
169 0.000653846 0.000810811
170 0.000730769 0.000810811
171 0.000807692 0.000810811
172 0.000884615 0.000810811
173 0.000961538 0.000810811
174 0.00103846 0.000810811
175 0.00111538 0.000810811
176 0.00119231 0.000810811
177 0.00126923 0.000810811
178 0.00134615 0.000810811
179 0.00142308 0.000810811
180 0.0015 0.000810811
181 0.00157692 0.000810811
182 0.00165385 0.000810811
183 0.00173077 0.000810811
184 0.00180769 0.000810811
185 0.00188462 0.000810811
186 0.00196154 0.000810811
187 3.84615e-005 0.000945946
188 0.000115385 0.000945946
189 0.000192308 0.000945946
190 0.000269231 0.000945946
191 0.000346154 0.000945946
192 0.000423077 0.000945946
193 0.0005 0.000945946
194 0.000576923 0.000945946
195 0.000653846 0.000945946
196 0.000730769 0.000945946
197 0.000807692 0.000945946
198 0.000884615 0.000945946
199 0.000961538 0.000945946
200 0.00103846 0.000945946
201 0.00111538 0.000945946
202 0.00119231 0.000945946
203 0.00126923 0.000945946
204 0.00134615 0.000945946
205 0.00142308 0.000945946
206 0.0015 0.000945946
207 0.00157692 0.000945946
208 0.00165385 0.000945946
209 0.00173077 0.000945946
210 0.00180769 0.000945946
211 0.00188462 0.000945946
212 0.00196154 0.000945946
213 0 0.00108108
214 7.69231e-005 0.00108108
215 0.000153846 0.00108108
216 0.000230769 0.00108108
217 0.000307692 0.00108108
218 0.000384615 0.00108108
219 0.000461538 0.00108108
220 0.000538462 0.00108108
221 0.000615385 0.00108108
222 0.000692308 0.00108108
223 0.000769231 0.00108108
224 0.000846154 0.00108108
225 0.000923077 0.00108108
226 0.001 0.00108108
227 0.00107692 0.00108108
228 0.00115385 0.00108108
229 0.00123077 0.00108108
230 0.00130769 0.00108108
231 0.00138462 0.00108108
232 0.00146154 0.00108108
233 0.00153846 0.00108108
234 0.00161538 0.00108108
235 0.00169231 0.00108108
236 0.00176923 0.00108108
237 0.00184615 0.00108108
238 0.00192308 0.00108108
239 0.002 0.00108108
240 0 0.00121622
241 7.69231e-005 0.00121622
242 0.000153846 0.00121622
243 0.000230769 0.00121622
244 0.000307692 0.00121622
245 0.000384615 0.00121622
246 0.000461538 0.00121622
247 0.000538462 0.00121622
248 0.000615385 0.00121622
249 0.000692308 0.00121622
250 0.000769231 0.00121622
251 0.000846154 0.00121622
252 0.000923077 0.00121622
253 0.001 0.00121622
254 0.00107692 0.00121622
255 0.00115385 0.00121622
256 0.00123077 0.00121622
257 0.00130769 0.00121622
258 0.00138462 0.00121622
259 0.00146154 0.00121622
260 0.00153846 0.00121622
261 0.00161538 0.00121622
262 0.00169231 0.00121622
263 0.00176923 0.00121622
264 0.00184615 0.00121622
265 0.00192308 0.00121622
266 0.002 0.00121622
267 3.84615e-005 0.00135135
268 0.000115385 0.00135135
269 0.000192308 0.00135135
270 0.000269231 0.00135135
271 0.000346154 0.00135135
272 0.000423077 0.00135135
273 0.0005 0.00135135
274 0.000576923 0.00135135
275 0.000653846 0.00135135
276 0.000730769 0.00135135
277 0.000807692 0.00135135
278 0.000884615 0.00135135
279 0.000961538 0.00135135
280 0.00103846 0.00135135
281 0.00111538 0.00135135
282 0.00119231 0.00135135
283 0.00126923 0.00135135
284 0.00134615 0.00135135
285 0.00142308 0.00135135
286 0.0015 0.00135135
287 0.00157692 0.00135135
288 0.00165385 0.00135135
289 0.00173077 0.00135135
290 0.00180769 0.00135135
291 0.00188462 0.00135135
292 0.00196154 0.00135135
293 3.84615e-005 0.00148649
294 0.000115385 0.00148649
295 0.000192308 0.00148649
296 0.000269231 0.00148649
297 0.000346154 0.00148649
298 0.000423077 0.00148649
299 0.0005 0.00148649
300 0.000576923 0.00148649
301 0.000653846 0.00148649
302 0.000730769 0.00148649
303 0.000807692 0.00148649
304 0.000884615 0.00148649
305 0.000961538 0.00148649
306 0.00103846 0.00148649
307 0.00111538 0.00148649
308 0.00119231 0.00148649
309 0.00126923 0.00148649
310 0.00134615 0.00148649
311 0.00142308 0.00148649
312 0.0015 0.00148649
313 0.00157692 0.00148649
314 0.00165385 0.00148649
315 0.00173077 0.00148649
316 0.00180769 0.00148649
317 0.00188462 0.00148649
318 0.00196154 0.00148649
319 0 0.00162162
320 7.69231e-005 0.00162162
321 0.000153846 0.00162162
322 0.000230769 0.00162162
323 0.000307692 0.00162162
324 0.000384615 0.00162162
325 0.000461538 0.00162162
326 0.000538462 0.00162162
327 0.000615385 0.00162162
328 0.000692308 0.00162162
329 0.000769231 0.00162162
330 0.000846154 0.00162162
331 0.000923077 0.00162162
332 0.001 0.00162162
333 0.00107692 0.00162162
334 0.00115385 0.00162162
335 0.00123077 0.00162162
336 0.00130769 0.00162162
337 0.00138462 0.00162162
338 0.00146154 0.00162162
339 0.00153846 0.00162162
340 0.00161538 0.00162162
341 0.00169231 0.00162162
342 0.00176923 0.00162162
343 0.00184615 0.00162162
344 0.00192308 0.00162162
345 0.002 0.00162162
346 0 0.00175676
347 7.69231e-005 0.00175676
348 0.000153846 0.00175676
349 0.000230769 0.00175676
350 0.000307692 0.00175676
351 0.000384615 0.00175676
352 0.000461538 0.00175676
353 0.000538462 0.00175676
354 0.000615385 0.00175676
355 0.000692308 0.00175676
356 0.000769231 0.00175676
357 0.000846154 0.00175676
358 0.000923077 0.00175676
359 0.001 0.00175676
360 0.00107692 0.00175676
361 0.00115385 0.00175676
362 0.00123077 0.00175676
363 0.00130769 0.00175676
364 0.00138462 0.00175676
365 0.00146154 0.00175676
366 0.00153846 0.00175676
367 0.00161538 0.00175676
368 0.00169231 0.00175676
369 0.00176923 0.00175676
370 0.00184615 0.00175676
371 0.00192308 0.00175676
372 0.002 0.00175676
373 3.84615e-005 0.00189189
374 0.000115385 0.00189189
375 0.000192308 0.00189189
376 0.000269231 0.00189189
377 0.000346154 0.00189189
378 0.000423077 0.00189189
379 0.0005 0.00189189
380 0.000576923 0.00189189
381 0.000653846 0.00189189
382 0.000730769 0.00189189
383 0.000807692 0.00189189
384 0.000884615 0.00189189
385 0.000961538 0.00189189
386 0.00103846 0.00189189
387 0.00111538 0.00189189
388 0.00119231 0.00189189
389 0.00126923 0.00189189
390 0.00134615 0.00189189
391 0.00142308 0.00189189
392 0.0015 0.00189189
393 0.00157692 0.00189189
394 0.00165385 0.00189189
395 0.00173077 0.00189189
396 0.00180769 0.00189189
397 0.00188462 0.00189189
398 0.00196154 0.00189189
399 3.84615e-005 0.00202703
400 0.000115385 0.00202703
401 0.000192308 0.00202703
402 0.000269231 0.00202703
403 0.000346154 0.00202703
404 0.000423077 0.00202703
405 0.0005 0.00202703
406 0.000576923 0.00202703
407 0.000653846 0.00202703
408 0.000730769 0.00202703
409 0.000807692 0.00202703
410 0.000884615 0.00202703
411 0.000961538 0.00202703
412 0.00103846 0.00202703
413 0.00111538 0.00202703
414 0.00119231 0.00202703
415 0.00126923 0.00202703
416 0.00134615 0.00202703
417 0.00142308 0.00202703
418 0.0015 0.00202703
419 0.00157692 0.00202703
420 0.00165385 0.00202703
421 0.00173077 0.00202703
422 0.00180769 0.00202703
423 0.00188462 0.00202703
424 0.00196154 0.00202703
425 0 0.00216216
426 7.69231e-005 0.00216216
427 0.000153846 0.00216216
428 0.000230769 0.00216216
429 0.000307692 0.00216216
430 0.000384615 0.00216216
431 0.000461538 0.00216216
432 0.000538462 0.00216216
433 0.000615385 0.00216216
434 0.000692308 0.00216216
435 0.000769231 0.00216216
436 0.000846154 0.00216216
437 0.000923077 0.00216216
438 0.001 0.00216216
439 0.00107692 0.00216216
440 0.00115385 0.00216216
441 0.00123077 0.00216216
442 0.00130769 0.00216216
443 0.00138462 0.00216216
444 0.00146154 0.00216216
445 0.00153846 0.00216216
446 0.00161538 0.00216216
447 0.00169231 0.00216216
448 0.00176923 0.00216216
449 0.00184615 0.00216216
450 0.00192308 0.00216216
451 0.002 0.00216216
452 0 0.0022973
453 7.69231e-005 0.0022973
454 0.000153846 0.0022973
455 0.000230769 0.0022973
456 0.000307692 0.0022973
457 0.000384615 0.0022973
458 0.000461538 0.0022973
459 0.000538462 0.0022973
460 0.000615385 0.0022973
461 0.000692308 0.0022973
462 0.000769231 0.0022973
463 0.000846154 0.0022973
464 0.000923077 0.0022973
465 0.001 0.0022973
466 0.00107692 0.0022973
467 0.00115385 0.0022973
468 0.00123077 0.0022973
469 0.00130769 0.0022973
470 0.00138462 0.0022973
471 0.00146154 0.0022973
472 0.00153846 0.0022973
473 0.00161538 0.0022973
474 0.00169231 0.0022973
475 0.00176923 0.0022973
476 0.00184615 0.0022973
477 0.00192308 0.0022973
478 0.002 0.0022973
479 3.84615e-005 0.00243243
480 0.000115385 0.00243243
481 0.000192308 0.00243243
482 0.000269231 0.00243243
483 0.000346154 0.00243243
484 0.000423077 0.00243243
485 0.0005 0.00243243
486 0.000576923 0.00243243
487 0.000653846 0.00243243
488 0.000730769 0.00243243
489 0.000807692 0.00243243
490 0.000884615 0.00243243
491 0.000961538 0.00243243
492 0.00103846 0.00243243
493 0.00111538 0.00243243
494 0.00119231 0.00243243
495 0.00126923 0.00243243
496 0.00134615 0.00243243
497 0.00142308 0.00243243
498 0.0015 0.00243243
499 0.00157692 0.00243243
500 0.00165385 0.00243243
501 0.00173077 0.00243243
502 0.00180769 0.00243243
503 0.00188462 0.00243243
504 0.00196154 0.00243243
505 3.84615e-005 0.00256757
506 0.000115385 0.00256757
507 0.000192308 0.00256757
508 0.000269231 0.00256757
509 0.000346154 0.00256757
510 0.000423077 0.00256757
511 0.0005 0.00256757
512 0.000576923 0.00256757
513 0.000653846 0.00256757
514 0.000730769 0.00256757
515 0.000807692 0.00256757
516 0.000884615 0.00256757
517 0.000961538 0.00256757
518 0.00103846 0.00256757
519 0.00111538 0.00256757
520 0.00119231 0.00256757
521 0.00126923 0.00256757
522 0.00134615 0.00256757
523 0.00142308 0.00256757
524 0.0015 0.00256757
525 0.00157692 0.00256757
526 0.00165385 0.00256757
527 0.00173077 0.00256757
528 0.00180769 0.00256757
529 0.00188462 0.00256757
530 0.00196154 0.00256757
531 0 0.0027027
532 7.69231e-005 0.0027027
533 0.000153846 0.0027027
534 0.000230769 0.0027027
535 0.000307692 0.0027027
536 0.000384615 0.0027027
537 0.000461538 0.0027027
538 0.000538462 0.0027027
539 0.000615385 0.0027027
540 0.000692308 0.0027027
541 0.000769231 0.0027027
542 0.000846154 0.0027027
543 0.000923077 0.0027027
544 0.001 0.0027027
545 0.00107692 0.0027027
546 0.00115385 0.0027027
547 0.00123077 0.0027027
548 0.00130769 0.0027027
549 0.00138462 0.0027027
550 0.00146154 0.0027027
551 0.00153846 0.0027027
552 0.00161538 0.0027027
553 0.00169231 0.0027027
554 0.00176923 0.0027027
555 0.00184615 0.0027027
556 0.00192308 0.0027027
557 0.002 0.0027027
558 0 0.00283784
559 7.69231e-005 0.00283784
560 0.000153846 0.00283784
561 0.000230769 0.00283784
562 0.000307692 0.00283784
563 0.000384615 0.00283784
564 0.000461538 0.00283784
565 0.000538462 0.00283784
566 0.000615385 0.00283784
567 0.000692308 0.00283784
568 0.000769231 0.00283784
569 0.000846154 0.00283784
570 0.000923077 0.00283784
571 0.001 0.00283784
572 0.00107692 0.00283784
573 0.00115385 0.00283784
574 0.00123077 0.00283784
575 0.00130769 0.00283784
576 0.00138462 0.00283784
577 0.00146154 0.00283784
578 0.00153846 0.00283784
579 0.00161538 0.00283784
580 0.00169231 0.00283784
581 0.00176923 0.00283784
582 0.00184615 0.00283784
583 0.00192308 0.00283784
584 0.002 0.00283784
585 3.84615e-005 0.00297297
586 0.000115385 0.00297297
587 0.000192308 0.00297297
588 0.000269231 0.00297297
589 0.000346154 0.00297297
590 0.000423077 0.00297297
591 0.0005 0.00297297
592 0.000576923 0.00297297
593 0.000653846 0.00297297
594 0.000730769 0.00297297
595 0.000807692 0.00297297
596 0.000884615 0.00297297
597 0.000961538 0.00297297
598 0.00103846 0.00297297
599 0.00111538 0.00297297
600 0.00119231 0.00297297
601 0.00126923 0.00297297
602 0.00134615 0.00297297
603 0.00142308 0.00297297
604 0.0015 0.00297297
605 0.00157692 0.00297297
606 0.00165385 0.00297297
607 0.00173077 0.00297297
608 0.00180769 0.00297297
609 0.00188462 0.00297297
610 0.00196154 0.00297297
611 3.84615e-005 0.00310811
612 0.000115385 0.00310811
613 0.000192308 0.00310811
614 0.000269231 0.00310811
615 0.000346154 0.00310811
616 0.000423077 0.00310811
617 0.0005 0.00310811
618 0.000576923 0.00310811
619 0.000653846 0.00310811
620 0.000730769 0.00310811
621 0.000807692 0.00310811
622 0.000884615 0.00310811
623 0.000961538 0.00310811
624 0.00103846 0.00310811
625 0.00111538 0.00310811
626 0.00119231 0.00310811
627 0.00126923 0.00310811
628 0.00134615 0.00310811
629 0.00142308 0.00310811
630 0.0015 0.00310811
631 0.00157692 0.00310811
632 0.00165385 0.00310811
633 0.00173077 0.00310811
634 0.00180769 0.00310811
635 0.00188462 0.00310811
636 0.00196154 0.00310811
637 0 0.00324324
638 7.69231e-005 0.00324324
639 0.000153846 0.00324324
640 0.000230769 0.00324324
641 0.000307692 0.00324324
642 0.000384615 0.00324324
643 0.000461538 0.00324324
644 0.000538462 0.00324324
645 0.000615385 0.00324324
646 0.000692308 0.00324324
647 0.000769231 0.00324324
648 0.000846154 0.00324324
649 0.000923077 0.00324324
650 0.001 0.00324324
651 0.00107692 0.00324324
652 0.00115385 0.00324324
653 0.00123077 0.00324324
654 0.00130769 0.00324324
655 0.00138462 0.00324324
656 0.00146154 0.00324324
657 0.00153846 0.00324324
658 0.00161538 0.00324324
659 0.00169231 0.00324324
660 0.00176923 0.00324324
661 0.00184615 0.00324324
662 0.00192308 0.00324324
663 0.002 0.00324324
664 0 0.00337838
665 7.69231e-005 0.00337838
666 0.000153846 0.00337838
667 0.000230769 0.00337838
668 0.000307692 0.00337838
669 0.000384615 0.00337838
670 0.000461538 0.00337838
671 0.000538462 0.00337838
672 0.000615385 0.00337838
673 0.000692308 0.00337838
674 0.000769231 0.00337838
675 0.000846154 0.00337838
676 0.000923077 0.00337838
677 0.001 0.00337838
678 0.00107692 0.00337838
679 0.00115385 0.00337838
680 0.00123077 0.00337838
681 0.00130769 0.00337838
682 0.00138462 0.00337838
683 0.00146154 0.00337838
684 0.00153846 0.00337838
685 0.00161538 0.00337838
686 0.00169231 0.00337838
687 0.00176923 0.00337838
688 0.00184615 0.00337838
689 0.00192308 0.00337838
690 0.002 0.00337838
691 3.84615e-005 0.00351351
692 0.000115385 0.00351351
693 0.000192308 0.00351351
694 0.000269231 0.00351351
695 0.000346154 0.00351351
696 0.000423077 0.00351351
697 0.0005 0.00351351
698 0.000576923 0.00351351
699 0.000653846 0.00351351
700 0.000730769 0.00351351
701 0.000807692 0.00351351
702 0.000884615 0.00351351
703 0.000961538 0.00351351
704 0.00103846 0.00351351
705 0.00111538 0.00351351
706 0.00119231 0.00351351
707 0.00126923 0.00351351
708 0.00134615 0.00351351
709 0.00142308 0.00351351
710 0.0015 0.00351351
711 0.00157692 0.00351351
712 0.00165385 0.00351351
713 0.00173077 0.00351351
714 0.00180769 0.00351351
715 0.00188462 0.00351351
716 0.00196154 0.00351351
717 3.84615e-005 0.00364865
718 0.000115385 0.00364865
719 0.000192308 0.00364865
720 0.000269231 0.00364865
721 0.000346154 0.00364865
722 0.000423077 0.00364865
723 0.0005 0.00364865
724 0.000576923 0.00364865
725 0.000653846 0.00364865
726 0.000730769 0.00364865
727 0.000807692 0.00364865
728 0.000884615 0.00364865
729 0.000961538 0.00364865
730 0.00103846 0.00364865
731 0.00111538 0.00364865
732 0.00119231 0.00364865
733 0.00126923 0.00364865
734 0.00134615 0.00364865
735 0.00142308 0.00364865
736 0.0015 0.00364865
737 0.00157692 0.00364865
738 0.00165385 0.00364865
739 0.00173077 0.00364865
740 0.00180769 0.00364865
741 0.00188462 0.00364865
742 0.00196154 0.00364865
743 0 0.00378378
744 7.69231e-005 0.00378378
745 0.000153846 0.00378378
746 0.000230769 0.00378378
747 0.000307692 0.00378378
748 0.000384615 0.00378378
749 0.000461538 0.00378378
750 0.000538462 0.00378378
751 0.000615385 0.00378378
752 0.000692308 0.00378378
753 0.000769231 0.00378378
754 0.000846154 0.00378378
755 0.000923077 0.00378378
756 0.001 0.00378378
757 0.00107692 0.00378378
758 0.00115385 0.00378378
759 0.00123077 0.00378378
760 0.00130769 0.00378378
761 0.00138462 0.00378378
762 0.00146154 0.00378378
763 0.00153846 0.00378378
764 0.00161538 0.00378378
765 0.00169231 0.00378378
766 0.00176923 0.00378378
767 0.00184615 0.00378378
768 0.00192308 0.00378378
769 0.002 0.00378378
770 0 0.00391892
771 7.69231e-005 0.00391892
772 0.000153846 0.00391892
773 0.000230769 0.00391892
774 0.000307692 0.00391892
775 0.000384615 0.00391892
776 0.000461538 0.00391892
777 0.000538462 0.00391892
778 0.000615385 0.00391892
779 0.000692308 0.00391892
780 0.000769231 0.00391892
781 0.000846154 0.00391892
782 0.000923077 0.00391892
783 0.001 0.00391892
784 0.00107692 0.00391892
785 0.00115385 0.00391892
786 0.00123077 0.00391892
787 0.00130769 0.00391892
788 0.00138462 0.00391892
789 0.00146154 0.00391892
790 0.00153846 0.00391892
791 0.00161538 0.00391892
792 0.00169231 0.00391892
793 0.00176923 0.00391892
794 0.00184615 0.00391892
795 0.00192308 0.00391892
796 0.002 0.00391892
797 3.84615e-005 0.00405405
798 0.000115385 0.00405405
799 0.000192308 0.00405405
800 0.000269231 0.00405405
801 0.000346154 0.00405405
802 0.000423077 0.00405405
803 0.0005 0.00405405
804 0.000576923 0.00405405
805 0.000653846 0.00405405
806 0.000730769 0.00405405
807 0.000807692 0.00405405
808 0.000884615 0.00405405
809 0.000961538 0.00405405
810 0.00103846 0.00405405
811 0.00111538 0.00405405
812 0.00119231 0.00405405
813 0.00126923 0.00405405
814 0.00134615 0.00405405
815 0.00142308 0.00405405
816 0.0015 0.00405405
817 0.00157692 0.00405405
818 0.00165385 0.00405405
819 0.00173077 0.00405405
820 0.00180769 0.00405405
821 0.00188462 0.00405405
822 0.00196154 0.00405405
823 3.84615e-005 0.00418919
824 0.000115385 0.00418919
825 0.000192308 0.00418919
826 0.000269231 0.00418919
827 0.000346154 0.00418919
828 0.000423077 0.00418919
829 0.0005 0.00418919
830 0.000576923 0.00418919
831 0.000653846 0.00418919
832 0.000730769 0.00418919
833 0.000807692 0.00418919
834 0.000884615 0.00418919
835 0.000961538 0.00418919
836 0.00103846 0.00418919
837 0.00111538 0.00418919
838 0.00119231 0.00418919
839 0.00126923 0.00418919
840 0.00134615 0.00418919
841 0.00142308 0.00418919
842 0.0015 0.00418919
843 0.00157692 0.00418919
844 0.00165385 0.00418919
845 0.00173077 0.00418919
846 0.00180769 0.00418919
847 0.00188462 0.00418919
848 0.00196154 0.00418919
849 0 0.00432432
850 7.69231e-005 0.00432432
851 0.000153846 0.00432432
852 0.000230769 0.00432432
853 0.000307692 0.00432432
854 0.000384615 0.00432432
855 0.000461538 0.00432432
856 0.000538462 0.00432432
857 0.000615385 0.00432432
858 0.000692308 0.00432432
859 0.000769231 0.00432432
860 0.000846154 0.00432432
861 0.000923077 0.00432432
862 0.001 0.00432432
863 0.00107692 0.00432432
864 0.00115385 0.00432432
865 0.00123077 0.00432432
866 0.00130769 0.00432432
867 0.00138462 0.00432432
868 0.00146154 0.00432432
869 0.00153846 0.00432432
870 0.00161538 0.00432432
871 0.00169231 0.00432432
872 0.00176923 0.00432432
873 0.00184615 0.00432432
874 0.00192308 0.00432432
875 0.002 0.00432432
876 0 0.00445946
877 7.69231e-005 0.00445946
878 0.000153846 0.00445946
879 0.000230769 0.00445946
880 0.000307692 0.00445946
881 0.000384615 0.00445946
882 0.000461538 0.00445946
883 0.000538462 0.00445946
884 0.000615385 0.00445946
885 0.000692308 0.00445946
886 0.000769231 0.00445946
887 0.000846154 0.00445946
888 0.000923077 0.00445946
889 0.001 0.00445946
890 0.00107692 0.00445946
891 0.00115385 0.00445946
892 0.00123077 0.00445946
893 0.00130769 0.00445946
894 0.00138462 0.00445946
895 0.00146154 0.00445946
896 0.00153846 0.00445946
897 0.00161538 0.00445946
898 0.00169231 0.00445946
899 0.00176923 0.00445946
900 0.00184615 0.00445946
901 0.00192308 0.00445946
902 0.002 0.00445946
903 3.84615e-005 0.00459459
904 0.000115385 0.00459459
905 0.000192308 0.00459459
906 0.000269231 0.00459459
907 0.000346154 0.00459459
908 0.000423077 0.00459459
909 0.0005 0.00459459
910 0.000576923 0.00459459
911 0.000653846 0.00459459
912 0.000730769 0.00459459
913 0.000807692 0.00459459
914 0.000884615 0.00459459
915 0.000961538 0.00459459
916 0.00103846 0.00459459
917 0.00111538 0.00459459
918 0.00119231 0.00459459
919 0.00126923 0.00459459
920 0.00134615 0.00459459
921 0.00142308 0.00459459
922 0.0015 0.00459459
923 0.00157692 0.00459459
924 0.00165385 0.00459459
925 0.00173077 0.00459459
926 0.00180769 0.00459459
927 0.00188462 0.00459459
928 0.00196154 0.00459459
929 3.84615e-005 0.00472973
930 0.000115385 0.00472973
931 0.000192308 0.00472973
932 0.000269231 0.00472973
933 0.000346154 0.00472973
934 0.000423077 0.00472973
935 0.0005 0.00472973
936 0.000576923 0.00472973
937 0.000653846 0.00472973
938 0.000730769 0.00472973
939 0.000807692 0.00472973
940 0.000884615 0.00472973
941 0.000961538 0.00472973
942 0.00103846 0.00472973
943 0.00111538 0.00472973
944 0.00119231 0.00472973
945 0.00126923 0.00472973
946 0.00134615 0.00472973
947 0.00142308 0.00472973
948 0.0015 0.00472973
949 0.00157692 0.00472973
950 0.00165385 0.00472973
951 0.00173077 0.00472973
952 0.00180769 0.00472973
953 0.00188462 0.00472973
954 0.00196154 0.00472973
955 0 0.00486486
956 7.69231e-005 0.00486486
957 0.000153846 0.00486486
958 0.000230769 0.00486486
959 0.000307692 0.00486486
960 0.000384615 0.00486486
961 0.000461538 0.00486486
962 0.000538462 0.00486486
963 0.000615385 0.00486486
964 0.000692308 0.00486486
965 0.000769231 0.00486486
966 0.000846154 0.00486486
967 0.000923077 0.00486486
968 0.001 0.00486486
969 0.00107692 0.00486486
970 0.00115385 0.00486486
971 0.00123077 0.00486486
972 0.00130769 0.00486486
973 0.00138462 0.00486486
974 0.00146154 0.00486486
975 0.00153846 0.00486486
976 0.00161538 0.00486486
977 0.00169231 0.00486486
978 0.00176923 0.00486486
979 0.00184615 0.00486486
980 0.00192308 0.00486486
981 0.002 0.00486486
-end-cornerpoints-

-configuration-
nrcells 459
1 nrcorners 5 numbers 28 55 29 2 1
2 nrcorners 5 numbers 29 56 30 3 2
3 nrcorners 5 numbers 30 57 31 4 3
4 nrcorners 5 numbers 31 58 32 5 4
5 nrcorners 5 numbers 32 59 33 6 5
6 nrcorners 5 numbers 33 60 34 7 6
7 nrcorners 5 numbers 34 61 35 8 7
8 nrcorners 5 numbers 35 62 36 9 8
9 nrcorners 5 numbers 36 63 37 10 9
10 nrcorners 5 numbers 37 64 38 11 10
11 nrcorners 5 numbers 38 65 39 12 11
12 nrcorners 5 numbers 39 66 40 13 12
13 nrcorners 5 numbers 40 67 41 14 13
14 nrcorners 5 numbers 41 68 42 15 14
15 nrcorners 5 numbers 42 69 43 16 15
16 nrcorners 5 numbers 43 70 44 17 16
17 nrcorners 5 numbers 44 71 45 18 17
18 nrcorners 5 numbers 45 72 46 19 18
19 nrcorners 5 numbers 46 73 47 20 19
20 nrcorners 5 numbers 47 74 48 21 20
21 nrcorners 5 numbers 48 75 49 22 21
22 nrcorners 5 numbers 49 76 50 23 22
23 nrcorners 5 numbers 50 77 51 24 23
24 nrcorners 5 numbers 51 78 52 25 24
25 nrcorners 5 numbers 52 79 53 26 25
26 nrcorners 5 numbers 53 80 54 27 26
27 nrcorners 6 numbers 81 108 82 56 29 55
28 nrcorners 6 numbers 82 109 83 57 30 56
29 nrcorners 6 numbers 83 110 84 58 31 57
30 nrcorners 6 numbers 84 111 85 59 32 58
31 nrcorners 6 numbers 85 112 86 60 33 59
32 nrcorners 6 numbers 86 113 87 61 34 60
33 nrcorners 6 numbers 87 114 88 62 35 61
34 nrcorners 6 numbers 88 115 89 63 36 62
35 nrcorners 6 numbers 89 116 90 64 37 63
36 nrcorners 6 numbers 90 117 91 65 38 64
37 nrcorners 6 numbers 91 118 92 66 39 65
38 nrcorners 6 numbers 92 119 93 67 40 66
39 nrcorners 6 numbers 93 120 94 68 41 67
40 nrcorners 6 numbers 94 121 95 69 42 68
41 nrcorners 6 numbers 95 122 96 70 43 69
42 nrcorners 6 numbers 96 123 97 71 44 70
43 nrcorners 6 numbers 97 124 98 72 45 71
44 nrcorners 6 numbers 98 125 99 73 46 72
45 nrcorners 6 numbers 99 126 100 74 47 73
46 nrcorners 6 numbers 100 127 101 75 48 74
47 nrcorners 6 numbers 101 128 102 76 49 75
48 nrcorners 6 numbers 102 129 103 77 50 76
49 nrcorners 6 numbers 103 130 104 78 51 77
50 nrcorners 6 numbers 104 131 105 79 52 78
51 nrcorners 6 numbers 105 132 106 80 53 79
52 nrcorners 6 numbers 134 161 135 108 81 107
53 nrcorners 6 numbers 135 162 136 109 82 108
54 nrcorners 6 numbers 136 163 137 110 83 109
55 nrcorners 6 numbers 137 164 138 111 84 110
56 nrcorners 6 numbers 138 165 139 112 85 111
57 nrcorners 6 numbers 139 166 140 113 86 112
58 nrcorners 6 numbers 140 167 141 114 87 113
59 nrcorners 6 numbers 141 168 142 115 88 114
60 nrcorners 6 numbers 142 169 143 116 89 115
61 nrcorners 6 numbers 143 170 144 117 90 116
62 nrcorners 6 numbers 144 171 145 118 91 117
63 nrcorners 6 numbers 145 172 146 119 92 118
64 nrcorners 6 numbers 146 173 147 120 93 119
65 nrcorners 6 numbers 147 174 148 121 94 120
66 nrcorners 6 numbers 148 175 149 122 95 121
67 nrcorners 6 numbers 149 176 150 123 96 122
68 nrcorners 6 numbers 150 177 151 124 97 123
69 nrcorners 6 numbers 151 178 152 125 98 124
70 nrcorners 6 numbers 152 179 153 126 99 125
71 nrcorners 6 numbers 153 180 154 127 100 126
72 nrcorners 6 numbers 154 181 155 128 101 127
73 nrcorners 6 numbers 155 182 156 129 102 128
74 nrcorners 6 numbers 156 183 157 130 103 129
75 nrcorners 6 numbers 157 184 158 131 104 130
76 nrcorners 6 numbers 158 185 159 132 105 131
77 nrcorners 6 numbers 159 186 160 133 106 132
78 nrcorners 6 numbers 187 214 188 162 135 161
79 nrcorners 6 numbers 188 215 189 163 136 162
80 nrcorners 6 numbers 189 216 190 164 137 163
81 nrcorners 6 numbers 190 217 191 165 138 164
82 nrcorners 6 numbers 191 218 192 166 139 165
83 nrcorners 6 numbers 192 219 193 167 140 166
84 nrcorners 6 numbers 193 220 194 168 141 167
85 nrcorners 6 numbers 194 221 195 169 142 168
86 nrcorners 6 numbers 195 222 196 170 143 169
87 nrcorners 6 numbers 196 223 197 171 144 170
88 nrcorners 6 numbers 197 224 198 172 145 171
89 nrcorners 6 numbers 198 225 199 173 146 172
90 nrcorners 6 numbers 199 226 200 174 147 173
91 nrcorners 6 numbers 200 227 201 175 148 174
92 nrcorners 6 numbers 201 228 202 176 149 175
93 nrcorners 6 numbers 202 229 203 177 150 176
94 nrcorners 6 numbers 203 230 204 178 151 177
95 nrcorners 6 numbers 204 231 205 179 152 178
96 nrcorners 6 numbers 205 232 206 180 153 179
97 nrcorners 6 numbers 206 233 207 181 154 180
98 nrcorners 6 numbers 207 234 208 182 155 181
99 nrcorners 6 numbers 208 235 209 183 156 182
100 nrcorners 6 numbers 209 236 210 184 157 183
101 nrcorners 6 numbers 210 237 211 185 158 184
102 nrcorners 6 numbers 211 238 212 186 159 185
103 nrcorners 6 numbers 240 267 241 214 187 213
104 nrcorners 6 numbers 241 268 242 215 188 214
105 nrcorners 6 numbers 242 269 243 216 189 215
106 nrcorners 6 numbers 243 270 244 217 190 216
107 nrcorners 6 numbers 244 271 245 218 191 217
108 nrcorners 6 numbers 245 272 246 219 192 218
109 nrcorners 6 numbers 246 273 247 220 193 219
110 nrcorners 6 numbers 247 274 248 221 194 220
111 nrcorners 6 numbers 248 275 249 222 195 221
112 nrcorners 6 numbers 249 276 250 223 196 222
113 nrcorners 6 numbers 250 277 251 224 197 223
114 nrcorners 6 numbers 251 278 252 225 198 224
115 nrcorners 6 numbers 252 279 253 226 199 225
116 nrcorners 6 numbers 253 280 254 227 200 226
117 nrcorners 6 numbers 254 281 255 228 201 227
118 nrcorners 6 numbers 255 282 256 229 202 228
119 nrcorners 6 numbers 256 283 257 230 203 229
120 nrcorners 6 numbers 257 284 258 231 204 230
121 nrcorners 6 numbers 258 285 259 232 205 231
122 nrcorners 6 numbers 259 286 260 233 206 232
123 nrcorners 6 numbers 260 287 261 234 207 233
124 nrcorners 6 numbers 261 288 262 235 208 234
125 nrcorners 6 numbers 262 289 263 236 209 235
126 nrcorners 6 numbers 263 290 264 237 210 236
127 nrcorners 6 numbers 264 291 265 238 211 237
128 nrcorners 6 numbers 265 292 266 239 212 238
129 nrcorners 6 numbers 293 320 294 268 241 267
130 nrcorners 6 numbers 294 321 295 269 242 268
131 nrcorners 6 numbers 295 322 296 270 243 269
132 nrcorners 6 numbers 296 323 297 271 244 270
133 nrcorners 6 numbers 297 324 298 272 245 271
134 nrcorners 6 numbers 298 325 299 273 246 272
135 nrcorners 6 numbers 299 326 300 274 247 273
136 nrcorners 6 numbers 300 327 301 275 248 274
137 nrcorners 6 numbers 301 328 302 276 249 275
138 nrcorners 6 numbers 302 329 303 277 250 276
139 nrcorners 6 numbers 303 330 304 278 251 277
140 nrcorners 6 numbers 304 331 305 279 252 278
141 nrcorners 6 numbers 305 332 306 280 253 279
142 nrcorners 6 numbers 306 333 307 281 254 280
143 nrcorners 6 numbers 307 334 308 282 255 281
144 nrcorners 6 numbers 308 335 309 283 256 282
145 nrcorners 6 numbers 309 336 310 284 257 283
146 nrcorners 6 numbers 310 337 311 285 258 284
147 nrcorners 6 numbers 311 338 312 286 259 285
148 nrcorners 6 numbers 312 339 313 287 260 286
149 nrcorners 6 numbers 313 340 314 288 261 287
150 nrcorners 6 numbers 314 341 315 289 262 288
151 nrcorners 6 numbers 315 342 316 290 263 289
152 nrcorners 6 numbers 316 343 317 291 264 290
153 nrcorners 6 numbers 317 344 318 292 265 291
154 nrcorners 6 numbers 346 373 347 320 293 319
155 nrcorners 6 numbers 347 374 348 321 294 320
156 nrcorners 6 numbers 348 375 349 322 295 321
157 nrcorners 6 numbers 349 376 350 323 296 322
158 nrcorners 6 numbers 350 377 351 324 297 323
159 nrcorners 6 numbers 351 378 352 325 298 324
160 nrcorners 6 numbers 352 379 353 326 299 325
161 nrcorners 6 numbers 353 380 354 327 300 326
162 nrcorners 6 numbers 354 381 355 328 301 327
163 nrcorners 6 numbers 355 382 356 329 302 328
164 nrcorners 6 numbers 356 383 357 330 303 329
165 nrcorners 6 numbers 357 384 358 331 304 330
166 nrcorners 6 numbers 358 385 359 332 305 331
167 nrcorners 6 numbers 359 386 360 333 306 332
168 nrcorners 6 numbers 360 387 361 334 307 333
169 nrcorners 6 numbers 361 388 362 335 308 334
170 nrcorners 6 numbers 362 389 363 336 309 335
171 nrcorners 6 numbers 363 390 364 337 310 336
172 nrcorners 6 numbers 364 391 365 338 311 337
173 nrcorners 6 numbers 365 392 366 339 312 338
174 nrcorners 6 numbers 366 393 367 340 313 339
175 nrcorners 6 numbers 367 394 368 341 314 340
176 nrcorners 6 numbers 368 395 369 342 315 341
177 nrcorners 6 numbers 369 396 370 343 316 342
178 nrcorners 6 numbers 370 397 371 344 317 343
179 nrcorners 6 numbers 371 398 372 345 318 344
180 nrcorners 6 numbers 399 426 400 374 347 373
181 nrcorners 6 numbers 400 427 401 375 348 374
182 nrcorners 6 numbers 401 428 402 376 349 375
183 nrcorners 6 numbers 402 429 403 377 350 376
184 nrcorners 6 numbers 403 430 404 378 351 377
185 nrcorners 6 numbers 404 431 405 379 352 378
186 nrcorners 6 numbers 405 432 406 380 353 379
187 nrcorners 6 numbers 406 433 407 381 354 380
188 nrcorners 6 numbers 407 434 408 382 355 381
189 nrcorners 6 numbers 408 435 409 383 356 382
190 nrcorners 6 numbers 409 436 410 384 357 383
191 nrcorners 6 numbers 410 437 411 385 358 384
192 nrcorners 6 numbers 411 438 412 386 359 385
193 nrcorners 6 numbers 412 439 413 387 360 386
194 nrcorners 6 numbers 413 440 414 388 361 387
195 nrcorners 6 numbers 414 441 415 389 362 388
196 nrcorners 6 numbers 415 442 416 390 363 389
197 nrcorners 6 numbers 416 443 417 391 364 390
198 nrcorners 6 numbers 417 444 418 392 365 391
199 nrcorners 6 numbers 418 445 419 393 366 392
200 nrcorners 6 numbers 419 446 420 394 367 393
201 nrcorners 6 numbers 420 447 421 395 368 394
202 nrcorners 6 numbers 421 448 422 396 369 395
203 nrcorners 6 numbers 422 449 423 397 370 396
204 nrcorners 6 numbers 423 450 424 398 371 397
205 nrcorners 6 numbers 452 479 453 426 399 425
206 nrcorners 6 numbers 453 480 454 427 400 426
207 nrcorners 6 numbers 454 481 455 428 401 427
208 nrcorners 6 numbers 455 482 456 429 402 428
209 nrcorners 6 numbers 456 483 457 430 403 429
210 nrcorners 6 numbers 457 484 458 431 404 430
211 nrcorners 6 numbers 458 485 459 432 405 431
212 nrcorners 6 numbers 459 486 460 433 406 432
213 nrcorners 6 numbers 460 487 461 434 407 433
214 nrcorners 6 numbers 461 488 462 435 408 434
215 nrcorners 6 numbers 462 489 463 436 409 435
216 nrcorners 6 numbers 463 490 464 437 410 436
217 nrcorners 6 numbers 464 491 465 438 411 437
218 nrcorners 6 numbers 465 492 466 439 412 438
219 nrcorners 6 numbers 466 493 467 440 413 439
220 nrcorners 6 numbers 467 494 468 441 414 440
221 nrcorners 6 numbers 468 495 469 442 415 441
222 nrcorners 6 numbers 469 496 470 443 416 442
223 nrcorners 6 numbers 470 497 471 444 417 443
224 nrcorners 6 numbers 471 498 472 445 418 444
225 nrcorners 6 numbers 472 499 473 446 419 445
226 nrcorners 6 numbers 473 500 474 447 420 446
227 nrcorners 6 numbers 474 501 475 448 421 447
228 nrcorners 6 numbers 475 502 476 449 422 448
229 nrcorners 6 numbers 476 503 477 450 423 449
230 nrcorners 6 numbers 477 504 478 451 424 450
231 nrcorners 6 numbers 505 532 506 480 453 479
232 nrcorners 6 numbers 506 533 507 481 454 480
233 nrcorners 6 numbers 507 534 508 482 455 481
234 nrcorners 6 numbers 508 535 509 483 456 482
235 nrcorners 6 numbers 509 536 510 484 457 483
236 nrcorners 6 numbers 510 537 511 485 458 484
237 nrcorners 6 numbers 511 538 512 486 459 485
238 nrcorners 6 numbers 512 539 513 487 460 486
239 nrcorners 6 numbers 513 540 514 488 461 487
240 nrcorners 6 numbers 514 541 515 489 462 488
241 nrcorners 6 numbers 515 542 516 490 463 489
242 nrcorners 6 numbers 516 543 517 491 464 490
243 nrcorners 6 numbers 517 544 518 492 465 491
244 nrcorners 6 numbers 518 545 519 493 466 492
245 nrcorners 6 numbers 519 546 520 494 467 493
246 nrcorners 6 numbers 520 547 521 495 468 494
247 nrcorners 6 numbers 521 548 522 496 469 495
248 nrcorners 6 numbers 522 549 523 497 470 496
249 nrcorners 6 numbers 523 550 524 498 471 497
250 nrcorners 6 numbers 524 551 525 499 472 498
251 nrcorners 6 numbers 525 552 526 500 473 499
252 nrcorners 6 numbers 526 553 527 501 474 500
253 nrcorners 6 numbers 527 554 528 502 475 501
254 nrcorners 6 numbers 528 555 529 503 476 502
255 nrcorners 6 numbers 529 556 530 504 477 503
256 nrcorners 6 numbers 558 585 559 532 505 531
257 nrcorners 6 numbers 559 586 560 533 506 532
258 nrcorners 6 numbers 560 587 561 534 507 533
259 nrcorners 6 numbers 561 588 562 535 508 534
260 nrcorners 6 numbers 562 589 563 536 509 535
261 nrcorners 6 numbers 563 590 564 537 510 536
262 nrcorners 6 numbers 564 591 565 538 511 537
263 nrcorners 6 numbers 565 592 566 539 512 538
264 nrcorners 6 numbers 566 593 567 540 513 539
265 nrcorners 6 numbers 567 594 568 541 514 540
266 nrcorners 6 numbers 568 595 569 542 515 541
267 nrcorners 6 numbers 569 596 570 543 516 542
268 nrcorners 6 numbers 570 597 571 544 517 543
269 nrcorners 6 numbers 571 598 572 545 518 544
270 nrcorners 6 numbers 572 599 573 546 519 545
271 nrcorners 6 numbers 573 600 574 547 520 546
272 nrcorners 6 numbers 574 601 575 548 521 547
273 nrcorners 6 numbers 575 602 576 549 522 548
274 nrcorners 6 numbers 576 603 577 550 523 549
275 nrcorners 6 numbers 577 604 578 551 524 550
276 nrcorners 6 numbers 578 605 579 552 525 551
277 nrcorners 6 numbers 579 606 580 553 526 552
278 nrcorners 6 numbers 580 607 581 554 527 553
279 nrcorners 6 numbers 581 608 582 555 528 554
280 nrcorners 6 numbers 582 609 583 556 529 555
281 nrcorners 6 numbers 583 610 584 557 530 556
282 nrcorners 6 numbers 611 638 612 586 559 585
283 nrcorners 6 numbers 612 639 613 587 560 586
284 nrcorners 6 numbers 613 640 614 588 561 587
285 nrcorners 6 numbers 614 641 615 589 562 588
286 nrcorners 6 numbers 615 642 616 590 563 589
287 nrcorners 6 numbers 616 643 617 591 564 590
288 nrcorners 6 numbers 617 644 618 592 565 591
289 nrcorners 6 numbers 618 645 619 593 566 592
290 nrcorners 6 numbers 619 646 620 594 567 593
291 nrcorners 6 numbers 620 647 621 595 568 594
292 nrcorners 6 numbers 621 648 622 596 569 595
293 nrcorners 6 numbers 622 649 623 597 570 596
294 nrcorners 6 numbers 623 650 624 598 571 597
295 nrcorners 6 numbers 624 651 625 599 572 598
296 nrcorners 6 numbers 625 652 626 600 573 599
297 nrcorners 6 numbers 626 653 627 601 574 600
298 nrcorners 6 numbers 627 654 628 602 575 601
299 nrcorners 6 numbers 628 655 629 603 576 602
300 nrcorners 6 numbers 629 656 630 604 577 603
301 nrcorners 6 numbers 630 657 631 605 578 604
302 nrcorners 6 numbers 631 658 632 606 579 605
303 nrcorners 6 numbers 632 659 633 607 580 606
304 nrcorners 6 numbers 633 660 634 608 581 607
305 nrcorners 6 numbers 634 661 635 609 582 608
306 nrcorners 6 numbers 635 662 636 610 583 609
307 nrcorners 6 numbers 664 691 665 638 611 637
308 nrcorners 6 numbers 665 692 666 639 612 638
309 nrcorners 6 numbers 666 693 667 640 613 639
310 nrcorners 6 numbers 667 694 668 641 614 640
311 nrcorners 6 numbers 668 695 669 642 615 641
312 nrcorners 6 numbers 669 696 670 643 616 642
313 nrcorners 6 numbers 670 697 671 644 617 643
314 nrcorners 6 numbers 671 698 672 645 618 644
315 nrcorners 6 numbers 672 699 673 646 619 645
316 nrcorners 6 numbers 673 700 674 647 620 646
317 nrcorners 6 numbers 674 701 675 648 621 647
318 nrcorners 6 numbers 675 702 676 649 622 648
319 nrcorners 6 numbers 676 703 677 650 623 649
320 nrcorners 6 numbers 677 704 678 651 624 650
321 nrcorners 6 numbers 678 705 679 652 625 651
322 nrcorners 6 numbers 679 706 680 653 626 652
323 nrcorners 6 numbers 680 707 681 654 627 653
324 nrcorners 6 numbers 681 708 682 655 628 654
325 nrcorners 6 numbers 682 709 683 656 629 655
326 nrcorners 6 numbers 683 710 684 657 630 656
327 nrcorners 6 numbers 684 711 685 658 631 657
328 nrcorners 6 numbers 685 712 686 659 632 658
329 nrcorners 6 numbers 686 713 687 660 633 659
330 nrcorners 6 numbers 687 714 688 661 634 660
331 nrcorners 6 numbers 688 715 689 662 635 661
332 nrcorners 6 numbers 689 716 690 663 636 662
333 nrcorners 6 numbers 717 744 718 692 665 691
334 nrcorners 6 numbers 718 745 719 693 666 692
335 nrcorners 6 numbers 719 746 720 694 667 693
336 nrcorners 6 numbers 720 747 721 695 668 694
337 nrcorners 6 numbers 721 748 722 696 669 695
338 nrcorners 6 numbers 722 749 723 697 670 696
339 nrcorners 6 numbers 723 750 724 698 671 697
340 nrcorners 6 numbers 724 751 725 699 672 698
341 nrcorners 6 numbers 725 752 726 700 673 699
342 nrcorners 6 numbers 726 753 727 701 674 700
343 nrcorners 6 numbers 727 754 728 702 675 701
344 nrcorners 6 numbers 728 755 729 703 676 702
345 nrcorners 6 numbers 729 756 730 704 677 703
346 nrcorners 6 numbers 730 757 731 705 678 704
347 nrcorners 6 numbers 731 758 732 706 679 705
348 nrcorners 6 numbers 732 759 733 707 680 706
349 nrcorners 6 numbers 733 760 734 708 681 707
350 nrcorners 6 numbers 734 761 735 709 682 708
351 nrcorners 6 numbers 735 762 736 710 683 709
352 nrcorners 6 numbers 736 763 737 711 684 710
353 nrcorners 6 numbers 737 764 738 712 685 711
354 nrcorners 6 numbers 738 765 739 713 686 712
355 nrcorners 6 numbers 739 766 740 714 687 713
356 nrcorners 6 numbers 740 767 741 715 688 714
357 nrcorners 6 numbers 741 768 742 716 689 715
358 nrcorners 6 numbers 770 797 771 744 717 743
359 nrcorners 6 numbers 771 798 772 745 718 744
360 nrcorners 6 numbers 772 799 773 746 719 745
361 nrcorners 6 numbers 773 800 774 747 720 746
362 nrcorners 6 numbers 774 801 775 748 721 747
363 nrcorners 6 numbers 775 802 776 749 722 748
364 nrcorners 6 numbers 776 803 777 750 723 749
365 nrcorners 6 numbers 777 804 778 751 724 750
366 nrcorners 6 numbers 778 805 779 752 725 751
367 nrcorners 6 numbers 779 806 780 753 726 752
368 nrcorners 6 numbers 780 807 781 754 727 753
369 nrcorners 6 numbers 781 808 782 755 728 754
370 nrcorners 6 numbers 782 809 783 756 729 755
371 nrcorners 6 numbers 783 810 784 757 730 756
372 nrcorners 6 numbers 784 811 785 758 731 757
373 nrcorners 6 numbers 785 812 786 759 732 758
374 nrcorners 6 numbers 786 813 787 760 733 759
375 nrcorners 6 numbers 787 814 788 761 734 760
376 nrcorners 6 numbers 788 815 789 762 735 761
377 nrcorners 6 numbers 789 816 790 763 736 762
378 nrcorners 6 numbers 790 817 791 764 737 763
379 nrcorners 6 numbers 791 818 792 765 738 764
380 nrcorners 6 numbers 792 819 793 766 739 765
381 nrcorners 6 numbers 793 820 794 767 740 766
382 nrcorners 6 numbers 794 821 795 768 741 767
383 nrcorners 6 numbers 795 822 796 769 742 768
384 nrcorners 6 numbers 823 850 824 798 771 797
385 nrcorners 6 numbers 824 851 825 799 772 798
386 nrcorners 6 numbers 825 852 826 800 773 799
387 nrcorners 6 numbers 826 853 827 801 774 800
388 nrcorners 6 numbers 827 854 828 802 775 801
389 nrcorners 6 numbers 828 855 829 803 776 802
390 nrcorners 6 numbers 829 856 830 804 777 803
391 nrcorners 6 numbers 830 857 831 805 778 804
392 nrcorners 6 numbers 831 858 832 806 779 805
393 nrcorners 6 numbers 832 859 833 807 780 806
394 nrcorners 6 numbers 833 860 834 808 781 807
395 nrcorners 6 numbers 834 861 835 809 782 808
396 nrcorners 6 numbers 835 862 836 810 783 809
397 nrcorners 6 numbers 836 863 837 811 784 810
398 nrcorners 6 numbers 837 864 838 812 785 811
399 nrcorners 6 numbers 838 865 839 813 786 812
400 nrcorners 6 numbers 839 866 840 814 787 813
401 nrcorners 6 numbers 840 867 841 815 788 814
402 nrcorners 6 numbers 841 868 842 816 789 815
403 nrcorners 6 numbers 842 869 843 817 790 816
404 nrcorners 6 numbers 843 870 844 818 791 817
405 nrcorners 6 numbers 844 871 845 819 792 818
406 nrcorners 6 numbers 845 872 846 820 793 819
407 nrcorners 6 numbers 846 873 847 821 794 820
408 nrcorners 6 numbers 847 874 848 822 795 821
409 nrcorners 6 numbers 876 903 877 850 823 849
410 nrcorners 6 numbers 877 904 878 851 824 850
411 nrcorners 6 numbers 878 905 879 852 825 851
412 nrcorners 6 numbers 879 906 880 853 826 852
413 nrcorners 6 numbers 880 907 881 854 827 853
414 nrcorners 6 numbers 881 908 882 855 828 854
415 nrcorners 6 numbers 882 909 883 856 829 855
416 nrcorners 6 numbers 883 910 884 857 830 856
417 nrcorners 6 numbers 884 911 885 858 831 857
418 nrcorners 6 numbers 885 912 886 859 832 858
419 nrcorners 6 numbers 886 913 887 860 833 859
420 nrcorners 6 numbers 887 914 888 861 834 860
421 nrcorners 6 numbers 888 915 889 862 835 861
422 nrcorners 6 numbers 889 916 890 863 836 862
423 nrcorners 6 numbers 890 917 891 864 837 863
424 nrcorners 6 numbers 891 918 892 865 838 864
425 nrcorners 6 numbers 892 919 893 866 839 865
426 nrcorners 6 numbers 893 920 894 867 840 866
427 nrcorners 6 numbers 894 921 895 868 841 867
428 nrcorners 6 numbers 895 922 896 869 842 868
429 nrcorners 6 numbers 896 923 897 870 843 869
430 nrcorners 6 numbers 897 924 898 871 844 870
431 nrcorners 6 numbers 898 925 899 872 845 871
432 nrcorners 6 numbers 899 926 900 873 846 872
433 nrcorners 6 numbers 900 927 901 874 847 873
434 nrcorners 6 numbers 901 928 902 875 848 874
435 nrcorners 6 numbers 929 956 930 904 877 903
436 nrcorners 6 numbers 930 957 931 905 878 904
437 nrcorners 6 numbers 931 958 932 906 879 905
438 nrcorners 6 numbers 932 959 933 907 880 906
439 nrcorners 6 numbers 933 960 934 908 881 907
440 nrcorners 6 numbers 934 961 935 909 882 908
441 nrcorners 6 numbers 935 962 936 910 883 909
442 nrcorners 6 numbers 936 963 937 911 884 910
443 nrcorners 6 numbers 937 964 938 912 885 911
444 nrcorners 6 numbers 938 965 939 913 886 912
445 nrcorners 6 numbers 939 966 940 914 887 913
446 nrcorners 6 numbers 940 967 941 915 888 914
447 nrcorners 6 numbers 941 968 942 916 889 915
448 nrcorners 6 numbers 942 969 943 917 890 916
449 nrcorners 6 numbers 943 970 944 918 891 917
450 nrcorners 6 numbers 944 971 945 919 892 918
451 nrcorners 6 numbers 945 972 946 920 893 919
452 nrcorners 6 numbers 946 973 947 921 894 920
453 nrcorners 6 numbers 947 974 948 922 895 921
454 nrcorners 6 numbers 948 975 949 923 896 922
455 nrcorners 6 numbers 949 976 950 924 897 923
456 nrcorners 6 numbers 950 977 951 925 898 924
457 nrcorners 6 numbers 951 978 952 926 899 925
458 nrcorners 6 numbers 952 979 953 927 900 926
459 nrcorners 6 numbers 953 980 954 928 901 927
-end-configuration-

-northface-
nrcorners 27
numbers 955 956 957 958 959 960 961 962 963 964 965 966 967 968 969 970 971 972 973 974 975 976 977 978 979 980 981 
-end-northface-

-eastface-
nrcorners 38
numbers 27 54 80 106 133 160 186 212 239 266 292 318 345 372 398 424 451 478 504 530 557 584 610 636 663 690 716 742 769 796 822 848 875 902 928 954 981 
-end-eastface-

-southface-
nrcorners 27
numbers 1 2 3 4 5 6 7 8 9 10 11 12 13 14 15 16 17 18 19 20 21 22 23 24 25 26 27 
-end-southface-

-westface-
nrcorners 38
numbers 1 28 55 81 107 134 161 187 213 240 267 293 319 346 373 399 425 452 479 505 531 558 585 611 637 664 691 717 743 770 797 823 849 876 903 929 955 
-end-westface-

