-cornerpoints-
nrcorners 625
1 0 0 
2 6e-005 0 
3 0.00012 0 
4 0.00018 0 
5 0.00024 0 
6 0.0003 0 
7 0.00036 0 
8 0.00042 0 
9 0.00048 0 
10 0.00054 0 
11 0.0006 0 
12 0.00066 0 
13 0.00072 0 
14 0.00078 0 
15 0.00084 0 
16 0.0009 0 
17 0.00096 0 
18 0.00102 0 
19 0.00108 0 
20 0.00114 0 
21 0.0012 0 
22 0.00126 0 
23 0.00132 0 
24 0.00138 0 
25 0.00144 0 
26 0 5e-006 
27 6e-005 5e-006 
28 0.00012 5e-006 
29 0.00018 5e-006 
30 0.00024 5e-006 
31 0.0003 5e-006 
32 0.00036 5e-006 
33 0.00042 5e-006 
34 0.00048 5e-006 
35 0.00054 5e-006 
36 0.0006 5e-006 
37 0.00066 5e-006 
38 0.00072 5e-006 
39 0.00078 5e-006 
40 0.00084 5e-006 
41 0.0009 5e-006 
42 0.00096 5e-006 
43 0.00102 5e-006 
44 0.00108 5e-006 
45 0.00114 5e-006 
46 0.0012 5e-006 
47 0.00126 5e-006 
48 0.00132 5e-006 
49 0.00138 5e-006 
50 0.00144 5e-006 
51 0 1e-005 
52 6e-005 1e-005 
53 0.00012 1e-005 
54 0.00018 1e-005 
55 0.00024 1e-005 
56 0.0003 1e-005 
57 0.00036 1e-005 
58 0.00042 1e-005 
59 0.00048 1e-005 
60 0.00054 1e-005 
61 0.0006 1e-005 
62 0.00066 1e-005 
63 0.00072 1e-005 
64 0.00078 1e-005 
65 0.00084 1e-005 
66 0.0009 1e-005 
67 0.00096 1e-005 
68 0.00102 1e-005 
69 0.00108 1e-005 
70 0.00114 1e-005 
71 0.0012 1e-005 
72 0.00126 1e-005 
73 0.00132 1e-005 
74 0.00138 1e-005 
75 0.00144 1e-005 
76 0 1.5e-005 
77 6e-005 1.5e-005 
78 0.00012 1.5e-005 
79 0.00018 1.5e-005 
80 0.00024 1.5e-005 
81 0.0003 1.5e-005 
82 0.00036 1.5e-005 
83 0.00042 1.5e-005 
84 0.00048 1.5e-005 
85 0.00054 1.5e-005 
86 0.0006 1.5e-005 
87 0.00066 1.5e-005 
88 0.00072 1.5e-005 
89 0.00078 1.5e-005 
90 0.00084 1.5e-005 
91 0.0009 1.5e-005 
92 0.00096 1.5e-005 
93 0.00102 1.5e-005 
94 0.00108 1.5e-005 
95 0.00114 1.5e-005 
96 0.0012 1.5e-005 
97 0.00126 1.5e-005 
98 0.00132 1.5e-005 
99 0.00138 1.5e-005 
100 0.00144 1.5e-005 
101 0 2e-005 
102 6e-005 2e-005 
103 0.00012 2e-005 
104 0.00018 2e-005 
105 0.00024 2e-005 
106 0.0003 2e-005 
107 0.00036 2e-005 
108 0.00042 2e-005 
109 0.00048 2e-005 
110 0.00054 2e-005 
111 0.0006 2e-005 
112 0.00066 2e-005 
113 0.00072 2e-005 
114 0.00078 2e-005 
115 0.00084 2e-005 
116 0.0009 2e-005 
117 0.00096 2e-005 
118 0.00102 2e-005 
119 0.00108 2e-005 
120 0.00114 2e-005 
121 0.0012 2e-005 
122 0.00126 2e-005 
123 0.00132 2e-005 
124 0.00138 2e-005 
125 0.00144 2e-005 
126 0 2.5e-005 
127 6e-005 2.5e-005 
128 0.00012 2.5e-005 
129 0.00018 2.5e-005 
130 0.00024 2.5e-005 
131 0.0003 2.5e-005 
132 0.00036 2.5e-005 
133 0.00042 2.5e-005 
134 0.00048 2.5e-005 
135 0.00054 2.5e-005 
136 0.0006 2.5e-005 
137 0.00066 2.5e-005 
138 0.00072 2.5e-005 
139 0.00078 2.5e-005 
140 0.00084 2.5e-005 
141 0.0009 2.5e-005 
142 0.00096 2.5e-005 
143 0.00102 2.5e-005 
144 0.00108 2.5e-005 
145 0.00114 2.5e-005 
146 0.0012 2.5e-005 
147 0.00126 2.5e-005 
148 0.00132 2.5e-005 
149 0.00138 2.5e-005 
150 0.00144 2.5e-005 
151 0 3e-005 
152 6e-005 3e-005 
153 0.00012 3e-005 
154 0.00018 3e-005 
155 0.00024 3e-005 
156 0.0003 3e-005 
157 0.00036 3e-005 
158 0.00042 3e-005 
159 0.00048 3e-005 
160 0.00054 3e-005 
161 0.0006 3e-005 
162 0.00066 3e-005 
163 0.00072 3e-005 
164 0.00078 3e-005 
165 0.00084 3e-005 
166 0.0009 3e-005 
167 0.00096 3e-005 
168 0.00102 3e-005 
169 0.00108 3e-005 
170 0.00114 3e-005 
171 0.0012 3e-005 
172 0.00126 3e-005 
173 0.00132 3e-005 
174 0.00138 3e-005 
175 0.00144 3e-005 
176 0 3.5e-005 
177 6e-005 3.5e-005 
178 0.00012 3.5e-005 
179 0.00018 3.5e-005 
180 0.00024 3.5e-005 
181 0.0003 3.5e-005 
182 0.00036 3.5e-005 
183 0.00042 3.5e-005 
184 0.00048 3.5e-005 
185 0.00054 3.5e-005 
186 0.0006 3.5e-005 
187 0.00066 3.5e-005 
188 0.00072 3.5e-005 
189 0.00078 3.5e-005 
190 0.00084 3.5e-005 
191 0.0009 3.5e-005 
192 0.00096 3.5e-005 
193 0.00102 3.5e-005 
194 0.00108 3.5e-005 
195 0.00114 3.5e-005 
196 0.0012 3.5e-005 
197 0.00126 3.5e-005 
198 0.00132 3.5e-005 
199 0.00138 3.5e-005 
200 0.00144 3.5e-005 
201 0 4e-005 
202 6e-005 4e-005 
203 0.00012 4e-005 
204 0.00018 4e-005 
205 0.00024 4e-005 
206 0.0003 4e-005 
207 0.00036 4e-005 
208 0.00042 4e-005 
209 0.00048 4e-005 
210 0.00054 4e-005 
211 0.0006 4e-005 
212 0.00066 4e-005 
213 0.00072 4e-005 
214 0.00078 4e-005 
215 0.00084 4e-005 
216 0.0009 4e-005 
217 0.00096 4e-005 
218 0.00102 4e-005 
219 0.00108 4e-005 
220 0.00114 4e-005 
221 0.0012 4e-005 
222 0.00126 4e-005 
223 0.00132 4e-005 
224 0.00138 4e-005 
225 0.00144 4e-005 
226 0 4.5e-005 
227 6e-005 4.5e-005 
228 0.00012 4.5e-005 
229 0.00018 4.5e-005 
230 0.00024 4.5e-005 
231 0.0003 4.5e-005 
232 0.00036 4.5e-005 
233 0.00042 4.5e-005 
234 0.00048 4.5e-005 
235 0.00054 4.5e-005 
236 0.0006 4.5e-005 
237 0.00066 4.5e-005 
238 0.00072 4.5e-005 
239 0.00078 4.5e-005 
240 0.00084 4.5e-005 
241 0.0009 4.5e-005 
242 0.00096 4.5e-005 
243 0.00102 4.5e-005 
244 0.00108 4.5e-005 
245 0.00114 4.5e-005 
246 0.0012 4.5e-005 
247 0.00126 4.5e-005 
248 0.00132 4.5e-005 
249 0.00138 4.5e-005 
250 0.00144 4.5e-005 
251 0 5e-005 
252 6e-005 5e-005 
253 0.00012 5e-005 
254 0.00018 5e-005 
255 0.00024 5e-005 
256 0.0003 5e-005 
257 0.00036 5e-005 
258 0.00042 5e-005 
259 0.00048 5e-005 
260 0.00054 5e-005 
261 0.0006 5e-005 
262 0.00066 5e-005 
263 0.00072 5e-005 
264 0.00078 5e-005 
265 0.00084 5e-005 
266 0.0009 5e-005 
267 0.00096 5e-005 
268 0.00102 5e-005 
269 0.00108 5e-005 
270 0.00114 5e-005 
271 0.0012 5e-005 
272 0.00126 5e-005 
273 0.00132 5e-005 
274 0.00138 5e-005 
275 0.00144 5e-005 
276 0 5.5e-005 
277 6e-005 5.5e-005 
278 0.00012 5.5e-005 
279 0.00018 5.5e-005 
280 0.00024 5.5e-005 
281 0.0003 5.5e-005 
282 0.00036 5.5e-005 
283 0.00042 5.5e-005 
284 0.00048 5.5e-005 
285 0.00054 5.5e-005 
286 0.0006 5.5e-005 
287 0.00066 5.5e-005 
288 0.00072 5.5e-005 
289 0.00078 5.5e-005 
290 0.00084 5.5e-005 
291 0.0009 5.5e-005 
292 0.00096 5.5e-005 
293 0.00102 5.5e-005 
294 0.00108 5.5e-005 
295 0.00114 5.5e-005 
296 0.0012 5.5e-005 
297 0.00126 5.5e-005 
298 0.00132 5.5e-005 
299 0.00138 5.5e-005 
300 0.00144 5.5e-005 
301 0 6e-005 
302 6e-005 6e-005 
303 0.00012 6e-005 
304 0.00018 6e-005 
305 0.00024 6e-005 
306 0.0003 6e-005 
307 0.00036 6e-005 
308 0.00042 6e-005 
309 0.00048 6e-005 
310 0.00054 6e-005 
311 0.0006 6e-005 
312 0.00066 6e-005 
313 0.00072 6e-005 
314 0.00078 6e-005 
315 0.00084 6e-005 
316 0.0009 6e-005 
317 0.00096 6e-005 
318 0.00102 6e-005 
319 0.00108 6e-005 
320 0.00114 6e-005 
321 0.0012 6e-005 
322 0.00126 6e-005 
323 0.00132 6e-005 
324 0.00138 6e-005 
325 0.00144 6e-005 
326 0 6.5e-005 
327 6e-005 6.5e-005 
328 0.00012 6.5e-005 
329 0.00018 6.5e-005 
330 0.00024 6.5e-005 
331 0.0003 6.5e-005 
332 0.00036 6.5e-005 
333 0.00042 6.5e-005 
334 0.00048 6.5e-005 
335 0.00054 6.5e-005 
336 0.0006 6.5e-005 
337 0.00066 6.5e-005 
338 0.00072 6.5e-005 
339 0.00078 6.5e-005 
340 0.00084 6.5e-005 
341 0.0009 6.5e-005 
342 0.00096 6.5e-005 
343 0.00102 6.5e-005 
344 0.00108 6.5e-005 
345 0.00114 6.5e-005 
346 0.0012 6.5e-005 
347 0.00126 6.5e-005 
348 0.00132 6.5e-005 
349 0.00138 6.5e-005 
350 0.00144 6.5e-005 
351 0 7e-005 
352 6e-005 7e-005 
353 0.00012 7e-005 
354 0.00018 7e-005 
355 0.00024 7e-005 
356 0.0003 7e-005 
357 0.00036 7e-005 
358 0.00042 7e-005 
359 0.00048 7e-005 
360 0.00054 7e-005 
361 0.0006 7e-005 
362 0.00066 7e-005 
363 0.00072 7e-005 
364 0.00078 7e-005 
365 0.00084 7e-005 
366 0.0009 7e-005 
367 0.00096 7e-005 
368 0.00102 7e-005 
369 0.00108 7e-005 
370 0.00114 7e-005 
371 0.0012 7e-005 
372 0.00126 7e-005 
373 0.00132 7e-005 
374 0.00138 7e-005 
375 0.00144 7e-005 
376 0 7.5e-005 
377 6e-005 7.5e-005 
378 0.00012 7.5e-005 
379 0.00018 7.5e-005 
380 0.00024 7.5e-005 
381 0.0003 7.5e-005 
382 0.00036 7.5e-005 
383 0.00042 7.5e-005 
384 0.00048 7.5e-005 
385 0.00054 7.5e-005 
386 0.0006 7.5e-005 
387 0.00066 7.5e-005 
388 0.00072 7.5e-005 
389 0.00078 7.5e-005 
390 0.00084 7.5e-005 
391 0.0009 7.5e-005 
392 0.00096 7.5e-005 
393 0.00102 7.5e-005 
394 0.00108 7.5e-005 
395 0.00114 7.5e-005 
396 0.0012 7.5e-005 
397 0.00126 7.5e-005 
398 0.00132 7.5e-005 
399 0.00138 7.5e-005 
400 0.00144 7.5e-005 
401 0 8e-005 
402 6e-005 8e-005 
403 0.00012 8e-005 
404 0.00018 8e-005 
405 0.00024 8e-005 
406 0.0003 8e-005 
407 0.00036 8e-005 
408 0.00042 8e-005 
409 0.00048 8e-005 
410 0.00054 8e-005 
411 0.0006 8e-005 
412 0.00066 8e-005 
413 0.00072 8e-005 
414 0.00078 8e-005 
415 0.00084 8e-005 
416 0.0009 8e-005 
417 0.00096 8e-005 
418 0.00102 8e-005 
419 0.00108 8e-005 
420 0.00114 8e-005 
421 0.0012 8e-005 
422 0.00126 8e-005 
423 0.00132 8e-005 
424 0.00138 8e-005 
425 0.00144 8e-005 
426 0 8.5e-005 
427 6e-005 8.5e-005 
428 0.00012 8.5e-005 
429 0.00018 8.5e-005 
430 0.00024 8.5e-005 
431 0.0003 8.5e-005 
432 0.00036 8.5e-005 
433 0.00042 8.5e-005 
434 0.00048 8.5e-005 
435 0.00054 8.5e-005 
436 0.0006 8.5e-005 
437 0.00066 8.5e-005 
438 0.00072 8.5e-005 
439 0.00078 8.5e-005 
440 0.00084 8.5e-005 
441 0.0009 8.5e-005 
442 0.00096 8.5e-005 
443 0.00102 8.5e-005 
444 0.00108 8.5e-005 
445 0.00114 8.5e-005 
446 0.0012 8.5e-005 
447 0.00126 8.5e-005 
448 0.00132 8.5e-005 
449 0.00138 8.5e-005 
450 0.00144 8.5e-005 
451 0 9e-005 
452 6e-005 9e-005 
453 0.00012 9e-005 
454 0.00018 9e-005 
455 0.00024 9e-005 
456 0.0003 9e-005 
457 0.00036 9e-005 
458 0.00042 9e-005 
459 0.00048 9e-005 
460 0.00054 9e-005 
461 0.0006 9e-005 
462 0.00066 9e-005 
463 0.00072 9e-005 
464 0.00078 9e-005 
465 0.00084 9e-005 
466 0.0009 9e-005 
467 0.00096 9e-005 
468 0.00102 9e-005 
469 0.00108 9e-005 
470 0.00114 9e-005 
471 0.0012 9e-005 
472 0.00126 9e-005 
473 0.00132 9e-005 
474 0.00138 9e-005 
475 0.00144 9e-005 
476 0 9.5e-005 
477 6e-005 9.5e-005 
478 0.00012 9.5e-005 
479 0.00018 9.5e-005 
480 0.00024 9.5e-005 
481 0.0003 9.5e-005 
482 0.00036 9.5e-005 
483 0.00042 9.5e-005 
484 0.00048 9.5e-005 
485 0.00054 9.5e-005 
486 0.0006 9.5e-005 
487 0.00066 9.5e-005 
488 0.00072 9.5e-005 
489 0.00078 9.5e-005 
490 0.00084 9.5e-005 
491 0.0009 9.5e-005 
492 0.00096 9.5e-005 
493 0.00102 9.5e-005 
494 0.00108 9.5e-005 
495 0.00114 9.5e-005 
496 0.0012 9.5e-005 
497 0.00126 9.5e-005 
498 0.00132 9.5e-005 
499 0.00138 9.5e-005 
500 0.00144 9.5e-005 
501 0 0.0001 
502 6e-005 0.0001 
503 0.00012 0.0001 
504 0.00018 0.0001 
505 0.00024 0.0001 
506 0.0003 0.0001 
507 0.00036 0.0001 
508 0.00042 0.0001 
509 0.00048 0.0001 
510 0.00054 0.0001 
511 0.0006 0.0001 
512 0.00066 0.0001 
513 0.00072 0.0001 
514 0.00078 0.0001 
515 0.00084 0.0001 
516 0.0009 0.0001 
517 0.00096 0.0001 
518 0.00102 0.0001 
519 0.00108 0.0001 
520 0.00114 0.0001 
521 0.0012 0.0001 
522 0.00126 0.0001 
523 0.00132 0.0001 
524 0.00138 0.0001 
525 0.00144 0.0001 
526 0 0.000105 
527 6e-005 0.000105 
528 0.00012 0.000105 
529 0.00018 0.000105 
530 0.00024 0.000105 
531 0.0003 0.000105 
532 0.00036 0.000105 
533 0.00042 0.000105 
534 0.00048 0.000105 
535 0.00054 0.000105 
536 0.0006 0.000105 
537 0.00066 0.000105 
538 0.00072 0.000105 
539 0.00078 0.000105 
540 0.00084 0.000105 
541 0.0009 0.000105 
542 0.00096 0.000105 
543 0.00102 0.000105 
544 0.00108 0.000105 
545 0.00114 0.000105 
546 0.0012 0.000105 
547 0.00126 0.000105 
548 0.00132 0.000105 
549 0.00138 0.000105 
550 0.00144 0.000105 
551 0 0.00011 
552 6e-005 0.00011 
553 0.00012 0.00011 
554 0.00018 0.00011 
555 0.00024 0.00011 
556 0.0003 0.00011 
557 0.00036 0.00011 
558 0.00042 0.00011 
559 0.00048 0.00011 
560 0.00054 0.00011 
561 0.0006 0.00011 
562 0.00066 0.00011 
563 0.00072 0.00011 
564 0.00078 0.00011 
565 0.00084 0.00011 
566 0.0009 0.00011 
567 0.00096 0.00011 
568 0.00102 0.00011 
569 0.00108 0.00011 
570 0.00114 0.00011 
571 0.0012 0.00011 
572 0.00126 0.00011 
573 0.00132 0.00011 
574 0.00138 0.00011 
575 0.00144 0.00011 
576 0 0.000115 
577 6e-005 0.000115 
578 0.00012 0.000115 
579 0.00018 0.000115 
580 0.00024 0.000115 
581 0.0003 0.000115 
582 0.00036 0.000115 
583 0.00042 0.000115 
584 0.00048 0.000115 
585 0.00054 0.000115 
586 0.0006 0.000115 
587 0.00066 0.000115 
588 0.00072 0.000115 
589 0.00078 0.000115 
590 0.00084 0.000115 
591 0.0009 0.000115 
592 0.00096 0.000115 
593 0.00102 0.000115 
594 0.00108 0.000115 
595 0.00114 0.000115 
596 0.0012 0.000115 
597 0.00126 0.000115 
598 0.00132 0.000115 
599 0.00138 0.000115 
600 0.00144 0.000115 
601 0 0.00012 
602 6e-005 0.00012 
603 0.00012 0.00012 
604 0.00018 0.00012 
605 0.00024 0.00012 
606 0.0003 0.00012 
607 0.00036 0.00012 
608 0.00042 0.00012 
609 0.00048 0.00012 
610 0.00054 0.00012 
611 0.0006 0.00012 
612 0.00066 0.00012 
613 0.00072 0.00012 
614 0.00078 0.00012 
615 0.00084 0.00012 
616 0.0009 0.00012 
617 0.00096 0.00012 
618 0.00102 0.00012 
619 0.00108 0.00012 
620 0.00114 0.00012 
621 0.0012 0.00012 
622 0.00126 0.00012 
623 0.00132 0.00012 
624 0.00138 0.00012 
625 0.00144 0.00012 
-end-cornerpoints-

-springs-
nrsprings 780
1 1 2
2 2 3
3 3 4
4 4 5
5 5 6
6 6 7
7 7 8
8 8 9
9 9 10
10 10 11
11 11 12
12 12 13
13 13 14
14 14 15
15 15 16
16 16 17
17 17 18
18 18 19
19 19 20
20 20 21
21 21 22
22 22 23
23 23 24
24 24 25
25 1 26
26 2 27
27 3 28
28 4 29
29 5 30
30 6 31
31 7 32
32 8 33
33 9 34
34 10 35
35 11 36
36 12 37
37 13 38
38 14 39
39 15 40
40 16 41
41 17 42
42 18 43
43 19 44
44 20 45
45 21 46
46 22 47
47 23 48
48 24 49
49 25 50
50 26 51
51 27 52
52 28 53
53 29 54
54 30 55
55 31 56
56 32 57
57 33 58
58 34 59
59 35 60
60 36 61
61 37 62
62 38 63
63 39 64
64 40 65
65 41 66
66 42 67
67 43 68
68 44 69
69 45 70
70 46 71
71 47 72
72 48 73
73 49 74
74 50 75
75 52 53
76 54 55
77 56 57
78 58 59
79 60 61
80 62 63
81 64 65
82 66 67
83 68 69
84 70 71
85 72 73
86 74 75
87 51 76
88 52 77
89 53 78
90 54 79
91 55 80
92 56 81
93 57 82
94 58 83
95 59 84
96 60 85
97 61 86
98 62 87
99 63 88
100 64 89
101 65 90
102 66 91
103 67 92
104 68 93
105 69 94
106 70 95
107 71 96
108 72 97
109 73 98
110 74 99
111 75 100
112 76 101
113 77 102
114 78 103
115 79 104
116 80 105
117 81 106
118 82 107
119 83 108
120 84 109
121 85 110
122 86 111
123 87 112
124 88 113
125 89 114
126 90 115
127 91 116
128 92 117
129 93 118
130 94 119
131 95 120
132 96 121
133 97 122
134 98 123
135 99 124
136 100 125
137 101 102
138 103 104
139 105 106
140 107 108
141 109 110
142 111 112
143 113 114
144 115 116
145 117 118
146 119 120
147 121 122
148 123 124
149 101 126
150 102 127
151 103 128
152 104 129
153 105 130
154 106 131
155 107 132
156 108 133
157 109 134
158 110 135
159 111 136
160 112 137
161 113 138
162 114 139
163 115 140
164 116 141
165 117 142
166 118 143
167 119 144
168 120 145
169 121 146
170 122 147
171 123 148
172 124 149
173 125 150
174 126 151
175 127 152
176 128 153
177 129 154
178 130 155
179 131 156
180 132 157
181 133 158
182 134 159
183 135 160
184 136 161
185 137 162
186 138 163
187 139 164
188 140 165
189 141 166
190 142 167
191 143 168
192 144 169
193 145 170
194 146 171
195 147 172
196 148 173
197 149 174
198 150 175
199 152 153
200 154 155
201 156 157
202 158 159
203 160 161
204 162 163
205 164 165
206 166 167
207 168 169
208 170 171
209 172 173
210 174 175
211 151 176
212 152 177
213 153 178
214 154 179
215 155 180
216 156 181
217 157 182
218 158 183
219 159 184
220 160 185
221 161 186
222 162 187
223 163 188
224 164 189
225 165 190
226 166 191
227 167 192
228 168 193
229 169 194
230 170 195
231 171 196
232 172 197
233 173 198
234 174 199
235 175 200
236 176 201
237 177 202
238 178 203
239 179 204
240 180 205
241 181 206
242 182 207
243 183 208
244 184 209
245 185 210
246 186 211
247 187 212
248 188 213
249 189 214
250 190 215
251 191 216
252 192 217
253 193 218
254 194 219
255 195 220
256 196 221
257 197 222
258 198 223
259 199 224
260 200 225
261 201 202
262 203 204
263 205 206
264 207 208
265 209 210
266 211 212
267 213 214
268 215 216
269 217 218
270 219 220
271 221 222
272 223 224
273 201 226
274 202 227
275 203 228
276 204 229
277 205 230
278 206 231
279 207 232
280 208 233
281 209 234
282 210 235
283 211 236
284 212 237
285 213 238
286 214 239
287 215 240
288 216 241
289 217 242
290 218 243
291 219 244
292 220 245
293 221 246
294 222 247
295 223 248
296 224 249
297 225 250
298 226 251
299 227 252
300 228 253
301 229 254
302 230 255
303 231 256
304 232 257
305 233 258
306 234 259
307 235 260
308 236 261
309 237 262
310 238 263
311 239 264
312 240 265
313 241 266
314 242 267
315 243 268
316 244 269
317 245 270
318 246 271
319 247 272
320 248 273
321 249 274
322 250 275
323 252 253
324 254 255
325 256 257
326 258 259
327 260 261
328 262 263
329 264 265
330 266 267
331 268 269
332 270 271
333 272 273
334 274 275
335 251 276
336 252 277
337 253 278
338 254 279
339 255 280
340 256 281
341 257 282
342 258 283
343 259 284
344 260 285
345 261 286
346 262 287
347 263 288
348 264 289
349 265 290
350 266 291
351 267 292
352 268 293
353 269 294
354 270 295
355 271 296
356 272 297
357 273 298
358 274 299
359 275 300
360 276 301
361 277 302
362 278 303
363 279 304
364 280 305
365 281 306
366 282 307
367 283 308
368 284 309
369 285 310
370 286 311
371 287 312
372 288 313
373 289 314
374 290 315
375 291 316
376 292 317
377 293 318
378 294 319
379 295 320
380 296 321
381 297 322
382 298 323
383 299 324
384 300 325
385 301 302
386 303 304
387 305 306
388 307 308
389 309 310
390 311 312
391 313 314
392 315 316
393 317 318
394 319 320
395 321 322
396 323 324
397 301 326
398 302 327
399 303 328
400 304 329
401 305 330
402 306 331
403 307 332
404 308 333
405 309 334
406 310 335
407 311 336
408 312 337
409 313 338
410 314 339
411 315 340
412 316 341
413 317 342
414 318 343
415 319 344
416 320 345
417 321 346
418 322 347
419 323 348
420 324 349
421 325 350
422 326 351
423 327 352
424 328 353
425 329 354
426 330 355
427 331 356
428 332 357
429 333 358
430 334 359
431 335 360
432 336 361
433 337 362
434 338 363
435 339 364
436 340 365
437 341 366
438 342 367
439 343 368
440 344 369
441 345 370
442 346 371
443 347 372
444 348 373
445 349 374
446 350 375
447 352 353
448 354 355
449 356 357
450 358 359
451 360 361
452 362 363
453 364 365
454 366 367
455 368 369
456 370 371
457 372 373
458 374 375
459 351 376
460 352 377
461 353 378
462 354 379
463 355 380
464 356 381
465 357 382
466 358 383
467 359 384
468 360 385
469 361 386
470 362 387
471 363 388
472 364 389
473 365 390
474 366 391
475 367 392
476 368 393
477 369 394
478 370 395
479 371 396
480 372 397
481 373 398
482 374 399
483 375 400
484 376 401
485 377 402
486 378 403
487 379 404
488 380 405
489 381 406
490 382 407
491 383 408
492 384 409
493 385 410
494 386 411
495 387 412
496 388 413
497 389 414
498 390 415
499 391 416
500 392 417
501 393 418
502 394 419
503 395 420
504 396 421
505 397 422
506 398 423
507 399 424
508 400 425
509 401 402
510 403 404
511 405 406
512 407 408
513 409 410
514 411 412
515 413 414
516 415 416
517 417 418
518 419 420
519 421 422
520 423 424
521 401 426
522 402 427
523 403 428
524 404 429
525 405 430
526 406 431
527 407 432
528 408 433
529 409 434
530 410 435
531 411 436
532 412 437
533 413 438
534 414 439
535 415 440
536 416 441
537 417 442
538 418 443
539 419 444
540 420 445
541 421 446
542 422 447
543 423 448
544 424 449
545 425 450
546 426 451
547 427 452
548 428 453
549 429 454
550 430 455
551 431 456
552 432 457
553 433 458
554 434 459
555 435 460
556 436 461
557 437 462
558 438 463
559 439 464
560 440 465
561 441 466
562 442 467
563 443 468
564 444 469
565 445 470
566 446 471
567 447 472
568 448 473
569 449 474
570 450 475
571 452 453
572 454 455
573 456 457
574 458 459
575 460 461
576 462 463
577 464 465
578 466 467
579 468 469
580 470 471
581 472 473
582 474 475
583 451 476
584 452 477
585 453 478
586 454 479
587 455 480
588 456 481
589 457 482
590 458 483
591 459 484
592 460 485
593 461 486
594 462 487
595 463 488
596 464 489
597 465 490
598 466 491
599 467 492
600 468 493
601 469 494
602 470 495
603 471 496
604 472 497
605 473 498
606 474 499
607 475 500
608 476 501
609 477 502
610 478 503
611 479 504
612 480 505
613 481 506
614 482 507
615 483 508
616 484 509
617 485 510
618 486 511
619 487 512
620 488 513
621 489 514
622 490 515
623 491 516
624 492 517
625 493 518
626 494 519
627 495 520
628 496 521
629 497 522
630 498 523
631 499 524
632 500 525
633 501 502
634 503 504
635 505 506
636 507 508
637 509 510
638 511 512
639 513 514
640 515 516
641 517 518
642 519 520
643 521 522
644 523 524
645 501 526
646 502 527
647 503 528
648 504 529
649 505 530
650 506 531
651 507 532
652 508 533
653 509 534
654 510 535
655 511 536
656 512 537
657 513 538
658 514 539
659 515 540
660 516 541
661 517 542
662 518 543
663 519 544
664 520 545
665 521 546
666 522 547
667 523 548
668 524 549
669 525 550
670 526 551
671 527 552
672 528 553
673 529 554
674 530 555
675 531 556
676 532 557
677 533 558
678 534 559
679 535 560
680 536 561
681 537 562
682 538 563
683 539 564
684 540 565
685 541 566
686 542 567
687 543 568
688 544 569
689 545 570
690 546 571
691 547 572
692 548 573
693 549 574
694 550 575
695 552 553
696 554 555
697 556 557
698 558 559
699 560 561
700 562 563
701 564 565
702 566 567
703 568 569
704 570 571
705 572 573
706 574 575
707 551 576
708 552 577
709 553 578
710 554 579
711 555 580
712 556 581
713 557 582
714 558 583
715 559 584
716 560 585
717 561 586
718 562 587
719 563 588
720 564 589
721 565 590
722 566 591
723 567 592
724 568 593
725 569 594
726 570 595
727 571 596
728 572 597
729 573 598
730 574 599
731 575 600
732 576 601
733 577 602
734 578 603
735 579 604
736 580 605
737 581 606
738 582 607
739 583 608
740 584 609
741 585 610
742 586 611
743 587 612
744 588 613
745 589 614
746 590 615
747 591 616
748 592 617
749 593 618
750 594 619
751 595 620
752 596 621
753 597 622
754 598 623
755 599 624
756 600 625
757 601 602
758 602 603
759 603 604
760 604 605
761 605 606
762 606 607
763 607 608
764 608 609
765 609 610
766 610 611
767 611 612
768 612 613
769 613 614
770 614 615
771 615 616
772 616 617
773 617 618
774 618 619
775 619 620
776 620 621
777 621 622
778 622 623
779 623 624
780 624 625
-end-springs-

-secundarysprings-
nrsprings 1152
1 1 27
2 2 26
3 2 28
4 3 27
5 3 29
6 4 28
7 4 30
8 5 29
9 5 31
10 6 30
11 6 32
12 7 31
13 7 33
14 8 32
15 8 34
16 9 33
17 9 35
18 10 34
19 10 36
20 11 35
21 11 37
22 12 36
23 12 38
24 13 37
25 13 39
26 14 38
27 14 40
28 15 39
29 15 41
30 16 40
31 16 42
32 17 41
33 17 43
34 18 42
35 18 44
36 19 43
37 19 45
38 20 44
39 20 46
40 21 45
41 21 47
42 22 46
43 22 48
44 23 47
45 23 49
46 24 48
47 24 50
48 25 49
49 26 52
50 27 51
51 27 53
52 28 52
53 28 54
54 29 53
55 29 55
56 30 54
57 30 56
58 31 55
59 31 57
60 32 56
61 32 58
62 33 57
63 33 59
64 34 58
65 34 60
66 35 59
67 35 61
68 36 60
69 36 62
70 37 61
71 37 63
72 38 62
73 38 64
74 39 63
75 39 65
76 40 64
77 40 66
78 41 65
79 41 67
80 42 66
81 42 68
82 43 67
83 43 69
84 44 68
85 44 70
86 45 69
87 45 71
88 46 70
89 46 72
90 47 71
91 47 73
92 48 72
93 48 74
94 49 73
95 49 75
96 50 74
97 51 77
98 52 76
99 52 78
100 53 77
101 53 79
102 54 78
103 54 80
104 55 79
105 55 81
106 56 80
107 56 82
108 57 81
109 57 83
110 58 82
111 58 84
112 59 83
113 59 85
114 60 84
115 60 86
116 61 85
117 61 87
118 62 86
119 62 88
120 63 87
121 63 89
122 64 88
123 64 90
124 65 89
125 65 91
126 66 90
127 66 92
128 67 91
129 67 93
130 68 92
131 68 94
132 69 93
133 69 95
134 70 94
135 70 96
136 71 95
137 71 97
138 72 96
139 72 98
140 73 97
141 73 99
142 74 98
143 74 100
144 75 99
145 76 102
146 77 101
147 77 103
148 78 102
149 78 104
150 79 103
151 79 105
152 80 104
153 80 106
154 81 105
155 81 107
156 82 106
157 82 108
158 83 107
159 83 109
160 84 108
161 84 110
162 85 109
163 85 111
164 86 110
165 86 112
166 87 111
167 87 113
168 88 112
169 88 114
170 89 113
171 89 115
172 90 114
173 90 116
174 91 115
175 91 117
176 92 116
177 92 118
178 93 117
179 93 119
180 94 118
181 94 120
182 95 119
183 95 121
184 96 120
185 96 122
186 97 121
187 97 123
188 98 122
189 98 124
190 99 123
191 99 125
192 100 124
193 101 127
194 102 126
195 102 128
196 103 127
197 103 129
198 104 128
199 104 130
200 105 129
201 105 131
202 106 130
203 106 132
204 107 131
205 107 133
206 108 132
207 108 134
208 109 133
209 109 135
210 110 134
211 110 136
212 111 135
213 111 137
214 112 136
215 112 138
216 113 137
217 113 139
218 114 138
219 114 140
220 115 139
221 115 141
222 116 140
223 116 142
224 117 141
225 117 143
226 118 142
227 118 144
228 119 143
229 119 145
230 120 144
231 120 146
232 121 145
233 121 147
234 122 146
235 122 148
236 123 147
237 123 149
238 124 148
239 124 150
240 125 149
241 126 152
242 127 151
243 127 153
244 128 152
245 128 154
246 129 153
247 129 155
248 130 154
249 130 156
250 131 155
251 131 157
252 132 156
253 132 158
254 133 157
255 133 159
256 134 158
257 134 160
258 135 159
259 135 161
260 136 160
261 136 162
262 137 161
263 137 163
264 138 162
265 138 164
266 139 163
267 139 165
268 140 164
269 140 166
270 141 165
271 141 167
272 142 166
273 142 168
274 143 167
275 143 169
276 144 168
277 144 170
278 145 169
279 145 171
280 146 170
281 146 172
282 147 171
283 147 173
284 148 172
285 148 174
286 149 173
287 149 175
288 150 174
289 151 177
290 152 176
291 152 178
292 153 177
293 153 179
294 154 178
295 154 180
296 155 179
297 155 181
298 156 180
299 156 182
300 157 181
301 157 183
302 158 182
303 158 184
304 159 183
305 159 185
306 160 184
307 160 186
308 161 185
309 161 187
310 162 186
311 162 188
312 163 187
313 163 189
314 164 188
315 164 190
316 165 189
317 165 191
318 166 190
319 166 192
320 167 191
321 167 193
322 168 192
323 168 194
324 169 193
325 169 195
326 170 194
327 170 196
328 171 195
329 171 197
330 172 196
331 172 198
332 173 197
333 173 199
334 174 198
335 174 200
336 175 199
337 176 202
338 177 201
339 177 203
340 178 202
341 178 204
342 179 203
343 179 205
344 180 204
345 180 206
346 181 205
347 181 207
348 182 206
349 182 208
350 183 207
351 183 209
352 184 208
353 184 210
354 185 209
355 185 211
356 186 210
357 186 212
358 187 211
359 187 213
360 188 212
361 188 214
362 189 213
363 189 215
364 190 214
365 190 216
366 191 215
367 191 217
368 192 216
369 192 218
370 193 217
371 193 219
372 194 218
373 194 220
374 195 219
375 195 221
376 196 220
377 196 222
378 197 221
379 197 223
380 198 222
381 198 224
382 199 223
383 199 225
384 200 224
385 201 227
386 202 226
387 202 228
388 203 227
389 203 229
390 204 228
391 204 230
392 205 229
393 205 231
394 206 230
395 206 232
396 207 231
397 207 233
398 208 232
399 208 234
400 209 233
401 209 235
402 210 234
403 210 236
404 211 235
405 211 237
406 212 236
407 212 238
408 213 237
409 213 239
410 214 238
411 214 240
412 215 239
413 215 241
414 216 240
415 216 242
416 217 241
417 217 243
418 218 242
419 218 244
420 219 243
421 219 245
422 220 244
423 220 246
424 221 245
425 221 247
426 222 246
427 222 248
428 223 247
429 223 249
430 224 248
431 224 250
432 225 249
433 226 252
434 227 251
435 227 253
436 228 252
437 228 254
438 229 253
439 229 255
440 230 254
441 230 256
442 231 255
443 231 257
444 232 256
445 232 258
446 233 257
447 233 259
448 234 258
449 234 260
450 235 259
451 235 261
452 236 260
453 236 262
454 237 261
455 237 263
456 238 262
457 238 264
458 239 263
459 239 265
460 240 264
461 240 266
462 241 265
463 241 267
464 242 266
465 242 268
466 243 267
467 243 269
468 244 268
469 244 270
470 245 269
471 245 271
472 246 270
473 246 272
474 247 271
475 247 273
476 248 272
477 248 274
478 249 273
479 249 275
480 250 274
481 251 277
482 252 276
483 252 278
484 253 277
485 253 279
486 254 278
487 254 280
488 255 279
489 255 281
490 256 280
491 256 282
492 257 281
493 257 283
494 258 282
495 258 284
496 259 283
497 259 285
498 260 284
499 260 286
500 261 285
501 261 287
502 262 286
503 262 288
504 263 287
505 263 289
506 264 288
507 264 290
508 265 289
509 265 291
510 266 290
511 266 292
512 267 291
513 267 293
514 268 292
515 268 294
516 269 293
517 269 295
518 270 294
519 270 296
520 271 295
521 271 297
522 272 296
523 272 298
524 273 297
525 273 299
526 274 298
527 274 300
528 275 299
529 276 302
530 277 301
531 277 303
532 278 302
533 278 304
534 279 303
535 279 305
536 280 304
537 280 306
538 281 305
539 281 307
540 282 306
541 282 308
542 283 307
543 283 309
544 284 308
545 284 310
546 285 309
547 285 311
548 286 310
549 286 312
550 287 311
551 287 313
552 288 312
553 288 314
554 289 313
555 289 315
556 290 314
557 290 316
558 291 315
559 291 317
560 292 316
561 292 318
562 293 317
563 293 319
564 294 318
565 294 320
566 295 319
567 295 321
568 296 320
569 296 322
570 297 321
571 297 323
572 298 322
573 298 324
574 299 323
575 299 325
576 300 324
577 301 327
578 302 326
579 302 328
580 303 327
581 303 329
582 304 328
583 304 330
584 305 329
585 305 331
586 306 330
587 306 332
588 307 331
589 307 333
590 308 332
591 308 334
592 309 333
593 309 335
594 310 334
595 310 336
596 311 335
597 311 337
598 312 336
599 312 338
600 313 337
601 313 339
602 314 338
603 314 340
604 315 339
605 315 341
606 316 340
607 316 342
608 317 341
609 317 343
610 318 342
611 318 344
612 319 343
613 319 345
614 320 344
615 320 346
616 321 345
617 321 347
618 322 346
619 322 348
620 323 347
621 323 349
622 324 348
623 324 350
624 325 349
625 326 352
626 327 351
627 327 353
628 328 352
629 328 354
630 329 353
631 329 355
632 330 354
633 330 356
634 331 355
635 331 357
636 332 356
637 332 358
638 333 357
639 333 359
640 334 358
641 334 360
642 335 359
643 335 361
644 336 360
645 336 362
646 337 361
647 337 363
648 338 362
649 338 364
650 339 363
651 339 365
652 340 364
653 340 366
654 341 365
655 341 367
656 342 366
657 342 368
658 343 367
659 343 369
660 344 368
661 344 370
662 345 369
663 345 371
664 346 370
665 346 372
666 347 371
667 347 373
668 348 372
669 348 374
670 349 373
671 349 375
672 350 374
673 351 377
674 352 376
675 352 378
676 353 377
677 353 379
678 354 378
679 354 380
680 355 379
681 355 381
682 356 380
683 356 382
684 357 381
685 357 383
686 358 382
687 358 384
688 359 383
689 359 385
690 360 384
691 360 386
692 361 385
693 361 387
694 362 386
695 362 388
696 363 387
697 363 389
698 364 388
699 364 390
700 365 389
701 365 391
702 366 390
703 366 392
704 367 391
705 367 393
706 368 392
707 368 394
708 369 393
709 369 395
710 370 394
711 370 396
712 371 395
713 371 397
714 372 396
715 372 398
716 373 397
717 373 399
718 374 398
719 374 400
720 375 399
721 376 402
722 377 401
723 377 403
724 378 402
725 378 404
726 379 403
727 379 405
728 380 404
729 380 406
730 381 405
731 381 407
732 382 406
733 382 408
734 383 407
735 383 409
736 384 408
737 384 410
738 385 409
739 385 411
740 386 410
741 386 412
742 387 411
743 387 413
744 388 412
745 388 414
746 389 413
747 389 415
748 390 414
749 390 416
750 391 415
751 391 417
752 392 416
753 392 418
754 393 417
755 393 419
756 394 418
757 394 420
758 395 419
759 395 421
760 396 420
761 396 422
762 397 421
763 397 423
764 398 422
765 398 424
766 399 423
767 399 425
768 400 424
769 401 427
770 402 426
771 402 428
772 403 427
773 403 429
774 404 428
775 404 430
776 405 429
777 405 431
778 406 430
779 406 432
780 407 431
781 407 433
782 408 432
783 408 434
784 409 433
785 409 435
786 410 434
787 410 436
788 411 435
789 411 437
790 412 436
791 412 438
792 413 437
793 413 439
794 414 438
795 414 440
796 415 439
797 415 441
798 416 440
799 416 442
800 417 441
801 417 443
802 418 442
803 418 444
804 419 443
805 419 445
806 420 444
807 420 446
808 421 445
809 421 447
810 422 446
811 422 448
812 423 447
813 423 449
814 424 448
815 424 450
816 425 449
817 426 452
818 427 451
819 427 453
820 428 452
821 428 454
822 429 453
823 429 455
824 430 454
825 430 456
826 431 455
827 431 457
828 432 456
829 432 458
830 433 457
831 433 459
832 434 458
833 434 460
834 435 459
835 435 461
836 436 460
837 436 462
838 437 461
839 437 463
840 438 462
841 438 464
842 439 463
843 439 465
844 440 464
845 440 466
846 441 465
847 441 467
848 442 466
849 442 468
850 443 467
851 443 469
852 444 468
853 444 470
854 445 469
855 445 471
856 446 470
857 446 472
858 447 471
859 447 473
860 448 472
861 448 474
862 449 473
863 449 475
864 450 474
865 451 477
866 452 476
867 452 478
868 453 477
869 453 479
870 454 478
871 454 480
872 455 479
873 455 481
874 456 480
875 456 482
876 457 481
877 457 483
878 458 482
879 458 484
880 459 483
881 459 485
882 460 484
883 460 486
884 461 485
885 461 487
886 462 486
887 462 488
888 463 487
889 463 489
890 464 488
891 464 490
892 465 489
893 465 491
894 466 490
895 466 492
896 467 491
897 467 493
898 468 492
899 468 494
900 469 493
901 469 495
902 470 494
903 470 496
904 471 495
905 471 497
906 472 496
907 472 498
908 473 497
909 473 499
910 474 498
911 474 500
912 475 499
913 476 502
914 477 501
915 477 503
916 478 502
917 478 504
918 479 503
919 479 505
920 480 504
921 480 506
922 481 505
923 481 507
924 482 506
925 482 508
926 483 507
927 483 509
928 484 508
929 484 510
930 485 509
931 485 511
932 486 510
933 486 512
934 487 511
935 487 513
936 488 512
937 488 514
938 489 513
939 489 515
940 490 514
941 490 516
942 491 515
943 491 517
944 492 516
945 492 518
946 493 517
947 493 519
948 494 518
949 494 520
950 495 519
951 495 521
952 496 520
953 496 522
954 497 521
955 497 523
956 498 522
957 498 524
958 499 523
959 499 525
960 500 524
961 501 527
962 502 526
963 502 528
964 503 527
965 503 529
966 504 528
967 504 530
968 505 529
969 505 531
970 506 530
971 506 532
972 507 531
973 507 533
974 508 532
975 508 534
976 509 533
977 509 535
978 510 534
979 510 536
980 511 535
981 511 537
982 512 536
983 512 538
984 513 537
985 513 539
986 514 538
987 514 540
988 515 539
989 515 541
990 516 540
991 516 542
992 517 541
993 517 543
994 518 542
995 518 544
996 519 543
997 519 545
998 520 544
999 520 546
1000 521 545
1001 521 547
1002 522 546
1003 522 548
1004 523 547
1005 523 549
1006 524 548
1007 524 550
1008 525 549
1009 526 552
1010 527 551
1011 527 553
1012 528 552
1013 528 554
1014 529 553
1015 529 555
1016 530 554
1017 530 556
1018 531 555
1019 531 557
1020 532 556
1021 532 558
1022 533 557
1023 533 559
1024 534 558
1025 534 560
1026 535 559
1027 535 561
1028 536 560
1029 536 562
1030 537 561
1031 537 563
1032 538 562
1033 538 564
1034 539 563
1035 539 565
1036 540 564
1037 540 566
1038 541 565
1039 541 567
1040 542 566
1041 542 568
1042 543 567
1043 543 569
1044 544 568
1045 544 570
1046 545 569
1047 545 571
1048 546 570
1049 546 572
1050 547 571
1051 547 573
1052 548 572
1053 548 574
1054 549 573
1055 549 575
1056 550 574
1057 551 577
1058 552 576
1059 552 578
1060 553 577
1061 553 579
1062 554 578
1063 554 580
1064 555 579
1065 555 581
1066 556 580
1067 556 582
1068 557 581
1069 557 583
1070 558 582
1071 558 584
1072 559 583
1073 559 585
1074 560 584
1075 560 586
1076 561 585
1077 561 587
1078 562 586
1079 562 588
1080 563 587
1081 563 589
1082 564 588
1083 564 590
1084 565 589
1085 565 591
1086 566 590
1087 566 592
1088 567 591
1089 567 593
1090 568 592
1091 568 594
1092 569 593
1093 569 595
1094 570 594
1095 570 596
1096 571 595
1097 571 597
1098 572 596
1099 572 598
1100 573 597
1101 573 599
1102 574 598
1103 574 600
1104 575 599
1105 576 602
1106 577 601
1107 577 603
1108 578 602
1109 578 604
1110 579 603
1111 579 605
1112 580 604
1113 580 606
1114 581 605
1115 581 607
1116 582 606
1117 582 608
1118 583 607
1119 583 609
1120 584 608
1121 584 610
1122 585 609
1123 585 611
1124 586 610
1125 586 612
1126 587 611
1127 587 613
1128 588 612
1129 588 614
1130 589 613
1131 589 615
1132 590 614
1133 590 616
1134 591 615
1135 591 617
1136 592 616
1137 592 618
1138 593 617
1139 593 619
1140 594 618
1141 594 620
1142 595 619
1143 595 621
1144 596 620
1145 596 622
1146 597 621
1147 597 623
1148 598 622
1149 598 624
1150 599 623
1151 599 625
1152 600 624
-end-secundarysprings-

-configuration-
nrcells 156
1 nrcorners 10 numbers 1 26 51 76 101 102 77 52 27 2 
   nrsprings 10 numbers 1 25 50 87 112 137 26 51 88 113 
2 nrcorners 6 numbers 2 27 52 53 28 3 
   nrsprings 6 numbers 2 26 51 75 27 52 
3 nrcorners 10 numbers 3 28 53 78 103 104 79 54 29 4 
   nrsprings 10 numbers 3 27 52 89 114 138 28 53 90 115 
4 nrcorners 6 numbers 4 29 54 55 30 5 
   nrsprings 6 numbers 4 28 53 76 29 54 
5 nrcorners 10 numbers 5 30 55 80 105 106 81 56 31 6 
   nrsprings 10 numbers 5 29 54 91 116 139 30 55 92 117 
6 nrcorners 6 numbers 6 31 56 57 32 7 
   nrsprings 6 numbers 6 30 55 77 31 56 
7 nrcorners 10 numbers 7 32 57 82 107 108 83 58 33 8 
   nrsprings 10 numbers 7 31 56 93 118 140 32 57 94 119 
8 nrcorners 6 numbers 8 33 58 59 34 9 
   nrsprings 6 numbers 8 32 57 78 33 58 
9 nrcorners 10 numbers 9 34 59 84 109 110 85 60 35 10 
   nrsprings 10 numbers 9 33 58 95 120 141 34 59 96 121 
10 nrcorners 6 numbers 10 35 60 61 36 11 
   nrsprings 6 numbers 10 34 59 79 35 60 
11 nrcorners 10 numbers 11 36 61 86 111 112 87 62 37 12 
   nrsprings 10 numbers 11 35 60 97 122 142 36 61 98 123 
12 nrcorners 6 numbers 12 37 62 63 38 13 
   nrsprings 6 numbers 12 36 61 80 37 62 
13 nrcorners 10 numbers 13 38 63 88 113 114 89 64 39 14 
   nrsprings 10 numbers 13 37 62 99 124 143 38 63 100 125 
14 nrcorners 6 numbers 14 39 64 65 40 15 
   nrsprings 6 numbers 14 38 63 81 39 64 
15 nrcorners 10 numbers 15 40 65 90 115 116 91 66 41 16 
   nrsprings 10 numbers 15 39 64 101 126 144 40 65 102 127 
16 nrcorners 6 numbers 16 41 66 67 42 17 
   nrsprings 6 numbers 16 40 65 82 41 66 
17 nrcorners 10 numbers 17 42 67 92 117 118 93 68 43 18 
   nrsprings 10 numbers 17 41 66 103 128 145 42 67 104 129 
18 nrcorners 6 numbers 18 43 68 69 44 19 
   nrsprings 6 numbers 18 42 67 83 43 68 
19 nrcorners 10 numbers 19 44 69 94 119 120 95 70 45 20 
   nrsprings 10 numbers 19 43 68 105 130 146 44 69 106 131 
20 nrcorners 6 numbers 20 45 70 71 46 21 
   nrsprings 6 numbers 20 44 69 84 45 70 
21 nrcorners 10 numbers 21 46 71 96 121 122 97 72 47 22 
   nrsprings 10 numbers 21 45 70 107 132 147 46 71 108 133 
22 nrcorners 6 numbers 22 47 72 73 48 23 
   nrsprings 6 numbers 22 46 71 85 47 72 
23 nrcorners 10 numbers 23 48 73 98 123 124 99 74 49 24 
   nrsprings 10 numbers 23 47 72 109 134 148 48 73 110 135 
24 nrcorners 6 numbers 24 49 74 75 50 25 
   nrsprings 6 numbers 24 48 73 86 49 74 
25 nrcorners 10 numbers 52 77 102 127 152 153 128 103 78 53 
   nrsprings 10 numbers 75 88 113 150 175 199 89 114 151 176 
26 nrcorners 10 numbers 54 79 104 129 154 155 130 105 80 55 
   nrsprings 10 numbers 76 90 115 152 177 200 91 116 153 178 
27 nrcorners 10 numbers 56 81 106 131 156 157 132 107 82 57 
   nrsprings 10 numbers 77 92 117 154 179 201 93 118 155 180 
28 nrcorners 10 numbers 58 83 108 133 158 159 134 109 84 59 
   nrsprings 10 numbers 78 94 119 156 181 202 95 120 157 182 
29 nrcorners 10 numbers 60 85 110 135 160 161 136 111 86 61 
   nrsprings 10 numbers 79 96 121 158 183 203 97 122 159 184 
30 nrcorners 10 numbers 62 87 112 137 162 163 138 113 88 63 
   nrsprings 10 numbers 80 98 123 160 185 204 99 124 161 186 
31 nrcorners 10 numbers 64 89 114 139 164 165 140 115 90 65 
   nrsprings 10 numbers 81 100 125 162 187 205 101 126 163 188 
32 nrcorners 10 numbers 66 91 116 141 166 167 142 117 92 67 
   nrsprings 10 numbers 82 102 127 164 189 206 103 128 165 190 
33 nrcorners 10 numbers 68 93 118 143 168 169 144 119 94 69 
   nrsprings 10 numbers 83 104 129 166 191 207 105 130 167 192 
34 nrcorners 10 numbers 70 95 120 145 170 171 146 121 96 71 
   nrsprings 10 numbers 84 106 131 168 193 208 107 132 169 194 
35 nrcorners 10 numbers 72 97 122 147 172 173 148 123 98 73 
   nrsprings 10 numbers 85 108 133 170 195 209 109 134 171 196 
36 nrcorners 10 numbers 74 99 124 149 174 175 150 125 100 75 
   nrsprings 10 numbers 86 110 135 172 197 210 111 136 173 198 
37 nrcorners 10 numbers 101 126 151 176 201 202 177 152 127 102 
   nrsprings 10 numbers 137 149 174 211 236 261 150 175 212 237 
38 nrcorners 10 numbers 103 128 153 178 203 204 179 154 129 104 
   nrsprings 10 numbers 138 151 176 213 238 262 152 177 214 239 
39 nrcorners 10 numbers 105 130 155 180 205 206 181 156 131 106 
   nrsprings 10 numbers 139 153 178 215 240 263 154 179 216 241 
40 nrcorners 10 numbers 107 132 157 182 207 208 183 158 133 108 
   nrsprings 10 numbers 140 155 180 217 242 264 156 181 218 243 
41 nrcorners 10 numbers 109 134 159 184 209 210 185 160 135 110 
   nrsprings 10 numbers 141 157 182 219 244 265 158 183 220 245 
42 nrcorners 10 numbers 111 136 161 186 211 212 187 162 137 112 
   nrsprings 10 numbers 142 159 184 221 246 266 160 185 222 247 
43 nrcorners 10 numbers 113 138 163 188 213 214 189 164 139 114 
   nrsprings 10 numbers 143 161 186 223 248 267 162 187 224 249 
44 nrcorners 10 numbers 115 140 165 190 215 216 191 166 141 116 
   nrsprings 10 numbers 144 163 188 225 250 268 164 189 226 251 
45 nrcorners 10 numbers 117 142 167 192 217 218 193 168 143 118 
   nrsprings 10 numbers 145 165 190 227 252 269 166 191 228 253 
46 nrcorners 10 numbers 119 144 169 194 219 220 195 170 145 120 
   nrsprings 10 numbers 146 167 192 229 254 270 168 193 230 255 
47 nrcorners 10 numbers 121 146 171 196 221 222 197 172 147 122 
   nrsprings 10 numbers 147 169 194 231 256 271 170 195 232 257 
48 nrcorners 10 numbers 123 148 173 198 223 224 199 174 149 124 
   nrsprings 10 numbers 148 171 196 233 258 272 172 197 234 259 
49 nrcorners 10 numbers 152 177 202 227 252 253 228 203 178 153 
   nrsprings 10 numbers 199 212 237 274 299 323 213 238 275 300 
50 nrcorners 10 numbers 154 179 204 229 254 255 230 205 180 155 
   nrsprings 10 numbers 200 214 239 276 301 324 215 240 277 302 
51 nrcorners 10 numbers 156 181 206 231 256 257 232 207 182 157 
   nrsprings 10 numbers 201 216 241 278 303 325 217 242 279 304 
52 nrcorners 10 numbers 158 183 208 233 258 259 234 209 184 159 
   nrsprings 10 numbers 202 218 243 280 305 326 219 244 281 306 
53 nrcorners 10 numbers 160 185 210 235 260 261 236 211 186 161 
   nrsprings 10 numbers 203 220 245 282 307 327 221 246 283 308 
54 nrcorners 10 numbers 162 187 212 237 262 263 238 213 188 163 
   nrsprings 10 numbers 204 222 247 284 309 328 223 248 285 310 
55 nrcorners 10 numbers 164 189 214 239 264 265 240 215 190 165 
   nrsprings 10 numbers 205 224 249 286 311 329 225 250 287 312 
56 nrcorners 10 numbers 166 191 216 241 266 267 242 217 192 167 
   nrsprings 10 numbers 206 226 251 288 313 330 227 252 289 314 
57 nrcorners 10 numbers 168 193 218 243 268 269 244 219 194 169 
   nrsprings 10 numbers 207 228 253 290 315 331 229 254 291 316 
58 nrcorners 10 numbers 170 195 220 245 270 271 246 221 196 171 
   nrsprings 10 numbers 208 230 255 292 317 332 231 256 293 318 
59 nrcorners 10 numbers 172 197 222 247 272 273 248 223 198 173 
   nrsprings 10 numbers 209 232 257 294 319 333 233 258 295 320 
60 nrcorners 10 numbers 174 199 224 249 274 275 250 225 200 175 
   nrsprings 10 numbers 210 234 259 296 321 334 235 260 297 322 
61 nrcorners 10 numbers 201 226 251 276 301 302 277 252 227 202 
   nrsprings 10 numbers 261 273 298 335 360 385 274 299 336 361 
62 nrcorners 10 numbers 203 228 253 278 303 304 279 254 229 204 
   nrsprings 10 numbers 262 275 300 337 362 386 276 301 338 363 
63 nrcorners 10 numbers 205 230 255 280 305 306 281 256 231 206 
   nrsprings 10 numbers 263 277 302 339 364 387 278 303 340 365 
64 nrcorners 10 numbers 207 232 257 282 307 308 283 258 233 208 
   nrsprings 10 numbers 264 279 304 341 366 388 280 305 342 367 
65 nrcorners 10 numbers 209 234 259 284 309 310 285 260 235 210 
   nrsprings 10 numbers 265 281 306 343 368 389 282 307 344 369 
66 nrcorners 10 numbers 211 236 261 286 311 312 287 262 237 212 
   nrsprings 10 numbers 266 283 308 345 370 390 284 309 346 371 
67 nrcorners 10 numbers 213 238 263 288 313 314 289 264 239 214 
   nrsprings 10 numbers 267 285 310 347 372 391 286 311 348 373 
68 nrcorners 10 numbers 215 240 265 290 315 316 291 266 241 216 
   nrsprings 10 numbers 268 287 312 349 374 392 288 313 350 375 
69 nrcorners 10 numbers 217 242 267 292 317 318 293 268 243 218 
   nrsprings 10 numbers 269 289 314 351 376 393 290 315 352 377 
70 nrcorners 10 numbers 219 244 269 294 319 320 295 270 245 220 
   nrsprings 10 numbers 270 291 316 353 378 394 292 317 354 379 
71 nrcorners 10 numbers 221 246 271 296 321 322 297 272 247 222 
   nrsprings 10 numbers 271 293 318 355 380 395 294 319 356 381 
72 nrcorners 10 numbers 223 248 273 298 323 324 299 274 249 224 
   nrsprings 10 numbers 272 295 320 357 382 396 296 321 358 383 
73 nrcorners 10 numbers 252 277 302 327 352 353 328 303 278 253 
   nrsprings 10 numbers 323 336 361 398 423 447 337 362 399 424 
74 nrcorners 10 numbers 254 279 304 329 354 355 330 305 280 255 
   nrsprings 10 numbers 324 338 363 400 425 448 339 364 401 426 
75 nrcorners 10 numbers 256 281 306 331 356 357 332 307 282 257 
   nrsprings 10 numbers 325 340 365 402 427 449 341 366 403 428 
76 nrcorners 10 numbers 258 283 308 333 358 359 334 309 284 259 
   nrsprings 10 numbers 326 342 367 404 429 450 343 368 405 430 
77 nrcorners 10 numbers 260 285 310 335 360 361 336 311 286 261 
   nrsprings 10 numbers 327 344 369 406 431 451 345 370 407 432 
78 nrcorners 10 numbers 262 287 312 337 362 363 338 313 288 263 
   nrsprings 10 numbers 328 346 371 408 433 452 347 372 409 434 
79 nrcorners 10 numbers 264 289 314 339 364 365 340 315 290 265 
   nrsprings 10 numbers 329 348 373 410 435 453 349 374 411 436 
80 nrcorners 10 numbers 266 291 316 341 366 367 342 317 292 267 
   nrsprings 10 numbers 330 350 375 412 437 454 351 376 413 438 
81 nrcorners 10 numbers 268 293 318 343 368 369 344 319 294 269 
   nrsprings 10 numbers 331 352 377 414 439 455 353 378 415 440 
82 nrcorners 10 numbers 270 295 320 345 370 371 346 321 296 271 
   nrsprings 10 numbers 332 354 379 416 441 456 355 380 417 442 
83 nrcorners 10 numbers 272 297 322 347 372 373 348 323 298 273 
   nrsprings 10 numbers 333 356 381 418 443 457 357 382 419 444 
84 nrcorners 10 numbers 274 299 324 349 374 375 350 325 300 275 
   nrsprings 10 numbers 334 358 383 420 445 458 359 384 421 446 
85 nrcorners 10 numbers 301 326 351 376 401 402 377 352 327 302 
   nrsprings 10 numbers 385 397 422 459 484 509 398 423 460 485 
86 nrcorners 10 numbers 303 328 353 378 403 404 379 354 329 304 
   nrsprings 10 numbers 386 399 424 461 486 510 400 425 462 487 
87 nrcorners 10 numbers 305 330 355 380 405 406 381 356 331 306 
   nrsprings 10 numbers 387 401 426 463 488 511 402 427 464 489 
88 nrcorners 10 numbers 307 332 357 382 407 408 383 358 333 308 
   nrsprings 10 numbers 388 403 428 465 490 512 404 429 466 491 
89 nrcorners 10 numbers 309 334 359 384 409 410 385 360 335 310 
   nrsprings 10 numbers 389 405 430 467 492 513 406 431 468 493 
90 nrcorners 10 numbers 311 336 361 386 411 412 387 362 337 312 
   nrsprings 10 numbers 390 407 432 469 494 514 408 433 470 495 
91 nrcorners 10 numbers 313 338 363 388 413 414 389 364 339 314 
   nrsprings 10 numbers 391 409 434 471 496 515 410 435 472 497 
92 nrcorners 10 numbers 315 340 365 390 415 416 391 366 341 316 
   nrsprings 10 numbers 392 411 436 473 498 516 412 437 474 499 
93 nrcorners 10 numbers 317 342 367 392 417 418 393 368 343 318 
   nrsprings 10 numbers 393 413 438 475 500 517 414 439 476 501 
94 nrcorners 10 numbers 319 344 369 394 419 420 395 370 345 320 
   nrsprings 10 numbers 394 415 440 477 502 518 416 441 478 503 
95 nrcorners 10 numbers 321 346 371 396 421 422 397 372 347 322 
   nrsprings 10 numbers 395 417 442 479 504 519 418 443 480 505 
96 nrcorners 10 numbers 323 348 373 398 423 424 399 374 349 324 
   nrsprings 10 numbers 396 419 444 481 506 520 420 445 482 507 
97 nrcorners 10 numbers 352 377 402 427 452 453 428 403 378 353 
   nrsprings 10 numbers 447 460 485 522 547 571 461 486 523 548 
98 nrcorners 10 numbers 354 379 404 429 454 455 430 405 380 355 
   nrsprings 10 numbers 448 462 487 524 549 572 463 488 525 550 
99 nrcorners 10 numbers 356 381 406 431 456 457 432 407 382 357 
   nrsprings 10 numbers 449 464 489 526 551 573 465 490 527 552 
100 nrcorners 10 numbers 358 383 408 433 458 459 434 409 384 359 
   nrsprings 10 numbers 450 466 491 528 553 574 467 492 529 554 
101 nrcorners 10 numbers 360 385 410 435 460 461 436 411 386 361 
   nrsprings 10 numbers 451 468 493 530 555 575 469 494 531 556 
102 nrcorners 10 numbers 362 387 412 437 462 463 438 413 388 363 
   nrsprings 10 numbers 452 470 495 532 557 576 471 496 533 558 
103 nrcorners 10 numbers 364 389 414 439 464 465 440 415 390 365 
   nrsprings 10 numbers 453 472 497 534 559 577 473 498 535 560 
104 nrcorners 10 numbers 366 391 416 441 466 467 442 417 392 367 
   nrsprings 10 numbers 454 474 499 536 561 578 475 500 537 562 
105 nrcorners 10 numbers 368 393 418 443 468 469 444 419 394 369 
   nrsprings 10 numbers 455 476 501 538 563 579 477 502 539 564 
106 nrcorners 10 numbers 370 395 420 445 470 471 446 421 396 371 
   nrsprings 10 numbers 456 478 503 540 565 580 479 504 541 566 
107 nrcorners 10 numbers 372 397 422 447 472 473 448 423 398 373 
   nrsprings 10 numbers 457 480 505 542 567 581 481 506 543 568 
108 nrcorners 10 numbers 374 399 424 449 474 475 450 425 400 375 
   nrsprings 10 numbers 458 482 507 544 569 582 483 508 545 570 
109 nrcorners 10 numbers 401 426 451 476 501 502 477 452 427 402 
   nrsprings 10 numbers 509 521 546 583 608 633 522 547 584 609 
110 nrcorners 10 numbers 403 428 453 478 503 504 479 454 429 404 
   nrsprings 10 numbers 510 523 548 585 610 634 524 549 586 611 
111 nrcorners 10 numbers 405 430 455 480 505 506 481 456 431 406 
   nrsprings 10 numbers 511 525 550 587 612 635 526 551 588 613 
112 nrcorners 10 numbers 407 432 457 482 507 508 483 458 433 408 
   nrsprings 10 numbers 512 527 552 589 614 636 528 553 590 615 
113 nrcorners 10 numbers 409 434 459 484 509 510 485 460 435 410 
   nrsprings 10 numbers 513 529 554 591 616 637 530 555 592 617 
114 nrcorners 10 numbers 411 436 461 486 511 512 487 462 437 412 
   nrsprings 10 numbers 514 531 556 593 618 638 532 557 594 619 
115 nrcorners 10 numbers 413 438 463 488 513 514 489 464 439 414 
   nrsprings 10 numbers 515 533 558 595 620 639 534 559 596 621 
116 nrcorners 10 numbers 415 440 465 490 515 516 491 466 441 416 
   nrsprings 10 numbers 516 535 560 597 622 640 536 561 598 623 
117 nrcorners 10 numbers 417 442 467 492 517 518 493 468 443 418 
   nrsprings 10 numbers 517 537 562 599 624 641 538 563 600 625 
118 nrcorners 10 numbers 419 444 469 494 519 520 495 470 445 420 
   nrsprings 10 numbers 518 539 564 601 626 642 540 565 602 627 
119 nrcorners 10 numbers 421 446 471 496 521 522 497 472 447 422 
   nrsprings 10 numbers 519 541 566 603 628 643 542 567 604 629 
120 nrcorners 10 numbers 423 448 473 498 523 524 499 474 449 424 
   nrsprings 10 numbers 520 543 568 605 630 644 544 569 606 631 
121 nrcorners 10 numbers 452 477 502 527 552 553 528 503 478 453 
   nrsprings 10 numbers 571 584 609 646 671 695 585 610 647 672 
122 nrcorners 10 numbers 454 479 504 529 554 555 530 505 480 455 
   nrsprings 10 numbers 572 586 611 648 673 696 587 612 649 674 
123 nrcorners 10 numbers 456 481 506 531 556 557 532 507 482 457 
   nrsprings 10 numbers 573 588 613 650 675 697 589 614 651 676 
124 nrcorners 10 numbers 458 483 508 533 558 559 534 509 484 459 
   nrsprings 10 numbers 574 590 615 652 677 698 591 616 653 678 
125 nrcorners 10 numbers 460 485 510 535 560 561 536 511 486 461 
   nrsprings 10 numbers 575 592 617 654 679 699 593 618 655 680 
126 nrcorners 10 numbers 462 487 512 537 562 563 538 513 488 463 
   nrsprings 10 numbers 576 594 619 656 681 700 595 620 657 682 
127 nrcorners 10 numbers 464 489 514 539 564 565 540 515 490 465 
   nrsprings 10 numbers 577 596 621 658 683 701 597 622 659 684 
128 nrcorners 10 numbers 466 491 516 541 566 567 542 517 492 467 
   nrsprings 10 numbers 578 598 623 660 685 702 599 624 661 686 
129 nrcorners 10 numbers 468 493 518 543 568 569 544 519 494 469 
   nrsprings 10 numbers 579 600 625 662 687 703 601 626 663 688 
130 nrcorners 10 numbers 470 495 520 545 570 571 546 521 496 471 
   nrsprings 10 numbers 580 602 627 664 689 704 603 628 665 690 
131 nrcorners 10 numbers 472 497 522 547 572 573 548 523 498 473 
   nrsprings 10 numbers 581 604 629 666 691 705 605 630 667 692 
132 nrcorners 10 numbers 474 499 524 549 574 575 550 525 500 475 
   nrsprings 10 numbers 582 606 631 668 693 706 607 632 669 694 
133 nrcorners 10 numbers 501 526 551 576 601 602 577 552 527 502 
   nrsprings 10 numbers 633 645 670 707 732 757 646 671 708 733 
134 nrcorners 10 numbers 503 528 553 578 603 604 579 554 529 504 
   nrsprings 10 numbers 634 647 672 709 734 759 648 673 710 735 
135 nrcorners 10 numbers 505 530 555 580 605 606 581 556 531 506 
   nrsprings 10 numbers 635 649 674 711 736 761 650 675 712 737 
136 nrcorners 10 numbers 507 532 557 582 607 608 583 558 533 508 
   nrsprings 10 numbers 636 651 676 713 738 763 652 677 714 739 
137 nrcorners 10 numbers 509 534 559 584 609 610 585 560 535 510 
   nrsprings 10 numbers 637 653 678 715 740 765 654 679 716 741 
138 nrcorners 10 numbers 511 536 561 586 611 612 587 562 537 512 
   nrsprings 10 numbers 638 655 680 717 742 767 656 681 718 743 
139 nrcorners 10 numbers 513 538 563 588 613 614 589 564 539 514 
   nrsprings 10 numbers 639 657 682 719 744 769 658 683 720 745 
140 nrcorners 10 numbers 515 540 565 590 615 616 591 566 541 516 
   nrsprings 10 numbers 640 659 684 721 746 771 660 685 722 747 
141 nrcorners 10 numbers 517 542 567 592 617 618 593 568 543 518 
   nrsprings 10 numbers 641 661 686 723 748 773 662 687 724 749 
142 nrcorners 10 numbers 519 544 569 594 619 620 595 570 545 520 
   nrsprings 10 numbers 642 663 688 725 750 775 664 689 726 751 
143 nrcorners 10 numbers 521 546 571 596 621 622 597 572 547 522 
   nrsprings 10 numbers 643 665 690 727 752 777 666 691 728 753 
144 nrcorners 10 numbers 523 548 573 598 623 624 599 574 549 524 
   nrsprings 10 numbers 644 667 692 729 754 779 668 693 730 755 
145 nrcorners 6 numbers 552 577 602 603 578 553 
   nrsprings 6 numbers 695 708 733 758 709 734 
146 nrcorners 6 numbers 554 579 604 605 580 555 
   nrsprings 6 numbers 696 710 735 760 711 736 
147 nrcorners 6 numbers 556 581 606 607 582 557 
   nrsprings 6 numbers 697 712 737 762 713 738 
148 nrcorners 6 numbers 558 583 608 609 584 559 
   nrsprings 6 numbers 698 714 739 764 715 740 
149 nrcorners 6 numbers 560 585 610 611 586 561 
   nrsprings 6 numbers 699 716 741 766 717 742 
150 nrcorners 6 numbers 562 587 612 613 588 563 
   nrsprings 6 numbers 700 718 743 768 719 744 
151 nrcorners 6 numbers 564 589 614 615 590 565 
   nrsprings 6 numbers 701 720 745 770 721 746 
152 nrcorners 6 numbers 566 591 616 617 592 567 
   nrsprings 6 numbers 702 722 747 772 723 748 
153 nrcorners 6 numbers 568 593 618 619 594 569 
   nrsprings 6 numbers 703 724 749 774 725 750 
154 nrcorners 6 numbers 570 595 620 621 596 571 
   nrsprings 6 numbers 704 726 751 776 727 752 
155 nrcorners 6 numbers 572 597 622 623 598 573 
   nrsprings 6 numbers 705 728 753 778 729 754 
156 nrcorners 6 numbers 574 599 624 625 600 575 
   nrsprings 6 numbers 706 730 755 780 731 756 
-end-configuration-

-northface-
nrcorners 25
numbers 601 602 603 604 605 606 607 608 609 610 611 612 613 614 615 616 617 618 619 620 621 622 623 624 625 
-end-northface-

-eastface-
nrcorners 25
numbers 25 50 75 100 125 150 175 200 225 250 275 300 325 350 375 400 425 450 475 500 525 550 575 600 625 
-end-eastface-

-southface-
nrcorners 25
numbers 1 2 3 4 5 6 7 8 9 10 11 12 13 14 15 16 17 18 19 20 21 22 23 24 25 
-end-southface-

-westface-
nrcorners 25
numbers 1 26 51 76 101 126 151 176 201 226 251 276 301 326 351 376 401 426 451 476 501 526 551 576 601 
-end-westface-

-crosssection-
nrsprings 31
numbers 13 37 62 99 124 143 161 186 223 248 267 285 310 347 372 391 409 434 471 496 515 533 558 595 620 639 657 682 719 744 769 
nrsecundarysprings 48
secundarynumbers 25 26 73 74 121 122 169 170 217 218 265 266 313 314 361 362 409 410 457 458 505 506 553 554 601 602 649 650 697 698 745 746 793 794 841 842 889 890 937 938 985 986 1033 1034 1081 1082 1129 1130 
-end-crosssection-

