0 0 0 1.46053 0 2e-005 0 1.0954e-006 0
0.1 1e-006 1e-005 -2.89121e-013 2e-006 2e-005 0 0.00100055 0.00100055
0.2 2e-006 1e-005 -5.78241e-013 4e-006 2e-005 0 0.00200055 0.00200055
0.3 3e-006 1e-005 -5.78241e-013 6e-006 2e-005 0 0.00300055 0.00300055
0.4 4e-006 1e-005 -2.31296e-012 8e-006 2e-005 0 0.00400055 0.00400055
0.5 5e-006 1e-005 -1.15648e-012 1e-005 2e-005 0 0.00500055 0.00500055
0.6 6e-006 1e-005 1.15648e-012 1.2e-005 2e-005 0 0.00600055 0.00600055
0.7 7e-006 1e-005 -2.31296e-012 1.4e-005 2e-005 0 0.00700055 0.00700055
0.8 8e-006 1e-005 -2.31296e-012 1.6e-005 2e-005 0 0.00800055 0.00800055
0.9 9e-006 1e-005 0 1.8e-005 2e-005 0 0.00900055 0.00900055
1 1e-005 1e-005 2.31296e-012 2e-005 2e-005 0 0.0100005 0.0100005
1.1 1.1e-005 1e-005 -4.62593e-012 2.2e-005 2e-005 0 0.0110005 0.0110005
1.2 1.2e-005 1e-005 2.31296e-012 2.4e-005 2e-005 0 0.0120005 0.0120005
1.3 1.3e-005 1e-005 -2.31296e-012 2.6e-005 2e-005 0 0.0130005 0.0130005
1.4 1.4e-005 1e-005 -9.25186e-012 2.8e-005 2e-005 0 0.0140005 0.0140005
1.5 1.5e-005 1e-005 2.31296e-012 3e-005 2e-005 0 0.0150005 0.0150005
1.6 1.6e-005 1e-005 -4.62593e-012 3.2e-005 2e-005 0 0.0160005 0.0160005
1.7 1.7e-005 1e-005 4.62593e-012 3.4e-005 2e-005 0 0.0170005 0.0170005
1.8 1.8e-005 1e-005 0 3.6e-005 2e-005 0 0.0180005 0.0180005
1.9 1.9e-005 1e-005 0 3.8e-005 2e-005 0 0.0190005 0.0190005
2 2e-005 1e-005 -1.85037e-011 4e-005 2e-005 0 0.0200005 0.0200005
2.1 2.1e-005 1e-005 -9.25186e-012 4.2e-005 2e-005 0 0.0210005 0.0210005
2.2 2.2e-005 1e-005 9.25186e-012 4.4e-005 2e-005 0 0.0220005 0.0220005
2.3 2.3e-005 1e-005 9.25186e-012 4.6e-005 2e-005 0 0.0230005 0.0230005
2.4 2.4e-005 1e-005 4.62593e-012 4.8e-005 2e-005 0 0.0240005 0.0240005
2.5 2.5e-005 1e-005 -9.25186e-012 5e-005 2e-005 0 0.0250005 0.0250005
2.6 2.6e-005 1e-005 0 5.2e-005 2e-005 0 0.0260005 0.0260005
2.7 2.7e-005 1e-005 -4.62593e-012 5.4e-005 2e-005 0 0.0270005 0.0270005
2.8 2.8e-005 1e-005 0 5.6e-005 2e-005 0 0.0280005 0.0280005
2.9 2.9e-005 1e-005 4.62593e-012 5.8e-005 2e-005 0 0.0290005 0.0290005
3 3e-005 1e-005 9.25186e-012 6e-005 2e-005 0 0.0300005 0.0300005
3.1 3.1e-005 1e-005 4.62593e-012 6.2e-005 2e-005 0 0.0310005 0.0310005
3.2 3.2e-005 1e-005 1.85037e-011 6.4e-005 2e-005 0 0.0320005 0.0320005
3.3 3.3e-005 1e-005 0 6.6e-005 2e-005 0 0.0330005 0.0330005
3.4 3.4e-005 1e-005 -1.85037e-011 6.8e-005 2e-005 0 0.0340005 0.0340005
3.5 3.5e-005 1e-005 0 7e-005 2e-005 0 0.0350005 0.0350005
3.6 3.6e-005 1e-005 0 7.2e-005 2e-005 0 0.0360005 0.0360005
3.7 3.7e-005 1e-005 1.85037e-011 7.4e-005 2e-005 0 0.0370005 0.0370005
3.8 3.8e-005 1e-005 0 7.6e-005 2e-005 0 0.0380005 0.0380005
3.9 3.9e-005 1e-005 1.85037e-011 7.8e-005 2e-005 0 0.0390005 0.0390005
4 4e-005 1e-005 0 8e-005 2e-005 0 0.0400005 0.0400005
4.1 4.1e-005 1e-005 -1.85037e-011 8.2e-005 2e-005 0 0.0410005 0.0410005
4.2 4.2e-005 1e-005 0 8.4e-005 2e-005 0 0.0420005 0.0420005
4.3 4.3e-005 1e-005 0 8.6e-005 2e-005 0 0.0430005 0.0430005
4.4 4.4e-005 1e-005 1.85037e-011 8.8e-005 2e-005 0 0.0440005 0.0440005
4.5 4.5e-005 1e-005 0 9e-005 2e-005 0 0.0450005 0.0450005
4.6 4.6e-005 1e-005 -1.85037e-011 9.2e-005 2e-005 0 0.0460005 0.0460005
4.7 4.7e-005 1e-005 0 9.4e-005 2e-005 0 0.0470005 0.0470005
4.8 4.8e-005 1e-005 0 9.6e-005 2e-005 0 0.0480005 0.0480005
4.9 4.9e-005 1e-005 1.85037e-011 9.8e-005 2e-005 0 0.0490005 0.0490005
5 5e-005 1e-005 0 0.0001 2e-005 0 0.0500005 0.0500005
5.1 5.1e-005 1e-005 -1.85037e-011 0.000102 2e-005 0 0.0510005 0.0510005
5.2 5.2e-005 1e-005 0 0.000104 2e-005 0 0.0520005 0.0520005
5.3 5.3e-005 1e-005 0 0.000106 2e-005 0 0.0530005 0.0530005
5.4 5.4e-005 1e-005 0 0.000108 2e-005 0 0.0540005 0.0540005
5.5 5.5e-005 1e-005 0 0.00011 2e-005 0 0.0550005 0.0550005
5.6 5.6e-005 1e-005 1.85037e-011 0.000112 2e-005 0 0.0560005 0.0560005
5.7 5.7e-005 1e-005 0 0.000114 2e-005 0 0.0570005 0.0570005
5.8 5.8e-005 1e-005 -1.85037e-011 0.000116 2e-005 0 0.0580005 0.0580005
5.9 5.9e-005 1e-005 0 0.000118 2e-005 0 0.0590005 0.0590005
6 6e-005 1e-005 0 0.00012 2e-005 0 0.0600005 0.0600005
6.1 6.1e-005 1e-005 1.85037e-011 0.000122 2e-005 0 0.0610005 0.0610005
6.2 6.2e-005 1e-005 3.70074e-011 0.000124 2e-005 0 0.0620005 0.0620005
6.3 6.3e-005 1e-005 3.70074e-011 0.000126 2e-005 0 0.0630005 0.0630005
6.4 6.4e-005 1e-005 -1.85037e-011 0.000128 2e-005 0 0.0640005 0.0640005
6.5 6.5e-005 1e-005 -1.85037e-011 0.00013 2e-005 0 0.0650005 0.0650005
6.6 6.6e-005 1e-005 0 0.000132 2e-005 0 0.0660005 0.0660005
6.7 6.7e-005 1e-005 -1.85037e-011 0.000134 2e-005 0 0.0670005 0.0670005
6.8 6.8e-005 1e-005 3.70074e-011 0.000136 2e-005 0 0.0680005 0.0680005
6.9 6.9e-005 1e-005 1.85037e-011 0.000138 2e-005 0 0.0690005 0.0690005
7 7e-005 1e-005 -1.85037e-011 0.00014 2e-005 0 0.0700005 0.0700005
7.1 7.1e-005 1e-005 0 0.000142 2e-005 0 0.0710005 0.0710005
7.2 7.2e-005 1e-005 -1.85037e-011 0.000144 2e-005 0 0.0720005 0.0720005
7.3 7.3e-005 1e-005 5.55112e-011 0.000146 2e-005 0 0.0730005 0.0730005
7.4 7.4e-005 1e-005 1.85037e-011 0.000148 2e-005 0 0.0740005 0.0740005
7.5 7.5e-005 1e-005 -1.85037e-011 0.00015 2e-005 0 0.0750005 0.0750005
7.6 7.6e-005 1e-005 0 0.000152 2e-005 0 0.0760005 0.0760005
7.7 7.7e-005 1e-005 -1.85037e-011 0.000154 2e-005 0 0.0770005 0.0770005
7.8 7.8e-005 1e-005 5.55112e-011 0.000156 2e-005 0 0.0780005 0.0780005
7.9 7.9e-005 1e-005 1.85037e-011 0.000158 2e-005 0 0.0790005 0.0790005
8 8e-005 1e-005 -1.85037e-011 0.00016 2e-005 0 0.0800005 0.0800005
8.1 8.1e-005 1e-005 1.85037e-011 0.000162 2e-005 0 0.0810005 0.0810005
8.2 8.2e-005 1e-005 -1.85037e-011 0.000164 2e-005 0 0.0820005 0.0820005
8.3 8.3e-005 1e-005 -1.85037e-011 0.000166 2e-005 0 0.0830005 0.0830005
8.4 8.4e-005 1e-005 -1.85037e-011 0.000168 2e-005 0 0.0840005 0.0840005
8.5 8.5e-005 1e-005 5.55112e-011 0.00017 2e-005 0 0.0850005 0.0850005
8.6 8.6e-005 1e-005 1.85037e-011 0.000172 2e-005 0 0.0860005 0.0860005
8.7 8.7e-005 1e-005 -3.70074e-011 0.000174 2e-005 0 0.0870005 0.0870005
8.8 8.8e-005 1e-005 -1.85037e-011 0.000176 2e-005 0 0.0880005 0.0880005
8.9 8.9e-005 1e-005 -1.85037e-011 0.000178 2e-005 0 0.0890005 0.0890005
9 9e-005 1e-005 5.55112e-011 0.00018 2e-005 0 0.0900005 0.0900005
9.1 9.1e-005 1e-005 1.85037e-011 0.000182 2e-005 0 0.0910005 0.0910005
9.2 9.2e-005 1e-005 -3.70074e-011 0.000184 2e-005 0 0.0920005 0.0920005
9.3 9.3e-005 1e-005 -1.85037e-011 0.000186 2e-005 0 0.0930005 0.0930005
9.4 9.4e-005 1e-005 -1.85037e-011 0.000188 2e-005 0 0.0940005 0.0940005
9.5 9.5e-005 1e-005 1.85037e-011 0.00019 2e-005 0 0.0950005 0.0950005
9.6 9.6e-005 1e-005 5.55112e-011 0.000192 2e-005 0 0.0960005 0.0960005
9.7 9.7e-005 1e-005 -3.70074e-011 0.000194 2e-005 0 0.0970005 0.0970005
9.8 9.8e-005 1e-005 1.85037e-011 0.000196 2e-005 0 0.0980005 0.0980005
9.9 9.9e-005 1e-005 -5.55112e-011 0.000198 2e-005 0 0.0990005 0.0990005
10 0.0001 1e-005 3.70074e-011 0.0002 2e-005 0 0.100001 0.100001
10.1 0.000101 1e-005 -1.85037e-011 0.000202 2e-005 0 0.101001 0.101001
10.2 0.000102 1e-005 -7.40149e-011 0.000204 2e-005 0 0.102001 0.102001
10.3 0.000103 1e-005 -1.85037e-011 0.000206 2e-005 0 0.103001 0.103001
10.4 0.000104 1e-005 1.85037e-011 0.000208 2e-005 0 0.104001 0.104001
10.5 0.000105 1e-005 3.70074e-011 0.00021 2e-005 0 0.105001 0.105001
10.6 0.000106 1e-005 1.85037e-011 0.000212 2e-005 0 0.106001 0.106001
10.7 0.000107 1e-005 -5.55112e-011 0.000214 2e-005 0 0.107001 0.107001
10.8 0.000108 1e-005 -1.85037e-011 0.000216 2e-005 0 0.108001 0.108001
10.9 0.000109 1e-005 1.85037e-011 0.000218 2e-005 0 0.109001 0.109001
11 0.00011 1e-005 5.55112e-011 0.00022 2e-005 0 0.110001 0.110001
11.1 0.000111 1e-005 1.85037e-011 0.000222 2e-005 0 0.111001 0.111001
11.2 0.000112 1e-005 -5.55112e-011 0.000224 2e-005 0 0.112001 0.112001
11.3 0.000113 1e-005 -3.70074e-011 0.000226 2e-005 0 0.113001 0.113001
11.4 0.000114 1e-005 5.55112e-011 0.000228 2e-005 0 0.114001 0.114001
11.5 0.000115 1e-005 1.85037e-011 0.00023 2e-005 0 0.115001 0.115001
11.6 0.000116 1e-005 1.85037e-011 0.000232 2e-005 0 0.116001 0.116001
11.7 0.000117 1e-005 -5.55112e-011 0.000234 2e-005 0 0.117001 0.117001
11.8 0.000118 1e-005 -3.70074e-011 0.000236 2e-005 0 0.118001 0.118001
11.9 0.000119 1e-005 5.55112e-011 0.000238 2e-005 0 0.119001 0.119001
12 0.00012 1e-005 5.55112e-011 0.00024 2e-005 0 0.120001 0.120001
12.1 0.000121 1e-005 -1.85037e-011 0.000242 2e-005 0 0.121001 0.121001
12.2 0.000122 1e-005 -5.55112e-011 0.000244 2e-005 0 0.122001 0.122001
12.3 0.000123 1e-005 -9.25186e-011 0.000246 2e-005 0 0.123001 0.123001
12.4 0.000124 1e-005 -1.85037e-011 0.000248 2e-005 0 0.124001 0.124001
12.5 0.000125 1e-005 -9.25186e-011 0.00025 2e-005 0 0.125001 0.125001
12.6 0.000126 1e-005 0 0.000252 2e-005 0 0.126001 0.126001
12.7 0.000127 1e-005 7.40149e-011 0.000254 2e-005 0 0.127001 0.127001
12.8 0.000128 1e-005 -7.40149e-011 0.000256 2e-005 0 0.128001 0.128001
12.9 0.000129 1e-005 0 0.000258 2e-005 0 0.129001 0.129001
13 0.00013 1e-005 -7.40149e-011 0.00026 2e-005 0 0.130001 0.130001
13.1 0.000131 1e-005 0 0.000262 2e-005 0 0.131001 0.131001
13.2 0.000132 1e-005 7.40149e-011 0.000264 2e-005 0 0.132001 0.132001
13.3 0.000133 1e-005 -7.40149e-011 0.000266 2e-005 0 0.133001 0.133001
13.4 0.000134 1e-005 0 0.000268 2e-005 0 0.134001 0.134001
13.5 0.000135 1e-005 -7.40149e-011 0.00027 2e-005 0 0.135001 0.135001
13.6 0.000136 1e-005 0 0.000272 2e-005 0 0.136001 0.136001
13.7 0.000137 1e-005 7.40149e-011 0.000274 2e-005 0 0.137001 0.137001
13.8 0.000138 1e-005 -7.40149e-011 0.000276 2e-005 0 0.138001 0.138001
13.9 0.000139 1e-005 0 0.000278 2e-005 0 0.139001 0.139001
14 0.00014 1e-005 -7.40149e-011 0.00028 2e-005 0 0.140001 0.140001
14.1 0.000141 1e-005 0 0.000282 2e-005 0 0.141001 0.141001
14.2 0.000142 1e-005 7.40149e-011 0.000284 2e-005 0 0.142001 0.142001
14.3 0.000143 1e-005 -7.40149e-011 0.000286 2e-005 0 0.143001 0.143001
14.4 0.000144 1e-005 0 0.000288 2e-005 0 0.144001 0.144001
14.5 0.000145 1e-005 -7.40149e-011 0.00029 2e-005 0 0.145001 0.145001
14.6 0.000146 1e-005 0 0.000292 2e-005 0 0.146001 0.146001
14.7 0.000147 1e-005 7.40149e-011 0.000294 2e-005 0 0.147001 0.147001
14.8 0.000148 1e-005 -7.40149e-011 0.000296 2e-005 0 0.148001 0.148001
14.9 0.000149 1e-005 0 0.000298 2e-005 0 0.149001 0.149001
15 0.00015 1e-005 7.40149e-011 0.0003 2e-005 0 0.150001 0.150001
15.1 0.000151 1e-005 0 0.000302 2e-005 0 0.151001 0.151001
15.2 0.000152 1e-005 7.40149e-011 0.000304 2e-005 0 0.152001 0.152001
15.3 0.000153 1e-005 -7.40149e-011 0.000306 2e-005 0 0.153001 0.153001
15.4 0.000154 1e-005 0 0.000308 2e-005 0 0.154001 0.154001
15.5 0.000155 1e-005 7.40149e-011 0.00031 2e-005 0 0.155001 0.155001
15.6 0.000156 1e-005 0 0.000312 2e-005 0 0.156001 0.156001
15.7 0.000157 1e-005 7.40149e-011 0.000314 2e-005 0 0.157001 0.157001
15.8 0.000158 1e-005 -7.40149e-011 0.000316 2e-005 0 0.158001 0.158001
15.9 0.000159 1e-005 0 0.000318 2e-005 0 0.159001 0.159001
16 0.00016 1e-005 7.40149e-011 0.00032 2e-005 0 0.160001 0.160001
16.1 0.000161 1e-005 3.70074e-011 0.000322 2e-005 0 0.161001 0.161001
16.2 0.000162 1e-005 0 0.000324 2e-005 0 0.162001 0.162001
16.3 0.000163 1e-005 3.70074e-011 0.000326 2e-005 0 0.163001 0.163001
16.4 0.000164 1e-005 -3.70074e-011 0.000328 2e-005 0 0.164001 0.164001
16.5 0.000165 1e-005 -3.70074e-011 0.00033 2e-005 0 0.165001 0.165001
16.6 0.000166 1e-005 3.70074e-011 0.000332 2e-005 0 0.166001 0.166001
16.7 0.000167 1e-005 3.70074e-011 0.000334 2e-005 0 0.167001 0.167001
16.8 0.000168 1e-005 0 0.000336 2e-005 0 0.168001 0.168001
16.9 0.000169 1e-005 -7.40149e-011 0.000338 2e-005 0 0.169001 0.169001
17 0.00017 1e-005 -3.70074e-011 0.00034 2e-005 0 0.170001 0.170001
17.1 0.000171 1e-005 3.70074e-011 0.000342 2e-005 0 0.171001 0.171001
17.2 0.000172 1e-005 3.70074e-011 0.000344 2e-005 0 0.172001 0.172001
17.3 0.000173 1e-005 0 0.000346 2e-005 0 0.173001 0.173001
17.4 0.000174 1e-005 -7.40149e-011 0.000348 2e-005 0 0.174001 0.174001
17.5 0.000175 1e-005 -3.70074e-011 0.00035 2e-005 0 0.175001 0.175001
17.6 0.000176 1e-005 3.70074e-011 0.000352 2e-005 0 0.176001 0.176001
17.7 0.000177 1e-005 3.70074e-011 0.000354 2e-005 0 0.177001 0.177001
17.8 0.000178 1e-005 3.70074e-011 0.000356 2e-005 0 0.178001 0.178001
17.9 0.000179 1e-005 1.11022e-010 0.000358 2e-005 0 0.179001 0.179001
18 0.00018 1e-005 -3.70074e-011 0.00036 2e-005 0 0.180001 0.180001
18.1 0.000181 1e-005 3.70074e-011 0.000362 2e-005 0 0.181001 0.181001
18.2 0.000182 1e-005 -3.70074e-011 0.000364 2e-005 0 0.182001 0.182001
18.3 0.000183 1e-005 3.70074e-011 0.000366 2e-005 0 0.183001 0.183001
18.4 0.000184 1e-005 1.11022e-010 0.000368 2e-005 0 0.184001 0.184001
18.5 0.000185 1e-005 -3.70074e-011 0.00037 2e-005 0 0.185001 0.185001
18.6 0.000186 1e-005 3.70074e-011 0.000372 2e-005 0 0.186001 0.186001
18.7 0.000187 1e-005 -3.70074e-011 0.000374 2e-005 0 0.187001 0.187001
18.8 0.000188 1e-005 3.70074e-011 0.000376 2e-005 0 0.188001 0.188001
18.9 0.000189 1e-005 0 0.000378 2e-005 0 0.189001 0.189001
19 0.00019 1e-005 -3.70074e-011 0.00038 2e-005 0 0.190001 0.190001
19.1 0.000191 1e-005 3.70074e-011 0.000382 2e-005 0 0.191001 0.191001
19.2 0.000192 1e-005 -3.70074e-011 0.000384 2e-005 0 0.192001 0.192001
19.3 0.000193 1e-005 3.70074e-011 0.000386 2e-005 0 0.193001 0.193001
19.4 0.000194 1e-005 0 0.000388 2e-005 0 0.194001 0.194001
19.5 0.000195 1e-005 -3.70074e-011 0.00039 2e-005 0 0.195001 0.195001
19.6 0.000196 1e-005 3.70074e-011 0.000392 2e-005 0 0.196001 0.196001
19.7 0.000197 1e-005 3.70074e-011 0.000394 2e-005 0 0.197001 0.197001
19.8 0.000198 1e-005 3.70074e-011 0.000396 2e-005 0 0.198001 0.198001
19.9 0.000199 1e-005 0 0.000398 2e-005 0 0.199001 0.199001
20 0.0002 1e-005 -3.70074e-011 0.0004 2e-005 0 0.200001 0.200001
20.1 0.000201 1e-005 3.70074e-011 0.000402 2e-005 0 0.201001 0.201001
20.2 0.000202 1e-005 3.70074e-011 0.000404 2e-005 0 0.202001 0.202001
20.3 0.000203 1e-005 3.70074e-011 0.000406 2e-005 0 0.203001 0.203001
20.4 0.000204 1e-005 3.70074e-011 0.000408 2e-005 0 0.204001 0.204001
20.5 0.000205 1e-005 -3.70074e-011 0.00041 2e-005 0 0.205001 0.205001
20.6 0.000206 1e-005 3.70074e-011 0.000412 2e-005 0 0.206001 0.206001
20.7 0.000207 1e-005 3.70074e-011 0.000414 2e-005 0 0.207001 0.207001
20.8 0.000208 1e-005 3.70074e-011 0.000416 2e-005 0 0.208001 0.208001
20.9 0.000209 1e-005 3.70074e-011 0.000418 2e-005 0 0.209001 0.209001
21 0.00021 1e-005 -3.70074e-011 0.00042 2e-005 0 0.210001 0.210001
21.1 0.000211 1e-005 3.70074e-011 0.000422 2e-005 0 0.211001 0.211001
21.2 0.000212 1e-005 0 0.000424 2e-005 0 0.212001 0.212001
21.3 0.000213 1e-005 3.70074e-011 0.000426 2e-005 0 0.213001 0.213001
21.4 0.000214 1e-005 3.70074e-011 0.000428 2e-005 0 0.214001 0.214001
21.5 0.000215 1e-005 0 0.00043 2e-005 0 0.215001 0.215001
21.6 0.000216 1e-005 3.70074e-011 0.000432 2e-005 0 0.216001 0.216001
21.7 0.000217 1e-005 0 0.000434 2e-005 0 0.217001 0.217001
21.8 0.000218 1e-005 3.70074e-011 0.000436 2e-005 0 0.218001 0.218001
21.9 0.000219 1e-005 -3.70074e-011 0.000438 2e-005 0 0.219001 0.219001
22 0.00022 1e-005 0 0.00044 2e-005 0 0.220001 0.220001
22.1 0.000221 1e-005 3.70074e-011 0.000442 2e-005 0 0.221001 0.221001
22.2 0.000222 1e-005 -3.70074e-011 0.000444 2e-005 0 0.222001 0.222001
22.3 0.000223 1e-005 3.70074e-011 0.000446 2e-005 0 0.223001 0.223001
22.4 0.000224 1e-005 -3.70074e-011 0.000448 2e-005 0 0.224001 0.224001
22.5 0.000225 1e-005 0 0.00045 2e-005 0 0.225001 0.225001
22.6 0.000226 1e-005 -3.70074e-011 0.000452 2e-005 0 0.226001 0.226001
22.7 0.000227 1e-005 -3.70074e-011 0.000454 2e-005 0 0.227001 0.227001
22.8 0.000228 1e-005 3.70074e-011 0.000456 2e-005 0 0.228001 0.228001
22.9 0.000229 1e-005 3.70074e-011 0.000458 2e-005 0 0.229001 0.229001
23 0.00023 1e-005 -3.70074e-011 0.00046 2e-005 0 0.230001 0.230001
23.1 0.000231 1e-005 -3.70074e-011 0.000462 2e-005 0 0.231001 0.231001
23.2 0.000232 1e-005 -3.70074e-011 0.000464 2e-005 0 0.232001 0.232001
23.3 0.000233 1e-005 3.70074e-011 0.000466 2e-005 0 0.233001 0.233001
23.4 0.000234 1e-005 3.70074e-011 0.000468 2e-005 0 0.234001 0.234001
23.5 0.000235 1e-005 -3.70074e-011 0.00047 2e-005 0 0.235001 0.235001
23.6 0.000236 1e-005 -3.70074e-011 0.000472 2e-005 0 0.236001 0.236001
23.7 0.000237 1e-005 3.70074e-011 0.000474 2e-005 0 0.237001 0.237001
23.8 0.000238 1e-005 3.70074e-011 0.000476 2e-005 0 0.238001 0.238001
23.9 0.000239 1e-005 3.70074e-011 0.000478 2e-005 0 0.239001 0.239001
24 0.00024 1e-005 -3.70074e-011 0.00048 2e-005 0 0.240001 0.240001
24.1 0.000241 1e-005 1.11022e-010 0.000482 2e-005 0 0.241001 0.241001
24.2 0.000242 1e-005 3.70074e-011 0.000484 2e-005 0 0.242001 0.242001
24.3 0.000243 1e-005 3.70074e-011 0.000486 2e-005 0 0.243001 0.243001
24.4 0.000244 1e-005 3.70074e-011 0.000488 2e-005 0 0.244001 0.244001
24.5 0.000245 1e-005 0 0.00049 2e-005 0 0.245001 0.245001
24.6 0.000246 1e-005 -3.70074e-011 0.000492 2e-005 0 0.246001 0.246001
24.7 0.000247 1e-005 0 0.000494 2e-005 0 0.247001 0.247001
24.8 0.000248 1e-005 0 0.000496 2e-005 0 0.248001 0.248001
24.9 0.000249 1e-005 0 0.000498 2e-005 0 0.249001 0.249001
25 0.00025 1e-005 -7.40149e-011 0.0005 2e-005 0 0.250001 0.250001
25.1 0.000251 1e-005 0 0.000502 2e-005 0 0.251001 0.251001
25.2 0.000252 1e-005 7.40149e-011 0.000504 2e-005 0 0.252001 0.252001
25.3 0.000253 1e-005 0 0.000506 2e-005 0 0.253001 0.253001
25.4 0.000254 1e-005 0 0.000508 2e-005 0 0.254001 0.254001
25.5 0.000255 1e-005 -7.40149e-011 0.00051 2e-005 0 0.255001 0.255001
25.6 0.000256 1e-005 0 0.000512 2e-005 0 0.256001 0.256001
25.7 0.000257 1e-005 -7.40149e-011 0.000514 2e-005 0 0.257001 0.257001
25.8 0.000258 1e-005 0 0.000516 2e-005 0 0.258001 0.258001
25.9 0.000259 1e-005 0 0.000518 2e-005 0 0.259001 0.259001
26 0.00026 1e-005 7.40149e-011 0.00052 2e-005 0 0.260001 0.260001
26.1 0.000261 1e-005 0 0.000522 2e-005 0 0.261001 0.261001
26.2 0.000262 1e-005 -7.40149e-011 0.000524 2e-005 0 0.262001 0.262001
26.3 0.000263 1e-005 0 0.000526 2e-005 0 0.263001 0.263001
26.4 0.000264 1e-005 0 0.000528 2e-005 0 0.264001 0.264001
26.5 0.000265 1e-005 7.40149e-011 0.00053 2e-005 0 0.265001 0.265001
26.6 0.000266 1e-005 0 0.000532 2e-005 0 0.266001 0.266001
26.7 0.000267 1e-005 -7.40149e-011 0.000534 2e-005 0 0.267001 0.267001
26.8 0.000268 1e-005 0 0.000536 2e-005 0 0.268001 0.268001
26.9 0.000269 1e-005 0 0.000538 2e-005 0 0.269001 0.269001
27 0.00027 1e-005 7.40149e-011 0.00054 2e-005 0 0.270001 0.270001
27.1 0.000271 1e-005 0 0.000542 2e-005 0 0.271001 0.271001
27.2 0.000272 1e-005 7.40149e-011 0.000544 2e-005 0 0.272001 0.272001
27.3 0.000273 1e-005 0 0.000546 2e-005 0 0.273001 0.273001
27.4 0.000274 1e-005 0 0.000548 2e-005 0 0.274001 0.274001
27.5 0.000275 1e-005 -7.40149e-011 0.00055 2e-005 0 0.275001 0.275001
27.6 0.000276 1e-005 0 0.000552 2e-005 0 0.276001 0.276001
27.7 0.000277 1e-005 7.40149e-011 0.000554 2e-005 0 0.277001 0.277001
27.8 0.000278 1e-005 0 0.000556 2e-005 0 0.278001 0.278001
27.9 0.000279 1e-005 0 0.000558 2e-005 0 0.279001 0.279001
28 0.00028 1e-005 -7.40149e-011 0.00056 2e-005 0 0.280001 0.280001
28.1 0.000281 1e-005 0 0.000562 2e-005 0 0.281001 0.281001
28.2 0.000282 1e-005 7.40149e-011 0.000564 2e-005 0 0.282001 0.282001
28.3 0.000283 1e-005 0 0.000566 2e-005 0 0.283001 0.283001
28.4 0.000284 1e-005 0 0.000568 2e-005 0 0.284001 0.284001
28.5 0.000285 1e-005 -7.40149e-011 0.00057 2e-005 0 0.285001 0.285001
28.6 0.000286 1e-005 0 0.000572 2e-005 0 0.286001 0.286001
28.7 0.000287 1e-005 7.40149e-011 0.000574 2e-005 0 0.287001 0.287001
28.8 0.000288 1e-005 0 0.000576 2e-005 0 0.288001 0.288001
28.9 0.000289 1e-005 0 0.000578 2e-005 0 0.289001 0.289001
29 0.00029 1e-005 7.40149e-011 0.00058 2e-005 0 0.290001 0.290001
29.1 0.000291 1e-005 0 0.000582 2e-005 0 0.291001 0.291001
29.2 0.000292 1e-005 7.40149e-011 0.000584 2e-005 0 0.292001 0.292001
29.3 0.000293 1e-005 0 0.000586 2e-005 0 0.293001 0.293001
29.4 0.000294 1e-005 0 0.000588 2e-005 0 0.294001 0.294001
29.5 0.000295 1e-005 7.40149e-011 0.00059 2e-005 0 0.295001 0.295001
29.6 0.000296 1e-005 0 0.000592 2e-005 0 0.296001 0.296001
29.7 0.000297 1e-005 -7.40149e-011 0.000594 2e-005 0 0.297001 0.297001
29.8 0.000298 1e-005 0 0.000596 2e-005 0 0.298001 0.298001
29.9 0.000299 1e-005 0 0.000598 2e-005 0 0.299001 0.299001
30 0.0003 1e-005 7.40149e-011 0.0006 2e-005 0 0.300001 0.300001
30.1 0.000301 1e-005 0 0.000602 2e-005 0 0.301001 0.301001
30.2 0.000302 1e-005 -7.40149e-011 0.000604 2e-005 0 0.302001 0.302001
30.3 0.000303 1e-005 0 0.000606 2e-005 0 0.303001 0.303001
30.4 0.000304 1e-005 0 0.000608 2e-005 0 0.304001 0.304001
30.5 0.000305 1e-005 -7.40149e-011 0.00061 2e-005 0 0.305001 0.305001
30.6 0.000306 1e-005 0 0.000612 2e-005 0 0.306001 0.306001
30.7 0.000307 1e-005 -7.40149e-011 0.000614 2e-005 0 0.307001 0.307001
30.8 0.000308 1e-005 0 0.000616 2e-005 0 0.308001 0.308001
30.9 0.000309 1e-005 0 0.000618 2e-005 0 0.309001 0.309001
31 0.00031 1e-005 -7.40149e-011 0.00062 2e-005 0 0.310001 0.310001
31.1 0.000311 1e-005 0 0.000622 2e-005 0 0.311001 0.311001
31.2 0.000312 1e-005 7.40149e-011 0.000624 2e-005 0 0.312001 0.312001
31.3 0.000313 1e-005 0 0.000626 2e-005 0 0.313001 0.313001
31.4 0.000314 1e-005 0 0.000628 2e-005 0 0.314001 0.314001
31.5 0.000315 1e-005 7.40149e-011 0.00063 2e-005 0 0.315001 0.315001
31.6 0.000316 1e-005 0 0.000632 2e-005 0 0.316001 0.316001
31.7 0.000317 1e-005 7.40149e-011 0.000634 2e-005 0 0.317001 0.317001
31.8 0.000318 1e-005 0 0.000636 2e-005 0 0.318001 0.318001
31.9 0.000319 1e-005 -1.4803e-010 0.000638 2e-005 0 0.319001 0.319001
32 0.00032 1e-005 7.40149e-011 0.00064 2e-005 0 0.320001 0.320001
32.1 0.000321 1e-005 0 0.000642 2e-005 0 0.321001 0.321001
32.2 0.000322 1e-005 -7.40149e-011 0.000644 2e-005 0 0.322001 0.322001
32.3 0.000323 1e-005 0 0.000646 2e-005 0 0.323001 0.323001
32.4 0.000324 1e-005 -1.4803e-010 0.000648 2e-005 0 0.324001 0.324001
32.5 0.000325 1e-005 7.40149e-011 0.00065 2e-005 0 0.325001 0.325001
32.6 0.000326 1e-005 0 0.000652 2e-005 0 0.326001 0.326001
32.7 0.000327 1e-005 -7.40149e-011 0.000654 2e-005 0 0.327001 0.327001
32.8 0.000328 1e-005 0 0.000656 2e-005 0 0.328001 0.328001
32.9 0.000329 1e-005 -1.4803e-010 0.000658 2e-005 0 0.329001 0.329001
33 0.00033 1e-005 -7.40149e-011 0.00066 2e-005 0 0.330001 0.330001
33.1 0.000331 1e-005 0 0.000662 2e-005 0 0.331001 0.331001
33.2 0.000332 1e-005 -7.40149e-011 0.000664 2e-005 0 0.332001 0.332001
33.3 0.000333 1e-005 0 0.000666 2e-005 0 0.333001 0.333001
33.4 0.000334 1e-005 0 0.000668 2e-005 0 0.334001 0.334001
33.5 0.000335 1e-005 -7.40149e-011 0.00067 2e-005 0 0.335001 0.335001
33.6 0.000336 1e-005 0 0.000672 2e-005 0 0.336001 0.336001
33.7 0.000337 1e-005 7.40149e-011 0.000674 2e-005 0 0.337001 0.337001
33.8 0.000338 1e-005 0 0.000676 2e-005 0 0.338001 0.338001
33.9 0.000339 1e-005 0 0.000678 2e-005 0 0.339001 0.339001
34 0.00034 1e-005 -7.40149e-011 0.00068 2e-005 0 0.340001 0.340001
34.1 0.000341 1e-005 0 0.000682 2e-005 0 0.341001 0.341001
34.2 0.000342 1e-005 7.40149e-011 0.000684 2e-005 0 0.342001 0.342001
34.3 0.000343 1e-005 0 0.000686 2e-005 0 0.343001 0.343001
34.4 0.000344 1e-005 -7.40149e-011 0.000688 2e-005 0 0.344001 0.344001
34.5 0.000345 1e-005 -7.40149e-011 0.00069 2e-005 0 0.345001 0.345001
34.6 0.000346 1e-005 0 0.000692 2e-005 0 0.346001 0.346001
34.7 0.000347 1e-005 7.40149e-011 0.000694 2e-005 0 0.347001 0.347001
34.8 0.000348 1e-005 0 0.000696 2e-005 0 0.348001 0.348001
34.9 0.000349 1e-005 -7.40149e-011 0.000698 2e-005 0 0.349001 0.349001
35 0.00035 1e-005 -7.40149e-011 0.0007 2e-005 0 0.350001 0.350001
35.1 0.000351 1e-005 0 0.000702 2e-005 0 0.351001 0.351001
35.2 0.000352 1e-005 -7.40149e-011 0.000704 2e-005 0 0.352001 0.352001
35.3 0.000353 1e-005 0 0.000706 2e-005 0 0.353001 0.353001
35.4 0.000354 1e-005 -7.40149e-011 0.000708 2e-005 0 0.354001 0.354001
35.5 0.000355 1e-005 7.40149e-011 0.00071 2e-005 0 0.355001 0.355001
35.6 0.000356 1e-005 0 0.000712 2e-005 0 0.356001 0.356001
35.7 0.000357 1e-005 -7.40149e-011 0.000714 2e-005 0 0.357001 0.357001
35.8 0.000358 1e-005 0 0.000716 2e-005 0 0.358001 0.358001
35.9 0.000359 1e-005 2.22045e-010 0.000718 2e-005 0 0.359001 0.359001
36 0.00036 1e-005 7.40149e-011 0.00072 2e-005 0 0.360001 0.360001
36.1 0.000361 1e-005 0 0.000722 2e-005 0 0.361001 0.361001
36.2 0.000362 1e-005 -7.40149e-011 0.000724 2e-005 0 0.362001 0.362001
36.3 0.000363 1e-005 0 0.000726 2e-005 0 0.363001 0.363001
36.4 0.000364 1e-005 2.22045e-010 0.000728 2e-005 0 0.364001 0.364001
36.5 0.000365 1e-005 7.40149e-011 0.00073 2e-005 0 0.365001 0.365001
36.6 0.000366 1e-005 0 0.000732 2e-005 0 0.366001 0.366001
36.7 0.000367 1e-005 7.40149e-011 0.000734 2e-005 0 0.367001 0.367001
36.8 0.000368 1e-005 0 0.000736 2e-005 0 0.368001 0.368001
36.9 0.000369 1e-005 2.22045e-010 0.000738 2e-005 0 0.369001 0.369001
37 0.00037 1e-005 7.40149e-011 0.00074 2e-005 0 0.370001 0.370001
37.1 0.000371 1e-005 0 0.000742 2e-005 0 0.371001 0.371001
37.2 0.000372 1e-005 7.40149e-011 0.000744 2e-005 0 0.372001 0.372001
37.3 0.000373 1e-005 0 0.000746 2e-005 0 0.373001 0.373001
37.4 0.000374 1e-005 -7.40149e-011 0.000748 2e-005 0 0.374001 0.374001
37.5 0.000375 1e-005 7.40149e-011 0.00075 2e-005 0 0.375001 0.375001
37.6 0.000376 1e-005 0 0.000752 2e-005 0 0.376001 0.376001
37.7 0.000377 1e-005 7.40149e-011 0.000754 2e-005 0 0.377001 0.377001
37.8 0.000378 1e-005 0 0.000756 2e-005 0 0.378001 0.378001
37.9 0.000379 1e-005 -7.40149e-011 0.000758 2e-005 0 0.379001 0.379001
38 0.00038 1e-005 7.40149e-011 0.00076 2e-005 0 0.380001 0.380001
38.1 0.000381 1e-005 0 0.000762 2e-005 0 0.381001 0.381001
38.2 0.000382 1e-005 7.40149e-011 0.000764 2e-005 0 0.382001 0.382001
38.3 0.000383 1e-005 0 0.000766 2e-005 0 0.383001 0.383001
38.4 0.000384 1e-005 7.40149e-011 0.000768 2e-005 0 0.384001 0.384001
38.5 0.000385 1e-005 7.40149e-011 0.00077 2e-005 0 0.385001 0.385001
38.6 0.000386 1e-005 0 0.000772 2e-005 0 0.386001 0.386001
38.7 0.000387 1e-005 7.40149e-011 0.000774 2e-005 0 0.387001 0.387001
38.8 0.000388 1e-005 0 0.000776 2e-005 0 0.388001 0.388001
38.9 0.000389 1e-005 7.40149e-011 0.000778 2e-005 0 0.389001 0.389001
39 0.00039 1e-005 7.40149e-011 0.00078 2e-005 0 0.390001 0.390001
39.1 0.000391 1e-005 0 0.000782 2e-005 0 0.391001 0.391001
39.2 0.000392 1e-005 -7.40149e-011 0.000784 2e-005 0 0.392001 0.392001
39.3 0.000393 1e-005 0 0.000786 2e-005 0 0.393001 0.393001
39.4 0.000394 1e-005 7.40149e-011 0.000788 2e-005 0 0.394001 0.394001
39.5 0.000395 1e-005 0 0.00079 2e-005 0 0.395001 0.395001
39.6 0.000396 1e-005 0 0.000792 2e-005 0 0.396001 0.396001
39.7 0.000397 1e-005 -7.40149e-011 0.000794 2e-005 0 0.397001 0.397001
39.8 0.000398 1e-005 0 0.000796 2e-005 0 0.398001 0.398001
39.9 0.000399 1e-005 -7.40149e-011 0.000798 2e-005 0 0.399001 0.399001
40 0.0004 1e-005 0 0.0008 2e-005 0 0.400001 0.400001
40.1 0.000401 1e-005 0 0.000802 2e-005 0 0.401001 0.401001
40.2 0.000402 1e-005 -7.40149e-011 0.000804 2e-005 0 0.402001 0.402001
40.3 0.000403 1e-005 0 0.000806 2e-005 0 0.403001 0.403001
40.4 0.000404 1e-005 -7.40149e-011 0.000808 2e-005 0 0.404001 0.404001
40.5 0.000405 1e-005 0 0.00081 2e-005 0 0.405001 0.405001
40.6 0.000406 1e-005 0 0.000812 2e-005 0 0.406001 0.406001
40.7 0.000407 1e-005 -7.40149e-011 0.000814 2e-005 0 0.407001 0.407001
40.8 0.000408 1e-005 0 0.000816 2e-005 0 0.408001 0.408001
40.9 0.000409 1e-005 -7.40149e-011 0.000818 2e-005 0 0.409001 0.409001
41 0.00041 1e-005 7.40149e-011 0.00082 2e-005 0 0.410001 0.410001
41.1 0.000411 1e-005 0 0.000822 2e-005 0 0.411001 0.411001
41.2 0.000412 1e-005 -7.40149e-011 0.000824 2e-005 0 0.412001 0.412001
41.3 0.000413 1e-005 0 0.000826 2e-005 0 0.413001 0.413001
41.4 0.000414 1e-005 7.40149e-011 0.000828 2e-005 0 0.414001 0.414001
41.5 0.000415 1e-005 7.40149e-011 0.00083 2e-005 0 0.415001 0.415001
41.6 0.000416 1e-005 0 0.000832 2e-005 0 0.416001 0.416001
41.7 0.000417 1e-005 -7.40149e-011 0.000834 2e-005 0 0.417001 0.417001
41.8 0.000418 1e-005 0 0.000836 2e-005 0 0.418001 0.418001
41.9 0.000419 1e-005 7.40149e-011 0.000838 2e-005 0 0.419001 0.419001
42 0.00042 1e-005 7.40149e-011 0.00084 2e-005 0 0.420001 0.420001
42.1 0.000421 1e-005 7.40149e-011 0.000842 2e-005 0 0.421001 0.421001
42.2 0.000422 1e-005 0 0.000844 2e-005 0 0.422001 0.422001
42.3 0.000423 1e-005 0 0.000846 2e-005 0 0.423001 0.423001
42.4 0.000424 1e-005 -7.40149e-011 0.000848 2e-005 0 0.424001 0.424001
42.5 0.000425 1e-005 -7.40149e-011 0.00085 2e-005 0 0.425001 0.425001
42.6 0.000426 1e-005 7.40149e-011 0.000852 2e-005 0 0.426001 0.426001
42.7 0.000427 1e-005 0 0.000854 2e-005 0 0.427001 0.427001
42.8 0.000428 1e-005 0 0.000856 2e-005 0 0.428001 0.428001
42.9 0.000429 1e-005 -7.40149e-011 0.000858 2e-005 0 0.429001 0.429001
43 0.00043 1e-005 -7.40149e-011 0.00086 2e-005 0 0.430001 0.430001
43.1 0.000431 1e-005 7.40149e-011 0.000862 2e-005 0 0.431001 0.431001
43.2 0.000432 1e-005 0 0.000864 2e-005 0 0.432001 0.432001
43.3 0.000433 1e-005 0 0.000866 2e-005 0 0.433001 0.433001
43.4 0.000434 1e-005 -7.40149e-011 0.000868 2e-005 0 0.434001 0.434001
43.5 0.000435 1e-005 -7.40149e-011 0.00087 2e-005 0 0.435001 0.435001
43.6 0.000436 1e-005 7.40149e-011 0.000872 2e-005 0 0.436001 0.436001
43.7 0.000437 1e-005 0 0.000874 2e-005 0 0.437001 0.437001
43.8 0.000438 1e-005 0 0.000876 2e-005 0 0.438001 0.438001
43.9 0.000439 1e-005 0 0.000878 2e-005 0 0.439001 0.439001
44 0.00044 1e-005 0 0.00088 2e-005 0 0.440001 0.440001
44.1 0.000441 1e-005 7.40149e-011 0.000882 2e-005 0 0.441001 0.441001
44.2 0.000442 1e-005 0 0.000884 2e-005 0 0.442001 0.442001
44.3 0.000443 1e-005 -1.4803e-010 0.000886 2e-005 0 0.443001 0.443001
44.4 0.000444 1e-005 7.40149e-011 0.000888 2e-005 0 0.444001 0.444001
44.5 0.000445 1e-005 0 0.00089 2e-005 0 0.445001 0.445001
44.6 0.000446 1e-005 0 0.000892 2e-005 0 0.446001 0.446001
44.7 0.000447 1e-005 -7.40149e-011 0.000894 2e-005 0 0.447001 0.447001
44.8 0.000448 1e-005 -1.4803e-010 0.000896 2e-005 0 0.448001 0.448001
44.9 0.000449 1e-005 7.40149e-011 0.000898 2e-005 0 0.449001 0.449001
45 0.00045 1e-005 -7.40149e-011 0.0009 2e-005 0 0.450001 0.450001
45.1 0.000451 1e-005 0 0.000902 2e-005 0 0.451001 0.451001
45.2 0.000452 1e-005 -7.40149e-011 0.000904 2e-005 0 0.452001 0.452001
45.3 0.000453 1e-005 -1.4803e-010 0.000906 2e-005 0 0.453001 0.453001
45.4 0.000454 1e-005 -7.40149e-011 0.000908 2e-005 0 0.454001 0.454001
45.5 0.000455 1e-005 -7.40149e-011 0.00091 2e-005 0 0.455001 0.455001
45.6 0.000456 1e-005 0 0.000912 2e-005 0 0.456001 0.456001
45.7 0.000457 1e-005 0 0.000914 2e-005 0 0.457001 0.457001
45.8 0.000458 1e-005 1.4803e-010 0.000916 2e-005 0 0.458001 0.458001
45.9 0.000459 1e-005 -7.40149e-011 0.000918 2e-005 0 0.459001 0.459001
46 0.00046 1e-005 -7.40149e-011 0.00092 2e-005 0 0.460001 0.460001
46.1 0.000461 1e-005 -7.40149e-011 0.000922 2e-005 0 0.461001 0.461001
46.2 0.000462 1e-005 0 0.000924 2e-005 0 0.462001 0.462001
46.3 0.000463 1e-005 -7.40149e-011 0.000926 2e-005 0 0.463001 0.463001
46.4 0.000464 1e-005 -7.40149e-011 0.000928 2e-005 0 0.464001 0.464001
46.5 0.000465 1e-005 -7.40149e-011 0.00093 2e-005 0 0.465001 0.465001
46.6 0.000466 1e-005 -7.40149e-011 0.000932 2e-005 0 0.466001 0.466001
46.7 0.000467 1e-005 0 0.000934 2e-005 0 0.467001 0.467001
46.8 0.000468 1e-005 -7.40149e-011 0.000936 2e-005 0 0.468001 0.468001
46.9 0.000469 1e-005 0 0.000938 2e-005 0 0.469001 0.469001
47 0.00047 1e-005 -7.40149e-011 0.00094 2e-005 0 0.470001 0.470001
47.1 0.000471 1e-005 -7.40149e-011 0.000942 2e-005 0 0.471001 0.471001
47.2 0.000472 1e-005 -7.40149e-011 0.000944 2e-005 0 0.472001 0.472001
47.3 0.000473 1e-005 -7.40149e-011 0.000946 2e-005 0 0.473001 0.473001
47.4 0.000474 1e-005 0 0.000948 2e-005 0 0.474001 0.474001
47.5 0.000475 1e-005 -7.40149e-011 0.00095 2e-005 0 0.475001 0.475001
47.6 0.000476 1e-005 0 0.000952 2e-005 0 0.476001 0.476001
47.7 0.000477 1e-005 -7.40149e-011 0.000954 2e-005 0 0.477001 0.477001
47.8 0.000478 1e-005 -7.40149e-011 0.000956 2e-005 0 0.478001 0.478001
47.9 0.000479 1e-005 0 0.000958 2e-005 0 0.479001 0.479001
48 0.00048 1e-005 -7.40149e-011 0.00096 2e-005 0 0.480001 0.480001
48.1 0.000481 1e-005 0 0.000962 2e-005 0 0.481001 0.481001
48.2 0.000482 1e-005 -7.40149e-011 0.000964 2e-005 0 0.482001 0.482001
48.3 0.000483 1e-005 2.22045e-010 0.000966 2e-005 0 0.483001 0.483001
48.4 0.000484 1e-005 0 0.000968 2e-005 0 0.484001 0.484001
48.5 0.000485 1e-005 -7.40149e-011 0.00097 2e-005 0 0.485001 0.485001
48.6 0.000486 1e-005 0 0.000972 2e-005 0 0.486001 0.486001
48.7 0.000487 1e-005 0 0.000974 2e-005 0 0.487001 0.487001
48.8 0.000488 1e-005 2.22045e-010 0.000976 2e-005 0 0.488001 0.488001
48.9 0.000489 1e-005 0 0.000978 2e-005 0 0.489001 0.489001
49 0.00049 1e-005 -7.40149e-011 0.00098 2e-005 0 0.490001 0.490001
49.1 0.000491 1e-005 7.40149e-011 0.000982 2e-005 0 0.491001 0.491001
49.2 0.000492 1e-005 0 0.000984 2e-005 0 0.492001 0.492001
49.3 0.000493 1e-005 0 0.000986 2e-005 0 0.493001 0.493001
49.4 0.000494 1e-005 0 0.000988 2e-005 0 0.494001 0.494001
49.5 0.000495 1e-005 -7.40149e-011 0.00099 2e-005 0 0.495001 0.495001
49.6 0.000496 1e-005 7.40149e-011 0.000992 2e-005 0 0.496001 0.496001
49.7 0.000497 1e-005 0 0.000994 2e-005 0 0.497001 0.497001
49.8 0.000498 1e-005 0 0.000996 2e-005 0 0.498001 0.498001
49.9 0.000499 1e-005 0 0.000998 2e-005 0 0.499001 0.499001
50 0.0005 1e-005 0 0.001 2e-005 0 0.500001 0.500001
50.1 0.000501 1e-005 0 0.001002 2e-005 0 0.501001 0.501001
50.2 0.000502 1e-005 -1.4803e-010 0.001004 2e-005 0 0.502001 0.502001
50.3 0.000503 1e-005 0 0.001006 2e-005 0 0.503001 0.503001
50.4 0.000504 1e-005 1.4803e-010 0.001008 2e-005 0 0.504001 0.504001
50.5 0.000505 1e-005 0 0.00101 2e-005 0 0.505001 0.505001
50.6 0.000506 1e-005 0 0.001012 2e-005 0 0.506001 0.506001
50.7 0.000507 1e-005 -1.4803e-010 0.001014 2e-005 0 0.507001 0.507001
50.8 0.000508 1e-005 0 0.001016 2e-005 0 0.508001 0.508001
50.9 0.000509 1e-005 1.4803e-010 0.001018 2e-005 0 0.509001 0.509001
51 0.00051 1e-005 0 0.00102 2e-005 0 0.510001 0.510001
51.1 0.000511 1e-005 0 0.001022 2e-005 0 0.511001 0.511001
51.2 0.000512 1e-005 -1.4803e-010 0.001024 2e-005 0 0.512001 0.512001
51.3 0.000513 1e-005 0 0.001026 2e-005 0 0.513001 0.513001
51.4 0.000514 1e-005 1.4803e-010 0.001028 2e-005 0 0.514001 0.514001
51.5 0.000515 1e-005 0 0.00103 2e-005 0 0.515001 0.515001
51.6 0.000516 1e-005 0 0.001032 2e-005 0 0.516001 0.516001
51.7 0.000517 1e-005 -1.4803e-010 0.001034 2e-005 0 0.517001 0.517001
51.8 0.000518 1e-005 0 0.001036 2e-005 0 0.518001 0.518001
51.9 0.000519 1e-005 1.4803e-010 0.001038 2e-005 0 0.519001 0.519001
52 0.00052 1e-005 0 0.00104 2e-005 0 0.520001 0.520001
52.1 0.000521 1e-005 0 0.001042 2e-005 0 0.521001 0.521001
52.2 0.000522 1e-005 -1.4803e-010 0.001044 2e-005 0 0.522001 0.522001
52.3 0.000523 1e-005 0 0.001046 2e-005 0 0.523001 0.523001
52.4 0.000524 1e-005 1.4803e-010 0.001048 2e-005 0 0.524001 0.524001
52.5 0.000525 1e-005 0 0.00105 2e-005 0 0.525001 0.525001
52.6 0.000526 1e-005 0 0.001052 2e-005 0 0.526001 0.526001
52.7 0.000527 1e-005 -1.4803e-010 0.001054 2e-005 0 0.527001 0.527001
52.8 0.000528 1e-005 0 0.001056 2e-005 0 0.528001 0.528001
52.9 0.000529 1e-005 1.4803e-010 0.001058 2e-005 0 0.529001 0.529001
53 0.00053 1e-005 0 0.00106 2e-005 0 0.530001 0.530001
53.1 0.000531 1e-005 0 0.001062 2e-005 0 0.531001 0.531001
53.2 0.000532 1e-005 -1.4803e-010 0.001064 2e-005 0 0.532001 0.532001
53.3 0.000533 1e-005 0 0.001066 2e-005 0 0.533001 0.533001
53.4 0.000534 1e-005 1.4803e-010 0.001068 2e-005 0 0.534001 0.534001
53.5 0.000535 1e-005 0 0.00107 2e-005 0 0.535001 0.535001
53.6 0.000536 1e-005 0 0.001072 2e-005 0 0.536001 0.536001
53.7 0.000537 1e-005 -1.4803e-010 0.001074 2e-005 0 0.537001 0.537001
53.8 0.000538 1e-005 0 0.001076 2e-005 0 0.538001 0.538001
53.9 0.000539 1e-005 1.4803e-010 0.001078 2e-005 0 0.539001 0.539001
54 0.00054 1e-005 0 0.00108 2e-005 0 0.540001 0.540001
54.1 0.000541 1e-005 0 0.001082 2e-005 0 0.541001 0.541001
54.2 0.000542 1e-005 -1.4803e-010 0.001084 2e-005 0 0.542001 0.542001
54.3 0.000543 1e-005 0 0.001086 2e-005 0 0.543001 0.543001
54.4 0.000544 1e-005 1.4803e-010 0.001088 2e-005 0 0.544001 0.544001
54.5 0.000545 1e-005 0 0.00109 2e-005 0 0.545001 0.545001
54.6 0.000546 1e-005 0 0.001092 2e-005 0 0.546001 0.546001
54.7 0.000547 1e-005 -1.4803e-010 0.001094 2e-005 0 0.547001 0.547001
54.8 0.000548 1e-005 0 0.001096 2e-005 0 0.548001 0.548001
54.9 0.000549 1e-005 1.4803e-010 0.001098 2e-005 0 0.549001 0.549001
55 0.00055 1e-005 0 0.0011 2e-005 0 0.550001 0.550001
55.1 0.000551 1e-005 0 0.001102 2e-005 0 0.551001 0.551001
55.2 0.000552 1e-005 -1.4803e-010 0.001104 2e-005 0 0.552001 0.552001
55.3 0.000553 1e-005 0 0.001106 2e-005 0 0.553001 0.553001
55.4 0.000554 1e-005 1.4803e-010 0.001108 2e-005 0 0.554001 0.554001
55.5 0.000555 1e-005 0 0.00111 2e-005 0 0.555001 0.555001
55.6 0.000556 1e-005 0 0.001112 2e-005 0 0.556001 0.556001
55.7 0.000557 1e-005 -1.4803e-010 0.001114 2e-005 0 0.557001 0.557001
55.8 0.000558 1e-005 0 0.001116 2e-005 0 0.558001 0.558001
55.9 0.000559 1e-005 1.4803e-010 0.001118 2e-005 0 0.559001 0.559001
56 0.00056 1e-005 0 0.00112 2e-005 0 0.560001 0.560001
56.1 0.000561 1e-005 0 0.001122 2e-005 0 0.561001 0.561001
56.2 0.000562 1e-005 -1.4803e-010 0.001124 2e-005 0 0.562001 0.562001
56.3 0.000563 1e-005 0 0.001126 2e-005 0 0.563001 0.563001
56.4 0.000564 1e-005 1.4803e-010 0.001128 2e-005 0 0.564001 0.564001
56.5 0.000565 1e-005 0 0.00113 2e-005 0 0.565001 0.565001
56.6 0.000566 1e-005 0 0.001132 2e-005 0 0.566001 0.566001
56.7 0.000567 1e-005 -1.4803e-010 0.001134 2e-005 0 0.567001 0.567001
56.8 0.000568 1e-005 0 0.001136 2e-005 0 0.568001 0.568001
56.9 0.000569 1e-005 1.4803e-010 0.001138 2e-005 0 0.569001 0.569001
57 0.00057 1e-005 0 0.00114 2e-005 0 0.570001 0.570001
57.1 0.000571 1e-005 0 0.001142 2e-005 0 0.571001 0.571001
57.2 0.000572 1e-005 -1.4803e-010 0.001144 2e-005 0 0.572001 0.572001
57.3 0.000573 1e-005 0 0.001146 2e-005 0 0.573001 0.573001
57.4 0.000574 1e-005 1.4803e-010 0.001148 2e-005 0 0.574001 0.574001
57.5 0.000575 1e-005 0 0.00115 2e-005 0 0.575001 0.575001
57.6 0.000576 1e-005 0 0.001152 2e-005 0 0.576001 0.576001
57.7 0.000577 1e-005 -1.4803e-010 0.001154 2e-005 0 0.577001 0.577001
57.8 0.000578 1e-005 0 0.001156 2e-005 0 0.578001 0.578001
57.9 0.000579 1e-005 1.4803e-010 0.001158 2e-005 0 0.579001 0.579001
58 0.00058 1e-005 0 0.00116 2e-005 0 0.580001 0.580001
58.1 0.000581 1e-005 0 0.001162 2e-005 0 0.581001 0.581001
58.2 0.000582 1e-005 -1.4803e-010 0.001164 2e-005 0 0.582001 0.582001
58.3 0.000583 1e-005 0 0.001166 2e-005 0 0.583001 0.583001
58.4 0.000584 1e-005 1.4803e-010 0.001168 2e-005 0 0.584001 0.584001
58.5 0.000585 1e-005 0 0.00117 2e-005 0 0.585001 0.585001
58.6 0.000586 1e-005 0 0.001172 2e-005 0 0.586001 0.586001
58.7 0.000587 1e-005 -1.4803e-010 0.001174 2e-005 0 0.587001 0.587001
58.8 0.000588 1e-005 0 0.001176 2e-005 0 0.588001 0.588001
58.9 0.000589 1e-005 1.4803e-010 0.001178 2e-005 0 0.589001 0.589001
59 0.00059 1e-005 0 0.00118 2e-005 0 0.590001 0.590001
59.1 0.000591 1e-005 0 0.001182 2e-005 0 0.591001 0.591001
59.2 0.000592 1e-005 -1.4803e-010 0.001184 2e-005 0 0.592001 0.592001
59.3 0.000593 1e-005 0 0.001186 2e-005 0 0.593001 0.593001
59.4 0.000594 1e-005 1.4803e-010 0.001188 2e-005 0 0.594001 0.594001
59.5 0.000595 1e-005 0 0.00119 2e-005 0 0.595001 0.595001
59.6 0.000596 1e-005 0 0.001192 2e-005 0 0.596001 0.596001
59.7 0.000597 1e-005 -1.4803e-010 0.001194 2e-005 0 0.597001 0.597001
59.8 0.000598 1e-005 0 0.001196 2e-005 0 0.598001 0.598001
59.9 0.000599 1e-005 1.4803e-010 0.001198 2e-005 0 0.599001 0.599001
60 0.0006 1e-005 0 0.0012 2e-005 0 0.600001 0.600001
60.1 0.000601 1e-005 0 0.001202 2e-005 0 0.601001 0.601001
60.2 0.000602 1e-005 -1.4803e-010 0.001204 2e-005 0 0.602001 0.602001
60.3 0.000603 1e-005 0 0.001206 2e-005 0 0.603001 0.603001
60.4 0.000604 1e-005 1.4803e-010 0.001208 2e-005 0 0.604001 0.604001
60.5 0.000605 1e-005 0 0.00121 2e-005 0 0.605001 0.605001
60.6 0.000606 1e-005 0 0.001212 2e-005 0 0.606001 0.606001
60.7 0.000607 1e-005 -1.4803e-010 0.001214 2e-005 0 0.607001 0.607001
60.8 0.000608 1e-005 0 0.001216 2e-005 0 0.608001 0.608001
60.9 0.000609 1e-005 1.4803e-010 0.001218 2e-005 0 0.609001 0.609001
61 0.00061 1e-005 0 0.00122 2e-005 0 0.610001 0.610001
61.1 0.000611 1e-005 0 0.001222 2e-005 0 0.611001 0.611001
61.2 0.000612 1e-005 -1.4803e-010 0.001224 2e-005 0 0.612001 0.612001
61.3 0.000613 1e-005 0 0.001226 2e-005 0 0.613001 0.613001
61.4 0.000614 1e-005 1.4803e-010 0.001228 2e-005 0 0.614001 0.614001
61.5 0.000615 1e-005 0 0.00123 2e-005 0 0.615001 0.615001
61.6 0.000616 1e-005 0 0.001232 2e-005 0 0.616001 0.616001
61.7 0.000617 1e-005 -1.4803e-010 0.001234 2e-005 0 0.617001 0.617001
61.8 0.000618 1e-005 0 0.001236 2e-005 0 0.618001 0.618001
61.9 0.000619 1e-005 1.4803e-010 0.001238 2e-005 0 0.619001 0.619001
62 0.00062 1e-005 0 0.00124 2e-005 0 0.620001 0.620001
62.1 0.000621 1e-005 0 0.001242 2e-005 0 0.621001 0.621001
62.2 0.000622 1e-005 -1.4803e-010 0.001244 2e-005 0 0.622001 0.622001
62.3 0.000623 1e-005 0 0.001246 2e-005 0 0.623001 0.623001
62.4 0.000624 1e-005 1.4803e-010 0.001248 2e-005 0 0.624001 0.624001
62.5 0.000625 1e-005 0 0.00125 2e-005 0 0.625001 0.625001
62.6 0.000626 1e-005 0 0.001252 2e-005 0 0.626001 0.626001
62.7 0.000627 1e-005 -1.4803e-010 0.001254 2e-005 0 0.627001 0.627001
62.8 0.000628 1e-005 0 0.001256 2e-005 0 0.628001 0.628001
62.9 0.000629 1e-005 -1.4803e-010 0.001258 2e-005 0 0.629001 0.629001
63 0.00063 1e-005 0 0.00126 2e-005 0 0.630001 0.630001
63.1 0.000631 1e-005 0 0.001262 2e-005 0 0.631001 0.631001
63.2 0.000632 1e-005 -1.4803e-010 0.001264 2e-005 0 0.632001 0.632001
63.3 0.000633 1e-005 0 0.001266 2e-005 0 0.633001 0.633001
63.4 0.000634 1e-005 -1.4803e-010 0.001268 2e-005 0 0.634001 0.634001
63.5 0.000635 1e-005 0 0.00127 2e-005 0 0.635001 0.635001
63.6 0.000636 1e-005 0 0.001272 2e-005 0 0.636001 0.636001
63.7 0.000637 1e-005 -1.4803e-010 0.001274 2e-005 0 0.637001 0.637001
63.8 0.000638 1e-005 0 0.001276 2e-005 0 0.638001 0.638001
63.9 0.000639 1e-005 -1.4803e-010 0.001278 2e-005 0 0.639001 0.639001
64 0.00064 1e-005 0 0.00128 2e-005 0 0.640001 0.640001
64.1 0.000641 1e-005 0 0.001282 2e-005 0 0.641001 0.641001
64.2 0.000642 1e-005 -1.4803e-010 0.001284 2e-005 0 0.642001 0.642001
64.3 0.000643 1e-005 0 0.001286 2e-005 0 0.643001 0.643001
64.4 0.000644 1e-005 2.96059e-010 0.001288 2e-005 0 0.644001 0.644001
64.5 0.000645 1e-005 0 0.00129 2e-005 0 0.645001 0.645001
64.6 0.000646 1e-005 0 0.001292 2e-005 0 0.646001 0.646001
64.7 0.000647 1e-005 -1.4803e-010 0.001294 2e-005 0 0.647001 0.647001
64.8 0.000648 1e-005 0 0.001296 2e-005 0 0.648001 0.648001
64.9 0.000649 1e-005 2.96059e-010 0.001298 2e-005 0 0.649001 0.649001
65 0.00065 1e-005 0 0.0013 2e-005 0 0.650001 0.650001
65.1 0.000651 1e-005 0 0.001302 2e-005 0 0.651001 0.651001
65.2 0.000652 1e-005 -1.4803e-010 0.001304 2e-005 0 0.652001 0.652001
65.3 0.000653 1e-005 0 0.001306 2e-005 0 0.653001 0.653001
65.4 0.000654 1e-005 0 0.001308 2e-005 0 0.654001 0.654001
65.5 0.000655 1e-005 0 0.00131 2e-005 0 0.655001 0.655001
65.6 0.000656 1e-005 0 0.001312 2e-005 0 0.656001 0.656001
65.7 0.000657 1e-005 -1.4803e-010 0.001314 2e-005 0 0.657001 0.657001
65.8 0.000658 1e-005 0 0.001316 2e-005 0 0.658001 0.658001
65.9 0.000659 1e-005 0 0.001318 2e-005 0 0.659001 0.659001
66 0.00066 1e-005 0 0.00132 2e-005 0 0.660001 0.660001
66.1 0.000661 1e-005 0 0.001322 2e-005 0 0.661001 0.661001
66.2 0.000662 1e-005 -1.4803e-010 0.001324 2e-005 0 0.662001 0.662001
66.3 0.000663 1e-005 0 0.001326 2e-005 0 0.663001 0.663001
66.4 0.000664 1e-005 0 0.001328 2e-005 0 0.664001 0.664001
66.5 0.000665 1e-005 0 0.00133 2e-005 0 0.665001 0.665001
66.6 0.000666 1e-005 0 0.001332 2e-005 0 0.666001 0.666001
66.7 0.000667 1e-005 -1.4803e-010 0.001334 2e-005 0 0.667001 0.667001
66.8 0.000668 1e-005 0 0.001336 2e-005 0 0.668001 0.668001
66.9 0.000669 1e-005 0 0.001338 2e-005 0 0.669001 0.669001
67 0.00067 1e-005 0 0.00134 2e-005 0 0.670001 0.670001
67.1 0.000671 1e-005 0 0.001342 2e-005 0 0.671001 0.671001
67.2 0.000672 1e-005 -1.4803e-010 0.001344 2e-005 0 0.672001 0.672001
67.3 0.000673 1e-005 0 0.001346 2e-005 0 0.673001 0.673001
67.4 0.000674 1e-005 0 0.001348 2e-005 0 0.674001 0.674001
67.5 0.000675 1e-005 0 0.00135 2e-005 0 0.675001 0.675001
67.6 0.000676 1e-005 0 0.001352 2e-005 0 0.676001 0.676001
67.7 0.000677 1e-005 -1.4803e-010 0.001354 2e-005 0 0.677001 0.677001
67.8 0.000678 1e-005 0 0.001356 2e-005 0 0.678001 0.678001
67.9 0.000679 1e-005 0 0.001358 2e-005 0 0.679001 0.679001
68 0.00068 1e-005 0 0.00136 2e-005 0 0.680001 0.680001
68.1 0.000681 1e-005 0 0.001362 2e-005 0 0.681001 0.681001
68.2 0.000682 1e-005 -1.4803e-010 0.001364 2e-005 0 0.682001 0.682001
68.3 0.000683 1e-005 0 0.001366 2e-005 0 0.683001 0.683001
68.4 0.000684 1e-005 0 0.001368 2e-005 0 0.684001 0.684001
68.5 0.000685 1e-005 0 0.00137 2e-005 0 0.685001 0.685001
68.6 0.000686 1e-005 0 0.001372 2e-005 0 0.686001 0.686001
68.7 0.000687 1e-005 -1.4803e-010 0.001374 2e-005 0 0.687001 0.687001
68.8 0.000688 1e-005 0 0.001376 2e-005 0 0.688001 0.688001
68.9 0.000689 1e-005 0 0.001378 2e-005 0 0.689001 0.689001
69 0.00069 1e-005 0 0.00138 2e-005 0 0.690001 0.690001
69.1 0.000691 1e-005 0 0.001382 2e-005 0 0.691001 0.691001
69.2 0.000692 1e-005 -1.4803e-010 0.001384 2e-005 0 0.692001 0.692001
69.3 0.000693 1e-005 0 0.001386 2e-005 0 0.693001 0.693001
69.4 0.000694 1e-005 0 0.001388 2e-005 0 0.694001 0.694001
69.5 0.000695 1e-005 0 0.00139 2e-005 0 0.695001 0.695001
69.6 0.000696 1e-005 0 0.001392 2e-005 0 0.696001 0.696001
69.7 0.000697 1e-005 -1.4803e-010 0.001394 2e-005 0 0.697001 0.697001
69.8 0.000698 1e-005 0 0.001396 2e-005 0 0.698001 0.698001
69.9 0.000699 1e-005 0 0.001398 2e-005 0 0.699001 0.699001
70 0.0007 1e-005 0 0.0014 2e-005 0 0.700001 0.700001
70.1 0.000701 1e-005 0 0.001402 2e-005 0 0.701001 0.701001
70.2 0.000702 1e-005 -1.4803e-010 0.001404 2e-005 0 0.702001 0.702001
70.3 0.000703 1e-005 0 0.001406 2e-005 0 0.703001 0.703001
70.4 0.000704 1e-005 0 0.001408 2e-005 0 0.704001 0.704001
70.5 0.000705 1e-005 0 0.00141 2e-005 0 0.705001 0.705001
70.6 0.000706 1e-005 0 0.001412 2e-005 0 0.706001 0.706001
70.7 0.000707 1e-005 -1.4803e-010 0.001414 2e-005 0 0.707001 0.707001
70.8 0.000708 1e-005 0 0.001416 2e-005 0 0.708001 0.708001
70.9 0.000709 1e-005 0 0.001418 2e-005 0 0.709001 0.709001
71 0.00071 1e-005 0 0.00142 2e-005 0 0.710001 0.710001
71.1 0.000711 1e-005 0 0.001422 2e-005 0 0.711001 0.711001
71.2 0.000712 1e-005 -1.4803e-010 0.001424 2e-005 0 0.712001 0.712001
71.3 0.000713 1e-005 0 0.001426 2e-005 0 0.713001 0.713001
71.4 0.000714 1e-005 0 0.001428 2e-005 0 0.714001 0.714001
71.5 0.000715 1e-005 0 0.00143 2e-005 0 0.715001 0.715001
71.6 0.000716 1e-005 0 0.001432 2e-005 0 0.716001 0.716001
71.7 0.000717 1e-005 -1.4803e-010 0.001434 2e-005 0 0.717001 0.717001
71.8 0.000718 1e-005 0 0.001436 2e-005 0 0.718001 0.718001
71.9 0.000719 1e-005 0 0.001438 2e-005 0 0.719001 0.719001
72 0.00072 1e-005 0 0.00144 2e-005 0 0.720001 0.720001
72.1 0.000721 1e-005 0 0.001442 2e-005 0 0.721001 0.721001
72.2 0.000722 1e-005 -1.4803e-010 0.001444 2e-005 0 0.722001 0.722001
72.3 0.000723 1e-005 0 0.001446 2e-005 0 0.723001 0.723001
72.4 0.000724 1e-005 0 0.001448 2e-005 0 0.724001 0.724001
72.5 0.000725 1e-005 0 0.00145 2e-005 0 0.725001 0.725001
72.6 0.000726 1e-005 0 0.001452 2e-005 0 0.726001 0.726001
72.7 0.000727 1e-005 -1.4803e-010 0.001454 2e-005 0 0.727001 0.727001
72.8 0.000728 1e-005 0 0.001456 2e-005 0 0.728001 0.728001
72.9 0.000729 1e-005 0 0.001458 2e-005 0 0.729001 0.729001
73 0.00073 1e-005 0 0.00146 2e-005 0 0.730001 0.730001
73.1 0.000731 1e-005 0 0.001462 2e-005 0 0.731001 0.731001
73.2 0.000732 1e-005 -1.4803e-010 0.001464 2e-005 0 0.732001 0.732001
73.3 0.000733 1e-005 0 0.001466 2e-005 0 0.733001 0.733001
73.4 0.000734 1e-005 0 0.001468 2e-005 0 0.734001 0.734001
73.5 0.000735 1e-005 0 0.00147 2e-005 0 0.735001 0.735001
73.6 0.000736 1e-005 0 0.001472 2e-005 0 0.736001 0.736001
73.7 0.000737 1e-005 -1.4803e-010 0.001474 2e-005 0 0.737001 0.737001
73.8 0.000738 1e-005 0 0.001476 2e-005 0 0.738001 0.738001
73.9 0.000739 1e-005 0 0.001478 2e-005 0 0.739001 0.739001
74 0.00074 1e-005 0 0.00148 2e-005 0 0.740001 0.740001
74.1 0.000741 1e-005 0 0.001482 2e-005 0 0.741001 0.741001
74.2 0.000742 1e-005 -1.4803e-010 0.001484 2e-005 0 0.742001 0.742001
74.3 0.000743 1e-005 0 0.001486 2e-005 0 0.743001 0.743001
74.4 0.000744 1e-005 0 0.001488 2e-005 0 0.744001 0.744001
74.5 0.000745 1e-005 0 0.00149 2e-005 0 0.745001 0.745001
74.6 0.000746 1e-005 0 0.001492 2e-005 0 0.746001 0.746001
74.7 0.000747 1e-005 -1.4803e-010 0.001494 2e-005 0 0.747001 0.747001
74.8 0.000748 1e-005 0 0.001496 2e-005 0 0.748001 0.748001
74.9 0.000749 1e-005 0 0.001498 2e-005 0 0.749001 0.749001
75 0.00075 1e-005 0 0.0015 2e-005 0 0.750001 0.750001
75.1 0.000751 1e-005 0 0.001502 2e-005 0 0.751001 0.751001
75.2 0.000752 1e-005 -1.4803e-010 0.001504 2e-005 0 0.752001 0.752001
75.3 0.000753 1e-005 0 0.001506 2e-005 0 0.753001 0.753001
75.4 0.000754 1e-005 0 0.001508 2e-005 0 0.754001 0.754001
75.5 0.000755 1e-005 0 0.00151 2e-005 0 0.755001 0.755001
75.6 0.000756 1e-005 0 0.001512 2e-005 0 0.756001 0.756001
75.7 0.000757 1e-005 -1.4803e-010 0.001514 2e-005 0 0.757001 0.757001
75.8 0.000758 1e-005 0 0.001516 2e-005 0 0.758001 0.758001
75.9 0.000759 1e-005 0 0.001518 2e-005 0 0.759001 0.759001
76 0.00076 1e-005 0 0.00152 2e-005 0 0.760001 0.760001
76.1 0.000761 1e-005 0 0.001522 2e-005 0 0.761001 0.761001
76.2 0.000762 1e-005 -1.4803e-010 0.001524 2e-005 0 0.762001 0.762001
76.3 0.000763 1e-005 0 0.001526 2e-005 0 0.763001 0.763001
76.4 0.000764 1e-005 0 0.001528 2e-005 0 0.764001 0.764001
76.5 0.000765 1e-005 0 0.00153 2e-005 0 0.765001 0.765001
76.6 0.000766 1e-005 0 0.001532 2e-005 0 0.766001 0.766001
76.7 0.000767 1e-005 -1.4803e-010 0.001534 2e-005 0 0.767001 0.767001
76.8 0.000768 1e-005 0 0.001536 2e-005 0 0.768001 0.768001
76.9 0.000769 1e-005 0 0.001538 2e-005 0 0.769001 0.769001
77 0.00077 1e-005 0 0.00154 2e-005 0 0.770001 0.770001
77.1 0.000771 1e-005 0 0.001542 2e-005 0 0.771001 0.771001
77.2 0.000772 1e-005 -1.4803e-010 0.001544 2e-005 0 0.772001 0.772001
77.3 0.000773 1e-005 0 0.001546 2e-005 0 0.773001 0.773001
77.4 0.000774 1e-005 0 0.001548 2e-005 0 0.774001 0.774001
77.5 0.000775 1e-005 0 0.00155 2e-005 0 0.775001 0.775001
77.6 0.000776 1e-005 0 0.001552 2e-005 0 0.776001 0.776001
77.7 0.000777 1e-005 -1.4803e-010 0.001554 2e-005 0 0.777001 0.777001
77.8 0.000778 1e-005 0 0.001556 2e-005 0 0.778001 0.778001
77.9 0.000779 1e-005 0 0.001558 2e-005 0 0.779001 0.779001
78 0.00078 1e-005 0 0.00156 2e-005 0 0.780001 0.780001
78.1 0.000781 1e-005 0 0.001562 2e-005 0 0.781001 0.781001
78.2 0.000782 1e-005 -1.4803e-010 0.001564 2e-005 0 0.782001 0.782001
78.3 0.000783 1e-005 0 0.001566 2e-005 0 0.783001 0.783001
78.4 0.000784 1e-005 0 0.001568 2e-005 0 0.784001 0.784001
78.5 0.000785 1e-005 0 0.00157 2e-005 0 0.785001 0.785001
78.6 0.000786 1e-005 0 0.001572 2e-005 0 0.786001 0.786001
78.7 0.000787 1e-005 -1.4803e-010 0.001574 2e-005 0 0.787001 0.787001
78.8 0.000788 1e-005 0 0.001576 2e-005 0 0.788001 0.788001
78.9 0.000789 1e-005 0 0.001578 2e-005 0 0.789001 0.789001
79 0.00079 1e-005 0 0.00158 2e-005 0 0.790001 0.790001
79.1 0.000791 1e-005 0 0.001582 2e-005 0 0.791001 0.791001
79.2 0.000792 1e-005 -1.4803e-010 0.001584 2e-005 0 0.792001 0.792001
79.3 0.000793 1e-005 0 0.001586 2e-005 0 0.793001 0.793001
79.4 0.000794 1e-005 0 0.001588 2e-005 0 0.794001 0.794001
79.5 0.000795 1e-005 0 0.00159 2e-005 0 0.795001 0.795001
79.6 0.000796 1e-005 0 0.001592 2e-005 0 0.796001 0.796001
79.7 0.000797 1e-005 -1.4803e-010 0.001594 2e-005 0 0.797001 0.797001
79.8 0.000798 1e-005 0 0.001596 2e-005 0 0.798001 0.798001
79.9 0.000799 1e-005 0 0.001598 2e-005 0 0.799001 0.799001
80 0.0008 1e-005 0 0.0016 2e-005 0 0.800001 0.800001
80.1 0.000801 1e-005 0 0.001602 2e-005 0 0.801001 0.801001
80.2 0.000802 1e-005 -1.4803e-010 0.001604 2e-005 0 0.802001 0.802001
80.3 0.000803 1e-005 0 0.001606 2e-005 0 0.803001 0.803001
80.4 0.000804 1e-005 0 0.001608 2e-005 0 0.804001 0.804001
80.5 0.000805 1e-005 0 0.00161 2e-005 0 0.805001 0.805001
80.6 0.000806 1e-005 0 0.001612 2e-005 0 0.806001 0.806001
80.7 0.000807 1e-005 -1.4803e-010 0.001614 2e-005 0 0.807001 0.807001
80.8 0.000808 1e-005 0 0.001616 2e-005 0 0.808001 0.808001
80.9 0.000809 1e-005 0 0.001618 2e-005 0 0.809001 0.809001
81 0.00081 1e-005 0 0.00162 2e-005 0 0.810001 0.810001
81.1 0.000811 1e-005 0 0.001622 2e-005 0 0.811001 0.811001
81.2 0.000812 1e-005 -1.4803e-010 0.001624 2e-005 0 0.812001 0.812001
81.3 0.000813 1e-005 0 0.001626 2e-005 0 0.813001 0.813001
81.4 0.000814 1e-005 0 0.001628 2e-005 0 0.814001 0.814001
81.5 0.000815 1e-005 0 0.00163 2e-005 0 0.815001 0.815001
81.6 0.000816 1e-005 0 0.001632 2e-005 0 0.816001 0.816001
81.7 0.000817 1e-005 -1.4803e-010 0.001634 2e-005 0 0.817001 0.817001
81.8 0.000818 1e-005 0 0.001636 2e-005 0 0.818001 0.818001
81.9 0.000819 1e-005 0 0.001638 2e-005 0 0.819001 0.819001
82 0.00082 1e-005 0 0.00164 2e-005 0 0.820001 0.820001
82.1 0.000821 1e-005 0 0.001642 2e-005 0 0.821001 0.821001
82.2 0.000822 1e-005 -1.4803e-010 0.001644 2e-005 0 0.822001 0.822001
82.3 0.000823 1e-005 0 0.001646 2e-005 0 0.823001 0.823001
82.4 0.000824 1e-005 0 0.001648 2e-005 0 0.824001 0.824001
82.5 0.000825 1e-005 0 0.00165 2e-005 0 0.825001 0.825001
82.6 0.000826 1e-005 0 0.001652 2e-005 0 0.826001 0.826001
82.7 0.000827 1e-005 -1.4803e-010 0.001654 2e-005 0 0.827001 0.827001
82.8 0.000828 1e-005 0 0.001656 2e-005 0 0.828001 0.828001
82.9 0.000829 1e-005 0 0.001658 2e-005 0 0.829001 0.829001
83 0.00083 1e-005 0 0.00166 2e-005 0 0.830001 0.830001
83.1 0.000831 1e-005 0 0.001662 2e-005 0 0.831001 0.831001
83.2 0.000832 1e-005 -1.4803e-010 0.001664 2e-005 0 0.832001 0.832001
83.3 0.000833 1e-005 0 0.001666 2e-005 0 0.833001 0.833001
83.4 0.000834 1e-005 0 0.001668 2e-005 0 0.834001 0.834001
83.5 0.000835 1e-005 0 0.00167 2e-005 0 0.835001 0.835001
83.6 0.000836 1e-005 0 0.001672 2e-005 0 0.836001 0.836001
83.7 0.000837 1e-005 -1.4803e-010 0.001674 2e-005 0 0.837001 0.837001
83.8 0.000838 1e-005 0 0.001676 2e-005 0 0.838001 0.838001
83.9 0.000839 1e-005 0 0.001678 2e-005 0 0.839001 0.839001
84 0.00084 1e-005 0 0.00168 2e-005 0 0.840001 0.840001
84.1 0.000841 1e-005 0 0.001682 2e-005 0 0.841001 0.841001
84.2 0.000842 1e-005 -1.4803e-010 0.001684 2e-005 0 0.842001 0.842001
84.3 0.000843 1e-005 0 0.001686 2e-005 0 0.843001 0.843001
84.4 0.000844 1e-005 0 0.001688 2e-005 0 0.844001 0.844001
84.5 0.000845 1e-005 0 0.00169 2e-005 0 0.845001 0.845001
84.6 0.000846 1e-005 0 0.001692 2e-005 0 0.846001 0.846001
84.7 0.000847 1e-005 -1.4803e-010 0.001694 2e-005 0 0.847001 0.847001
84.8 0.000848 1e-005 0 0.001696 2e-005 0 0.848001 0.848001
84.9 0.000849 1e-005 0 0.001698 2e-005 0 0.849001 0.849001
85 0.00085 1e-005 0 0.0017 2e-005 0 0.850001 0.850001
85.1 0.000851 1e-005 0 0.001702 2e-005 0 0.851001 0.851001
85.2 0.000852 1e-005 -1.4803e-010 0.001704 2e-005 0 0.852001 0.852001
85.3 0.000853 1e-005 0 0.001706 2e-005 0 0.853001 0.853001
85.4 0.000854 1e-005 0 0.001708 2e-005 0 0.854001 0.854001
85.5 0.000855 1e-005 0 0.00171 2e-005 0 0.855001 0.855001
85.6 0.000856 1e-005 0 0.001712 2e-005 0 0.856001 0.856001
85.7 0.000857 1e-005 -1.4803e-010 0.001714 2e-005 0 0.857001 0.857001
85.8 0.000858 1e-005 0 0.001716 2e-005 0 0.858001 0.858001
85.9 0.000859 1e-005 0 0.001718 2e-005 0 0.859001 0.859001
86 0.00086 1e-005 0 0.00172 2e-005 0 0.860001 0.860001
86.1 0.000861 1e-005 0 0.001722 2e-005 0 0.861001 0.861001
86.2 0.000862 1e-005 -1.4803e-010 0.001724 2e-005 0 0.862001 0.862001
86.3 0.000863 1e-005 0 0.001726 2e-005 0 0.863001 0.863001
86.4 0.000864 1e-005 0 0.001728 2e-005 0 0.864001 0.864001
86.5 0.000865 1e-005 0 0.00173 2e-005 0 0.865001 0.865001
86.6 0.000866 1e-005 0 0.001732 2e-005 0 0.866001 0.866001
86.7 0.000867 1e-005 -1.4803e-010 0.001734 2e-005 0 0.867001 0.867001
86.8 0.000868 1e-005 0 0.001736 2e-005 0 0.868001 0.868001
86.9 0.000869 1e-005 0 0.001738 2e-005 0 0.869001 0.869001
87 0.00087 1e-005 0 0.00174 2e-005 0 0.870001 0.870001
87.1 0.000871 1e-005 0 0.001742 2e-005 0 0.871001 0.871001
87.2 0.000872 1e-005 -1.4803e-010 0.001744 2e-005 0 0.872001 0.872001
87.3 0.000873 1e-005 0 0.001746 2e-005 0 0.873001 0.873001
87.4 0.000874 1e-005 0 0.001748 2e-005 0 0.874001 0.874001
87.5 0.000875 1e-005 0 0.00175 2e-005 0 0.875001 0.875001
87.6 0.000876 1e-005 0 0.001752 2e-005 0 0.876001 0.876001
87.7 0.000877 1e-005 -4.44089e-010 0.001754 2e-005 0 0.877001 0.877001
87.8 0.000878 1e-005 0 0.001756 2e-005 0 0.878001 0.878001
87.9 0.000879 1e-005 0 0.001758 2e-005 0 0.879001 0.879001
88 0.00088 1e-005 0 0.00176 2e-005 0 0.880001 0.880001
88.1 0.000881 1e-005 0 0.001762 2e-005 0 0.881001 0.881001
88.2 0.000882 1e-005 -4.44089e-010 0.001764 2e-005 0 0.882001 0.882001
88.3 0.000883 1e-005 0 0.001766 2e-005 0 0.883001 0.883001
88.4 0.000884 1e-005 0 0.001768 2e-005 0 0.884001 0.884001
88.5 0.000885 1e-005 0 0.00177 2e-005 0 0.885001 0.885001
88.6 0.000886 1e-005 0 0.001772 2e-005 0 0.886001 0.886001
88.7 0.000887 1e-005 -1.4803e-010 0.001774 2e-005 0 0.887001 0.887001
88.8 0.000888 1e-005 0 0.001776 2e-005 0 0.888001 0.888001
88.9 0.000889 1e-005 0 0.001778 2e-005 0 0.889001 0.889001
89 0.00089 1e-005 0 0.00178 2e-005 0 0.890001 0.890001
89.1 0.000891 1e-005 0 0.001782 2e-005 0 0.891001 0.891001
89.2 0.000892 1e-005 -1.4803e-010 0.001784 2e-005 0 0.892001 0.892001
89.3 0.000893 1e-005 0 0.001786 2e-005 0 0.893001 0.893001
89.4 0.000894 1e-005 0 0.001788 2e-005 0 0.894001 0.894001
89.5 0.000895 1e-005 0 0.00179 2e-005 0 0.895001 0.895001
89.6 0.000896 1e-005 0 0.001792 2e-005 0 0.896001 0.896001
89.7 0.000897 1e-005 -1.4803e-010 0.001794 2e-005 0 0.897001 0.897001
89.8 0.000898 1e-005 0 0.001796 2e-005 0 0.898001 0.898001
89.9 0.000899 1e-005 0 0.001798 2e-005 0 0.899001 0.899001
90 0.0009 1e-005 0 0.0018 2e-005 0 0.900001 0.900001
90.1 0.000901 1e-005 0 0.001802 2e-005 0 0.901001 0.901001
90.2 0.000902 1e-005 -2.96059e-010 0.001804 2e-005 0 0.902001 0.902001
90.3 0.000903 1e-005 0 0.001806 2e-005 0 0.903001 0.903001
90.4 0.000904 1e-005 0 0.001808 2e-005 0 0.904001 0.904001
90.5 0.000905 1e-005 0 0.00181 2e-005 0 0.905001 0.905001
90.6 0.000906 1e-005 0 0.001812 2e-005 0 0.906001 0.906001
90.7 0.000907 1e-005 -2.96059e-010 0.001814 2e-005 0 0.907001 0.907001
90.8 0.000908 1e-005 0 0.001816 2e-005 0 0.908001 0.908001
90.9 0.000909 1e-005 0 0.001818 2e-005 0 0.909001 0.909001
91 0.00091 1e-005 0 0.00182 2e-005 0 0.910001 0.910001
91.1 0.000911 1e-005 0 0.001822 2e-005 0 0.911001 0.911001
91.2 0.000912 1e-005 -2.96059e-010 0.001824 2e-005 0 0.912001 0.912001
91.3 0.000913 1e-005 0 0.001826 2e-005 0 0.913001 0.913001
91.4 0.000914 1e-005 0 0.001828 2e-005 0 0.914001 0.914001
91.5 0.000915 1e-005 0 0.00183 2e-005 0 0.915001 0.915001
91.6 0.000916 1e-005 0 0.001832 2e-005 0 0.916001 0.916001
91.7 0.000917 1e-005 -1.4803e-010 0.001834 2e-005 0 0.917001 0.917001
91.8 0.000918 1e-005 0 0.001836 2e-005 0 0.918001 0.918001
91.9 0.000919 1e-005 0 0.001838 2e-005 0 0.919001 0.919001
92 0.00092 1e-005 0 0.00184 2e-005 0 0.920001 0.920001
92.1 0.000921 1e-005 0 0.001842 2e-005 0 0.921001 0.921001
92.2 0.000922 1e-005 -1.4803e-010 0.001844 2e-005 0 0.922001 0.922001
92.3 0.000923 1e-005 0 0.001846 2e-005 0 0.923001 0.923001
92.4 0.000924 1e-005 0 0.001848 2e-005 0 0.924001 0.924001
92.5 0.000925 1e-005 0 0.00185 2e-005 0 0.925001 0.925001
92.6 0.000926 1e-005 0 0.001852 2e-005 0 0.926001 0.926001
92.7 0.000927 1e-005 -1.4803e-010 0.001854 2e-005 0 0.927001 0.927001
92.8 0.000928 1e-005 0 0.001856 2e-005 0 0.928001 0.928001
92.9 0.000929 1e-005 0 0.001858 2e-005 0 0.929001 0.929001
93 0.00093 1e-005 0 0.00186 2e-005 0 0.930001 0.930001
93.1 0.000931 1e-005 0 0.001862 2e-005 0 0.931001 0.931001
93.2 0.000932 1e-005 -1.4803e-010 0.001864 2e-005 0 0.932001 0.932001
93.3 0.000933 1e-005 0 0.001866 2e-005 0 0.933001 0.933001
93.4 0.000934 1e-005 0 0.001868 2e-005 0 0.934001 0.934001
93.5 0.000935 1e-005 0 0.00187 2e-005 0 0.935001 0.935001
93.6 0.000936 1e-005 0 0.001872 2e-005 0 0.936001 0.936001
93.7 0.000937 1e-005 -1.4803e-010 0.001874 2e-005 0 0.937001 0.937001
93.8 0.000938 1e-005 0 0.001876 2e-005 0 0.938001 0.938001
93.9 0.000939 1e-005 0 0.001878 2e-005 0 0.939001 0.939001
94 0.00094 1e-005 0 0.00188 2e-005 0 0.940001 0.940001
94.1 0.000941 1e-005 0 0.001882 2e-005 0 0.941001 0.941001
94.2 0.000942 1e-005 -1.4803e-010 0.001884 2e-005 0 0.942001 0.942001
94.3 0.000943 1e-005 0 0.001886 2e-005 0 0.943001 0.943001
94.4 0.000944 1e-005 0 0.001888 2e-005 0 0.944001 0.944001
94.5 0.000945 1e-005 0 0.00189 2e-005 0 0.945001 0.945001
94.6 0.000946 1e-005 0 0.001892 2e-005 0 0.946001 0.946001
94.7 0.000947 1e-005 -1.4803e-010 0.001894 2e-005 0 0.947001 0.947001
94.8 0.000948 1e-005 0 0.001896 2e-005 0 0.948001 0.948001
94.9 0.000949 1e-005 0 0.001898 2e-005 0 0.949001 0.949001
95 0.00095 1e-005 0 0.0019 2e-005 0 0.950001 0.950001
95.1 0.000951 1e-005 0 0.001902 2e-005 0 0.951001 0.951001
95.2 0.000952 1e-005 -1.4803e-010 0.001904 2e-005 0 0.952001 0.952001
95.3 0.000953 1e-005 0 0.001906 2e-005 0 0.953001 0.953001
95.4 0.000954 1e-005 0 0.001908 2e-005 0 0.954001 0.954001
95.5 0.000955 1e-005 0 0.00191 2e-005 0 0.955001 0.955001
95.6 0.000956 1e-005 0 0.001912 2e-005 0 0.956001 0.956001
95.7 0.000957 1e-005 -1.4803e-010 0.001914 2e-005 0 0.957001 0.957001
95.8 0.000958 1e-005 0 0.001916 2e-005 0 0.958001 0.958001
95.9 0.000959 1e-005 0 0.001918 2e-005 0 0.959001 0.959001
96 0.00096 1e-005 0 0.00192 2e-005 0 0.960001 0.960001
96.1 0.000961 1e-005 0 0.001922 2e-005 0 0.961001 0.961001
96.2 0.000962 1e-005 -1.4803e-010 0.001924 2e-005 0 0.962001 0.962001
96.3 0.000963 1e-005 0 0.001926 2e-005 0 0.963001 0.963001
96.4 0.000964 1e-005 0 0.001928 2e-005 0 0.964001 0.964001
96.5 0.000965 1e-005 0 0.00193 2e-005 0 0.965001 0.965001
96.6 0.000966 1e-005 0 0.001932 2e-005 0 0.966001 0.966001
96.7 0.000967 1e-005 -1.4803e-010 0.001934 2e-005 0 0.967001 0.967001
96.8 0.000968 1e-005 0 0.001936 2e-005 0 0.968001 0.968001
96.9 0.000969 1e-005 0 0.001938 2e-005 0 0.969001 0.969001
97 0.00097 1e-005 0 0.00194 2e-005 0 0.970001 0.970001
97.1 0.000971 1e-005 0 0.001942 2e-005 0 0.971001 0.971001
97.2 0.000972 1e-005 -1.4803e-010 0.001944 2e-005 0 0.972001 0.972001
97.3 0.000973 1e-005 0 0.001946 2e-005 0 0.973001 0.973001
97.4 0.000974 1e-005 0 0.001948 2e-005 0 0.974001 0.974001
97.5 0.000975 1e-005 0 0.00195 2e-005 0 0.975001 0.975001
97.6 0.000976 1e-005 0 0.001952 2e-005 0 0.976001 0.976001
97.7 0.000977 1e-005 1.4803e-010 0.001954 2e-005 0 0.977001 0.977001
97.8 0.000978 1e-005 0 0.001956 2e-005 0 0.978001 0.978001
97.9 0.000979 1e-005 -1.4803e-010 0.001958 2e-005 0 0.979001 0.979001
98 0.00098 1e-005 1.4803e-010 0.00196 2e-005 0 0.980001 0.980001
98.1 0.000981 1e-005 0 0.001962 2e-005 0 0.981001 0.981001
98.2 0.000982 1e-005 1.4803e-010 0.001964 2e-005 0 0.982001 0.982001
98.3 0.000983 1e-005 0 0.001966 2e-005 0 0.983001 0.983001
98.4 0.000984 1e-005 -1.4803e-010 0.001968 2e-005 0 0.984001 0.984001
98.5 0.000985 1e-005 1.4803e-010 0.00197 2e-005 0 0.985001 0.985001
98.6 0.000986 1e-005 0 0.001972 2e-005 0 0.986001 0.986001
98.7 0.000987 1e-005 1.4803e-010 0.001974 2e-005 0 0.987001 0.987001
98.8 0.000988 1e-005 0 0.001976 2e-005 0 0.988001 0.988001
98.9 0.000989 1e-005 -1.4803e-010 0.001978 2e-005 0 0.989001 0.989001
99 0.00099 1e-005 1.4803e-010 0.00198 2e-005 0 0.990001 0.990001
99.1 0.000991 1e-005 0 0.001982 2e-005 0 0.991001 0.991001
99.2 0.000992 1e-005 1.4803e-010 0.001984 2e-005 0 0.992001 0.992001
99.3 0.000993 1e-005 0 0.001986 2e-005 0 0.993001 0.993001
99.4 0.000994 1e-005 -1.4803e-010 0.001988 2e-005 0 0.994001 0.994001
99.5 0.000995 1e-005 1.4803e-010 0.00199 2e-005 0 0.995001 0.995001
99.6 0.000996 1e-005 0 0.001992 2e-005 0 0.996001 0.996001
99.7 0.000997 1e-005 1.4803e-010 0.001994 2e-005 0 0.997001 0.997001
99.8 0.000998 1e-005 0 0.001996 2e-005 0 0.998001 0.998001
99.9 0.000999 1e-005 -1.4803e-010 0.001998 2e-005 0 0.999001 0.999001
