0 0 0 1.68149e-008 0 0 0 0 8.5055e-005 
2.9e-006 -0.54375 0.00440298 1.68149e-008 2.8133e-005 -473.058 -473.058 0 8.60744e-005 
5.8e-006 -1.0875 0.0512087 1.6815e-008 0.000355475 -5977.31 -5977.31 0 8.58459e-005 
8.7e-006 -1.63125 -0.0349339 1.68149e-008 -0.000305429 5135.77 0 5135.77 8.5617e-005 
1.16e-005 -2.175 0.00841089 1.68149e-008 6.02285e-006 -101.274 -101.274 0 8.53851e-005 
1.45e-005 -2.71875 -0.00457164 1.68149e-008 -0.000106408 1789.23 0 1789.23 8.6184e-005 
1.74e-005 -3.2625 -0.138409 1.68147e-008 -0.00116552 19598.1 0 19598.1 8.59592e-005 
2.03e-005 -3.80625 0.0531092 1.6815e-008 0.000230691 -3879.05 -3879.05 0 8.57347e-005 
2.32e-005 -4.35 -0.031226 1.68148e-008 -0.000445146 7485.1 0 7485.1 8.55034e-005 
2.61e-005 -4.89375 0.000977992 1.68149e-008 -0.00023898 4018.43 0 4018.43 8.71257e-005 
2.9e-005 -5.4375 -0.00355366 1.68149e-008 -0.000312607 5256.46 0 5256.46 8.68854e-005 
3.19e-005 -5.98125 0.223477 1.68151e-008 0.00129482 -21772.4 -21772.4 0 8.6653e-005 
3.48e-005 -6.525 -0.147605 1.68147e-008 -0.00155049 26071.4 0 26071.4 8.64567e-005 
3.77e-005 -7.06875 0.0487266 1.68149e-008 -0.000163858 2755.23 0 2755.23 8.62617e-005 
4.06e-005 -7.6125 -0.0607565 1.68147e-008 -0.0010658 17921.3 0 17921.3 8.60588e-005 
4.35e-005 -8.15625 -0.00758569 1.68148e-008 -0.000757964 12745.1 0 12745.1 8.6761e-005 
4.64e-005 -8.7 -0.0330479 1.68147e-008 -0.00104285 17535.5 0 17535.5 8.6541e-005 
4.93e-005 -9.24375 -0.0210485 1.68147e-008 -0.00104533 17577.2 0 17577.2 8.86499e-005 
5.22e-005 -9.7875 -0.0250274 1.68147e-008 -0.00116748 19631.1 0 19631.1 8.84258e-005 
5.51e-005 -10.3312 -0.277173 1.68144e-008 -0.00324282 54527.8 0 54527.8 8.82647e-005 
5.8e-005 -10.875 0.0465351 1.68148e-008 -0.000925304 15558.9 0 15558.9 8.9357e-005 
6.09e-005 -11.4187 -0.131787 1.68145e-008 -0.00238444 40094.2 0 40094.2 8.92214e-005 
6.38e-005 -11.9625 -0.0736267 1.68146e-008 -0.00210909 35464.1 0 35464.1 8.90735e-005 
6.67e-005 -12.5062 -0.117314 1.68145e-008 -0.00261457 43963.7 0 43963.7 8.89053e-005 
6.96e-005 -13.05 -0.104177 1.68145e-008 -0.00270613 45503.4 0 45503.4 8.87202e-005 
7.25e-005 -13.5937 -0.113278 1.68144e-008 -0.00296333 49828.2 0 49828.2 8.95797e-005 
7.54e-005 -14.1375 -0.111098 1.68144e-008 -0.0031319 52662.7 0 52662.7 8.93824e-005 
7.83e-005 -14.6812 0.0366684 1.68146e-008 -0.0022211 37347.8 0 37347.8 9.1153e-005 
8.12e-005 -15.225 -0.377414 1.6814e-008 -0.00560278 94210.3 0 94210.3 9.1056e-005 
8.41e-005 -15.7687 -0.0556998 1.68144e-008 -0.00329266 55365.9 0 55365.9 9.10119e-005 
8.7e-005 -16.3125 -0.328781 1.6814e-008 -0.00553633 93092.9 0 93092.9 9.09783e-005 
8.99e-005 -16.8562 -0.250463 1.68141e-008 -0.00515941 86755.1 0 86755.1 9.0948e-005 
9.28e-005 -17.4 -0.341416 1.68139e-008 -0.00604914 101716 0 101716 9.0907e-005 
9.57e-005 -17.9437 -0.352947 1.68139e-008 -0.00637675 107225 0 107225 9.18133e-005 
9.86e-005 -18.4875 -0.3775 1.68138e-008 -0.00682198 114711 0 114711 9.1731e-005 
0.0001015 -19.0312 -0.400311 1.68137e-008 -0.00727468 122323 0 122323 9.16296e-005 
0.0001044 -19.575 -0.421914 1.68136e-008 -0.00773441 130053 0 130053 9.15156e-005 
0.0001073 -20.1187 -0.433161 1.68136e-008 -0.00812611 136640 0 136640 9.13974e-005 
0.0001102 -20.6625 -1.17361 1.68126e-008 -0.0139942 235312 0 235312 9.13183e-005 
0.0001131 -21.2062 -0.302538 1.68136e-008 -0.00781934 131482 0 131482 9.13416e-005 
0.000116 -21.75 -0.655618 1.68132e-008 -0.0105431 177282 0 177282 9.14096e-005 
0.0001189 -22.2937 -0.759379 1.6813e-008 -0.011476 192969 0 192969 9.33877e-005 
0.0001218 -22.8375 -0.794211 1.68129e-008 -0.0118879 199895 0 199895 9.34849e-005 
0.0001247 -23.3812 -0.9112 1.68127e-008 -0.012982 218292 0 218292 9.47765e-005 
0.0001276 -23.925 -0.952938 1.68126e-008 -0.0135832 228400 0 228400 9.48288e-005 
0.0001305 -24.4687 -1.01301 1.68125e-008 -0.0143555 241386 0 241386 9.48565e-005 
0.0001334 -25.0125 -1.06423 1.68124e-008 -0.0150745 253477 0 253477 9.92134e-005 
0.0001363 -25.5562 -1.12282 1.68123e-008 -0.0158303 266186 0 266186 0.000100318 
0.0001392 -26.1 -1.18783 1.68121e-008 -0.0166071 279247 0 279247 0.000100345 
0.0001421 -26.6437 -1.25758 1.6812e-008 -0.0173989 292560 0 292560 0.000100381 
0.000145 -27.1875 -1.32832 1.68119e-008 -0.0181943 305935 0 305935 0.000100422 
0.0001479 -27.7312 -1.39625 1.68117e-008 -0.0189817 319176 0 319176 0.000100458 
0.0001508 -28.275 -2.00436 1.68109e-008 -0.0236665 397950 0 397950 0.000101546 
0.0001537 -28.8187 -1.49232 1.68115e-008 -0.0203214 341703 0 341703 0.000101679 
0.0001566 -29.3625 -1.73171 1.68112e-008 -0.0220588 370917 0 370917 0.000101852 
0.0001595 -29.9062 -1.94767 1.6811e-008 -0.0236306 397347 0 397347 0.000102053 
0.0001624 -30.45 -2.03314 1.68108e-008 -0.0243374 409231 0 409231 0.00010225 
0.0001653 -30.9937 -2.18743 1.68106e-008 -0.0256107 430642 0 430642 0.000102424 
0.0001682 -31.5375 -2.2936 1.68105e-008 -0.0266055 447370 0 447370 0.000102581 
0.0001711 -32.0812 -2.41681 1.68103e-008 -0.027699 465756 0 465756 0.000102736 
0.000174 -32.625 -2.54588 1.68101e-008 -0.028788 484068 0 484068 0.000102899 
0.0001769 -33.1687 -2.67964 1.68099e-008 -0.0298843 502503 0 502503 0.000103069 
0.0001798 -33.7125 -2.81069 1.68097e-008 -0.0309748 520840 0 520840 0.000103239 
0.0001827 -34.2562 -2.93515 1.68095e-008 -0.032052 538953 0 538953 0.000103402 
0.0001856 -34.8 -3.05428 1.68094e-008 -0.0331185 556885 0 556885 0.000106093 
0.0001885 -35.3437 -3.1719 1.68092e-008 -0.03418 574735 0 574735 0.000106232 
0.0001914 -35.8875 -3.29098 1.6809e-008 -0.0352407 592570 0 592570 0.000108616 
0.0001943 -36.4312 -3.41157 1.68088e-008 -0.0363005 610390 0 610390 0.00010876 
0.0001972 -36.975 -3.53151 1.68086e-008 -0.0373558 628135 0 628135 0.000108902 
0.0002001 -37.5187 -4.08484 1.6808e-008 -0.041122 691463 0 691463 0.000110282 
0.000203 -38.0625 -3.83704 1.68083e-008 -0.0392051 659231 0 659231 0.000112917 
0.0002059 -38.6062 -4.32947 1.68078e-008 -0.0421834 709312 0 709312 0.000114376 
0.0002088 -39.15 -4.44969 1.68077e-008 -0.0430813 724409 0 724409 0.000114664 
0.0002117 -39.6937 -4.67176 1.68074e-008 -0.0446635 751014 0 751014 0.00011493 
0.0002146 -40.2375 -4.88734 1.68072e-008 -0.0460547 774406 0 774406 0.00011521 
0.0002175 -40.7812 -5.12658 1.68069e-008 -0.0475081 798845 0 798845 0.000115505 
0.0002204 -41.325 -5.34849 1.68067e-008 -0.0489227 822631 0 822631 0.000115795 
0.0002233 -41.8687 -5.55931 1.68065e-008 -0.0503324 846336 0 846336 0.000116073 
0.0002262 -42.4125 -5.76995 1.68062e-008 -0.0517242 869739 0 869739 0.000116347 
0.0002291 -42.9562 -5.988 1.6806e-008 -0.0531134 893098 0 893098 0.000116624 
0.000232 -43.5 -6.20455 1.68058e-008 -0.0544913 916267 0 916267 0.000116901 
0.0002349 -44.0437 -6.41312 1.68055e-008 -0.0558515 939139 0 939139 0.000117171 
0.0002378 -44.5875 -6.617 1.68053e-008 -0.0571942 961715 0 961715 0.000117433 
0.0002407 -45.1312 -6.82074 1.68051e-008 -0.0585226 984053 0 984053 0.000117692 
0.0002436 -45.675 -7.02361 1.68049e-008 -0.0598375 1.00616e+006 0 1.00616e+006 0.000117947 
0.0002465 -46.2187 -7.22253 1.68046e-008 -0.0611365 1.02801e+006 0 1.02801e+006 0.000118196 
0.0002494 -46.7625 -7.41684 1.68044e-008 -0.0624177 1.04955e+006 0 1.04955e+006 0.000118438 
0.0002523 -47.3062 -7.32897 1.68045e-008 -0.0619472 1.04164e+006 0 1.04164e+006 0.000124117 
0.0002552 -47.85 -8.38464 1.68036e-008 -0.0672545 1.13088e+006 0 1.13088e+006 0.00012451 
0.0002581 -48.3937 -8.57226 1.68035e-008 -0.0680223 1.14379e+006 0 1.14379e+006 0.0001249 
0.000261 -48.9375 -8.98364 1.68031e-008 -0.0700448 1.1778e+006 0 1.1778e+006 0.000126531 
0.0002639 -49.4812 -9.40953 1.68028e-008 -0.0720096 1.21084e+006 0 1.21084e+006 0.000128215 
0.0002668 -50.025 -9.78638 1.68025e-008 -0.073787 1.24072e+006 0 1.24072e+006 0.000128618 
0.0002697 -50.5687 -10.1685 1.68022e-008 -0.0756086 1.27135e+006 0 1.27135e+006 0.000129921 
0.0002726 -51.1125 -10.5564 1.68019e-008 -0.0774091 1.30163e+006 0 1.30163e+006 0.000130315 
0.0002755 -51.6562 -10.933 1.68016e-008 -0.0791822 1.33144e+006 0 1.33144e+006 0.000130703 
0.0002784 -52.2 -11.3015 1.68013e-008 -0.0809287 1.36081e+006 0 1.36081e+006 0.000131084 
0.0002813 -52.7437 -11.6692 1.6801e-008 -0.082653 1.3898e+006 0 1.3898e+006 0.000131896 
0.0002842 -53.2875 -12.0296 1.68007e-008 -0.0843573 1.41846e+006 0 1.41846e+006 0.00013381 
0.0002871 -53.8312 -12.3827 1.68005e-008 -0.0860389 1.44674e+006 0 1.44674e+006 0.000134896 
0.00029 -54.375 -12.733 1.68002e-008 -0.0877025 1.47471e+006 0 1.47471e+006 0.000135229 
0.0002929 -54.9187 -13.0781 1.67999e-008 -0.089351 1.50243e+006 0 1.50243e+006 0.000136165 
0.0002958 -55.4625 -13.4182 1.67996e-008 -0.0909848 1.5299e+006 0 1.5299e+006 0.000136472 
0.0002987 -56.0062 -13.7559 1.67994e-008 -0.0926071 1.55718e+006 0 1.55718e+006 0.00013677 
0.0003016 -56.55 -13.1555 1.67998e-008 -0.0900324 1.51389e+006 0 1.51389e+006 0.000137097 
0.0003045 -57.0937 -14.8643 1.67986e-008 -0.0970649 1.63214e+006 0 1.63214e+006 0.00013907 
0.0003074 -57.6375 -15.7743 1.6798e-008 -0.100677 1.69287e+006 0 1.69287e+006 0.000139513 
0.0003103 -58.1812 -16.5657 1.67975e-008 -0.103567 1.74148e+006 0 1.74148e+006 0.000139961 
0.0003132 -58.725 -17.3295 1.6797e-008 -0.10646 1.79013e+006 0 1.79013e+006 0.000140404 
0.0003161 -59.2687 -18.1096 1.67965e-008 -0.109307 1.838e+006 0 1.838e+006 0.000144487 
0.000319 -59.8125 -18.8755 1.67961e-008 -0.112154 1.88586e+006 0 1.88586e+006 0.000145404 
0.0003219 -60.3562 -19.6456 1.67956e-008 -0.114942 1.93274e+006 0 1.93274e+006 0.000145811 
0.0003248 -59.7822 11.8023 1.68179e-008 0.0174465 -293372 -293372 0 0.000144893 
0.0003277 -59.2687 -38.6165 1.67821e-008 -0.195345 3.28473e+006 0 3.28473e+006 0.000144399 
0.0003306 -58.725 7.60973 1.68153e-008 0.00242772 -40830.3 -40830.3 0 0.000141619 
0.0003335 -58.1871 -27.5829 1.67896e-008 -0.150451 2.52983e+006 0 2.52983e+006 0.000139857 
0.0003364 -57.6286 -7.76212 1.68042e-008 -0.0634893 1.06757e+006 0 1.06757e+006 0.000139411 
0.0003393 -57.0546 -14.4048 1.67991e-008 -0.0940667 1.58172e+006 0 1.58172e+006 0.000138865 
0.0003422 -56.55 -8.84506 1.68033e-008 -0.0693082 1.16541e+006 0 1.16541e+006 0.000136719 
0.0003451 -56.0062 -20.1261 1.67944e-008 -0.122083 2.05281e+006 0 2.05281e+006 0.000136115 
0.000348 -55.4658 -18.3764 1.67958e-008 -0.113813 1.91377e+006 0 1.91377e+006 0.000135744 
0.0003509 -54.9187 -21.7125 1.67931e-008 -0.129608 2.17934e+006 0 2.17934e+006 0.000134786 
0.0003538 -54.3477 -9.31721 1.68029e-008 -0.0716873 1.20541e+006 0 1.20541e+006 0.000134387 
0.0003567 -53.8424 -20.4149 1.67939e-008 -0.124781 2.09819e+006 0 2.09819e+006 0.000133242 
0.0003596 -53.2417 -19.5281 1.67947e-008 -0.120393 2.02441e+006 0 2.02441e+006 0.000132131 
0.0003625 -52.7437 -13.475 1.67996e-008 -0.0913944 1.53679e+006 0 1.53679e+006 0.000130547 
0.0003654 -52.2019 -0.968543 1.681e-008 -0.0295578 497010 0 497010 0.00013019 
0.0003683 -51.6586 -12.2565 1.68004e-008 -0.0861931 1.44933e+006 0 1.44933e+006 0.000129789 
0.0003712 -51.0994 -12.1932 1.68005e-008 -0.0859898 1.44591e+006 0 1.44591e+006 0.000128513 
0.0003741 -50.5623 -2.22822 1.68091e-008 -0.0344017 578461 0 578461 0.000128148 
0.000377 -49.9913 -11.1662 1.68014e-008 -0.0804645 1.35301e+006 0 1.35301e+006 0.000127734 
0.0003799 -49.4812 -10.329 1.68021e-008 -0.0764272 1.28512e+006 0 1.28512e+006 0.000126047 
0.0003828 -48.9448 -12.5105 1.68001e-008 -0.088371 1.48595e+006 0 1.48595e+006 0.00012441 
0.0003857 -48.3891 -9.18907 1.6803e-008 -0.0708299 1.191e+006 0 1.191e+006 0.000124047 
0.0003886 -47.8521 -7.83215 1.68041e-008 -0.0641343 1.07841e+006 0 1.07841e+006 0.000122704 
0.0003915 -47.288 -0.599275 1.68108e-008 -0.0246549 414568 0 414568 0.000121372 
0.0003944 -46.7625 -15.572 1.67969e-008 -0.107005 1.79928e+006 0 1.79928e+006 0.000117563 
0.0003973 -46.2187 -3.71476 1.68079e-008 -0.0415194 698146 0 698146 0.000117212 
0.0004002 -45.6648 -7.80444 1.68041e-008 -0.0643722 1.08241e+006 0 1.08241e+006 0.000116936 
0.0004031 -45.1312 -7.67334 1.68043e-008 -0.0630119 1.05954e+006 0 1.05954e+006 0.000116753 
0.000406 -44.5731 1.29748 1.6813e-008 -0.011537 193991 0 193991 0.000116569 
0.0004089 -44.0437 -7.57184 1.68044e-008 -0.0624586 1.05024e+006 0 1.05024e+006 0.000116282 
0.0004118 -43.5126 -7.63463 1.68044e-008 -0.062387 1.04903e+006 0 1.04903e+006 0.000116002 
0.0004147 -42.9533 -2.1225 1.68099e-008 -0.0301709 507320 0 507320 0.000115775 
0.0004176 -42.4188 -1.07605 1.6811e-008 -0.0236161 397101 0 397101 0.000115542 
0.0004205 -41.8687 -2.80242 1.68092e-008 -0.0337689 567819 0 567819 0.00011529 
0.0004234 -41.3238 -12.7524 1.67993e-008 -0.0929027 1.56216e+006 0 1.56216e+006 0.000114986 
0.0004263 -40.7894 -6.06351 1.6806e-008 -0.0527999 887827 0 887827 0.000114743 
0.0004292 -40.2375 -5.76986 1.68064e-008 -0.0509641 856958 0 856958 0.000114479 
0.0004321 -39.7033 -2.86517 1.68094e-008 -0.0329551 554138 0 554138 0.000114218 
0.000435 -39.1302 -9.60881 1.68024e-008 -0.0747419 1.25678e+006 0 1.25678e+006 0.000113916 
0.0004379 -38.6015 -1.76877 1.68106e-008 -0.0258975 435465 0 435465 0.000113655 
0.0004408 -38.0625 -3.85175 1.68083e-008 -0.03941 662676 0 662676 0.000111042 
0.0004437 -37.5025 -5.99109 1.68061e-008 -0.0526269 884920 0 884920 0.000109589 
0.0004466 -36.975 -7.23748 1.68046e-008 -0.0612167 1.02935e+006 0 1.02935e+006 0.000108156 
0.0004495 -36.4219 1.17136 1.68138e-008 -0.00668988 112489 0 112489 0.000107939 
0.0004524 -35.8625 -6.08246 1.6806e-008 -0.0532535 895455 0 895455 0.000107743 
0.0004553 -35.3437 -4.57528 1.68077e-008 -0.0430065 723153 0 723153 0.000104109 
0.0004582 -34.8197 -0.668131 1.68121e-008 -0.0167782 282124 0 282124 0.000104048 
0.0004611 -34.2801 -4.18872 1.68083e-008 -0.0396538 666776 0 666776 0.000103949 
0.000464 -33.7142 3.64631 1.6817e-008 0.0121529 -204352 -204352 0 0.000102637 
0.0004669 -33.1557 -7.69093 1.68043e-008 -0.0630033 1.0594e+006 0 1.0594e+006 0.000102429 
0.0004698 -32.6568 -6.25172 1.6806e-008 -0.0532935 896128 0 896128 0.000102257 
0.0004727 -32.1053 3.05789 1.68165e-008 0.00960353 -161484 -161484 0 0.00010215 
0.0004756 -31.5321 -7.95508 1.68041e-008 -0.0643268 1.08165e+006 0 1.08165e+006 0.000101986 
0.0004785 -30.9801 -5.41737 1.6807e-008 -0.0473875 796817 0 796817 0.000101861 
0.0004814 -30.45 -1.58142 1.68114e-008 -0.0207894 349572 0 349572 0.000101719 
0.0004843 -29.922 -0.51902 1.68127e-008 -0.0134515 226186 0 226186 0.000101562 
