0 0 0 9.48683e-006 0 0 0 0 0 
4.81e-005 0.128332 1071.71 9.487e-006 0.252888 6989.87 0 6989.87 0.00172636 
9.71e-005 0.291666 2444.6 9.487e-006 0.578183 7008.76 0 7008.76 0.00173119 
0.0001461 0.454999 3827.28 9.487e-006 0.902412 7044.52 0 7044.52 0.00174028 
0.0001951 0.618332 5219.55 9.487e-006 1.22558 7100.17 0 7100.17 0.0017544 
0.0002441 0.781666 6621.22 9.487e-006 1.54769 7175.07 0 7175.07 0.00177339 
0.0002931 0.944999 8032.08 9.487e-006 1.86874 7268.5 0 7268.5 0.00179707 
0.0003421 1.10833 9451.95 9.48701e-006 2.18876 7381.03 0 7381.03 0.00182558 
0.0003911 1.27167 10880.6 9.48701e-006 2.50772 7512.24 0 7512.24 0.00185882 
0.0004401 1.435 12317.9 9.48701e-006 2.82566 7661.93 0 7661.93 0.00189673 
0.0004891 1.59833 13763.7 9.48702e-006 3.14256 7830.28 0 7830.28 0.00193936 
0.0005381 1.76167 15217.7 9.48702e-006 3.45843 8016.93 0 8016.93 0.00198663 
0.0005871 1.925 16679.8 9.48703e-006 3.77329 8221.8 0 8221.8 0.0020385 
0.0006361 2.08833 18149.8 9.48703e-006 4.08712 8444.8 0 8444.8 0.00209495 
0.0006851 2.25167 19627.5 9.48704e-006 4.39995 8685.79 0 8685.79 0.00215596 
0.0007341 2.415 21112.7 9.48704e-006 4.71177 8944.63 0 8944.63 0.00222148 
0.0007831 2.57833 22605.4 9.48705e-006 5.02258 9221.16 0 9221.16 0.00229148 
0.0008321 2.74167 24105.2 9.48706e-006 5.3324 9515.26 0 9515.26 0.00236592 
0.0008811 2.905 25612.1 9.48706e-006 5.64123 9826.76 0 9826.76 0.00244477 
0.0009301 3.06833 27125.8 9.48707e-006 5.94907 10155.5 0 10155.5 0.00252798 
0.0009791 3.23167 28646.3 9.48708e-006 6.25593 10501.4 0 10501.4 0.00261552 
0.0010281 3.395 30173.3 9.48709e-006 6.56181 10864.2 0 10864.2 0.00270735 
0.0010771 3.55833 31706.8 9.4871e-006 6.86672 11243.9 0 11243.9 0.00280343 
0.0011261 3.72167 33246.4 9.48711e-006 7.17066 11640.1 0 11640.1 0.00290372 
0.0011751 3.885 34792.2 9.48712e-006 7.47363 12052.9 0 12052.9 0.00300817 
0.0012241 4.04833 36343.9 9.48713e-006 7.77565 12481.9 0 12481.9 0.00311676 
0.0012731 4.21167 37901.4 9.48714e-006 8.07671 12927.1 0 12927.1 0.00322943 
0.0013221 4.375 39464.6 9.48715e-006 8.37682 13388.3 0 13388.3 0.00334614 
0.0013711 4.53833 41033.2 9.48716e-006 8.67599 13865.3 0 13865.3 0.00346685 
0.0014201 4.70167 42607.3 9.48717e-006 8.97421 14358 0 14358 0.00359152 
0.0014691 4.865 44186.5 9.48719e-006 9.2715 14866.1 0 14866.1 0.00372011 
0.0015181 5.02833 45770.9 9.4872e-006 9.56786 15389.6 0 15389.6 0.00385256 
0.0015671 5.19167 47360.2 9.48721e-006 9.86329 15928.1 0 15928.1 0.00398885 
0.0016161 5.355 48954.3 9.48722e-006 10.1578 16481.6 0 16481.6 0.00412892 
0.0016651 5.51833 50553.2 9.48724e-006 10.4514 17049.9 0 17049.9 0.00427272 
0.0017141 5.68167 52156.6 9.48725e-006 10.7441 17632.8 0 17632.8 0.00442022 
0.0017631 5.845 53764.4 9.48727e-006 11.0358 18230.2 0 18230.2 0.00457138 
0.0018121 6.00833 55376.6 9.48728e-006 11.3267 18841.8 0 18841.8 0.00472613 
0.0018611 6.17167 56992.9 9.4873e-006 11.6166 19467.4 0 19467.4 0.00488445 
0.0019101 6.335 58613.4 9.48731e-006 11.9057 20107 0 20107 0.00504629 
0.0019591 6.49833 60237.8 9.48733e-006 12.1938 20760.3 0 20760.3 0.00521159 
0.0020081 6.66167 61866 9.48734e-006 12.4811 21427.1 0 21427.1 0.00538032 
0.0020571 6.825 63498 9.48736e-006 12.7675 22107.3 0 22107.3 0.00555244 
0.0021061 6.98833 65133.6 9.48738e-006 13.053 22800.7 0 22800.7 0.00572789 
0.0021551 7.15167 66772.7 9.48739e-006 13.3377 23507.1 0 23507.1 0.00590663 
0.0022041 7.315 68415.3 9.48741e-006 13.6214 24226.3 0 24226.3 0.00608861 
0.0022531 7.47833 70061.1 9.48743e-006 13.9043 24958.2 0 24958.2 0.0062738 
0.0023021 7.64167 71710.1 9.48745e-006 14.1863 25702.6 0 25702.6 0.00646214 
0.0023511 7.805 73362.2 9.48746e-006 14.4675 26459.2 0 26459.2 0.0066536 
0.0024001 7.96833 75017.4 9.48748e-006 14.7478 27228 0 27228 0.00684812 
0.0024491 8.13167 76675.4 9.4875e-006 15.0273 28008.8 0 28008.8 0.00704567 
0.0024981 8.295 78336.2 9.48752e-006 15.3059 28801.3 0 28801.3 0.00724619 
0.0025471 8.45833 79999.7 9.48754e-006 15.5836 29605.4 0 29605.4 0.00744964 
0.0025961 8.62167 81665.9 9.48756e-006 15.8606 30420.9 0 30420.9 0.00765599 
0.0026451 8.785 83334.6 9.48758e-006 16.1367 31247.7 0 31247.7 0.00786518 
0.0026941 8.94833 85005.7 9.4876e-006 16.4119 32085.5 0 32085.5 0.00807717 
0.0027431 9.11167 86679.2 9.48762e-006 16.6863 32934.3 0 32934.3 0.00829192 
0.0027921 9.275 88354.9 9.48764e-006 16.9599 33793.7 0 33793.7 0.00850938 
0.0028411 9.43833 90032.8 9.48766e-006 17.2327 34663.8 0 34663.8 0.00872952 
0.0028901 9.60167 91712.8 9.48768e-006 17.5047 35544.2 0 35544.2 0.00895228 
0.0029391 9.765 93394.8 9.4877e-006 17.7758 36434.8 0 36434.8 0.00917763 
0.0029881 9.92833 95078.8 9.48773e-006 18.0462 37335.5 0 37335.5 0.00940552 
