0 0 0 0 0 0 0 0 0 0 0 0 0 0 0 0 0 0 0 0 0 0 0 0 0 0 0 0 0 0 0 0 0 0 0 0 0 0 0 0 0 0 0 0 0 0 0 0 0 0 0 0 0 0 0 0 0 0 0 0 0 0 0 0 0 0 0 0 0 0 0 0 0 0 0 0 0 0 0 0 0 0 0 0 0 0 0 0 0 0 0 0 0 0 0 0 0 0 0 0 0 0 0 0 0 0 0 0 0 0 0 0 
0 0 0 0 0 0 0 0 0 0 0 0 0 0 0 0 0 0 0 0 0 0 0 0 0 0 0 0 0 0 0 0 0 0 0 0 0 0 0 0 0 0 0 0 0 0 0 0 0 0 0 0 0 0 0 0 0 0 0 0 0 0 0 0 0 0 0 0 0 0 0 0 0 0 0 0 0 0 0 0 0 0 0 0 0 0 0 0 0 0 0 0 0 0 0 0 0 0 0 0 0 0 0 0 0 0 0 0 0 0 0 0 
0 0 0 0 0 0 0 0 0 0 0 0 0 0 0 0 0 0 0 0 0 0 0 0 0 0 0 0 0 0 0 0 0 0 0 0 0 0 0 0 0 0 0 0 0 0 0 0 0 0 0 0 0 0 0 0 0 0 0 0 0 0 0 0 0 0 0 0 0 0 0 0 0 0 0 0 0 0 0 0 0 0 0 0 0 0 0 0 0 0 0 0 0 0 0 0 0 0 0 0 0 0 0 0 0 0 0 0 0 0 0 0 
0 0 0 0 0 0 0 0 0 0 0 0 0 0 0 0 0 0 0 0 0 0 0 0 0 0 0 0 0 0 0 0 0 0 0 0 0 0 0 0 0 0 0 0 0 0 0 0 0 0 0 0 0 0 0 0 0 0 0 0 0 0 0 0 0 0 0 0 0 0 0 0 0 0 0 0 0 0 0 0 0 0 0 0 0 0 0 0 0 0 0 0 0 0 0 0 0 0 0 0 0 0 0 0 0 0 0 0 0 0 0 0 
0 0 0 0 0 0 0 0 0 0 0 0 0 0 0 0 0 0 0 0 0 0 0 0 0 0 0 0 0 0 0 0 0 0 0 0 0 0 0 0 0 0 0 0 0 0 0 0 0 0 0 0 0 0 0 0 0 0 0 0 0 0 0 0 0 0 0 0 0 0 0 0 0 0 0 0 0 0 0 0 0 0 0 0 0 0 0 0 0 0 0 0 0 0 0 0 0 0 0 0 0 0 0 0 0 0 0 0 0 0 0 0 
0 0 0 0 0 0 0 0 0 0 0 0 0 0 0 0 0 0 0 0 0 0 0 0 0 0 0 0 0 0 0 0 0 0 0 0 0 0 0 0 0 0 0 0 0 0 0 0 0 0 0 0 0 0 0 0 0 0 0 0 0 0 0 0 0 0 0 0 0 0 0 0 0 0 0 0 0 0 0 0 0 0 0 0 0 0 0 0 0 0 0 0 0 0 0 0 0 0 0 0 0 0 0 0 0 0 0 0 0 0 0 0 
0 0 0 0 0 0 0 0 0 0 0 0 0 0 0 0 0 0 0 0 0 0 0 0 0 0 0 0 0 0 0 0 0 0 0 0 0 0 0 0 0 0 0 0 0 0 0 0 0 0 0 0 0 0 0 0 0 0 0 0 0 0 0 0 0 0 0 0 0 0 0 0 0 0 0 0 0 0 0 0 0 0 0 0 0 0 0 0 0 0 0 0 0 0 0 0 0 0 0 0 0 0 0 0 0 0 0 0 0 0 0 0 
0 0 0 0 0 0 0 0 0 0 0 0 0 0 0 0 0 0 0 0 0 0 0 0 0 0 0 0 0 0 0 0 0 0 0 0 0 0 0 0 0 0 0 0 0 0 0 0 0 0 0 0 0 0 0 0 0 0 0 0 0 0 0 0 0 0 0 0 0 0 0 0 0 0 0 0 0 0 0 0 0 0 0 0 0 0 0 0 0 0 0 0 0 0 0 0 0 0 0 0 0 0 0 0 0 0 0 0 0 0 0 0 
0 0 0 0 0 0 0 0 0 0 0 0 0 0 0 0 0 0 0 0 0 0 0 0 0 0 0 0 0 0 0 0 0 0 0 0 0 0 0 0 0 0 0 0 0 0 0 0 0 0 0 0 0 0 0 0 0 0 0 0 0 0 0 0 0 0 0 0 0 0 0 0 0 0 0 0 0 0 0 0 0 0 0 0 0 0 0 0 0 0 0 0 0 0 0 0 0 0 0 0 0 0 0 0 0 0 0 0 0 0 0 0 
0 0 0 0 0 0 0 0 0 0 0 0 0 0 0 0 0 0 0 0 0 0 0 0 0 0 0 0 0 0 0 0 0 0 0 0 0 0 0 0 0 0 0 0 0 0 0 0 0 0 0 0 0 0 0 0 0 0 0 0 0 0 0 0 0 0 0 0 0 0 0 0 0 0 0 0 0 0 0 0 0 0 0 0 0 0 0 0 0 0 0 0 0 0 0 0 0 0 0 0 0 0 0 0 0 0 0 0 0 0 0 0 
0 0 0 0 0 0 0 0 0 0 0 0 0 0 0 0 0 0 0 0 0 0 0 0 0 0 0 0 0 0 0 0 0 0 0 0 0 0 0 0 0 0 0 0 0 0 0 0 0 0 0 0 0 0 0 0 0 0 0 0 0 0 0 0 0 0 0 0 0 0 0 0 0 0 0 0 0 0 0 0 0 0 0 0 0 0 0 0 0 0 0 0 0 0 0 0 0 0 0 0 0 0 0 0 0 0 0 0 0 0 0 0 
0 0 0 0 0 0 0 0 0 0 0 0 0 0 0 0 0 0 0 0 0 0 0 0 0 0 0 0 0 0 0 0 0 0 0 0 0 0 0 0 0 0 0 0 0 0 0 0 0 0 0 0 0 0 0 0 0 0 0 0 0 0 0 0 0 0 0 0 0 0 0 0 0 0 0 0 0 0 0 0 0 0 0 0 0 0 0 0 0 0 0 0 0 0 0 0 0 0 0 0 0 0 0 0 0 0 0 0 0 0 0 0 
0 0 0 0 0 0 0 0 0 0 0 0 0 0 0 0 0 0 0 0 0 0 0 0 0 0 0 0 0 0 0 0 0 0 0 0 0 0 0 0 0 0 0 0 0 0 0 0 0 0 0 0 0 0 0 0 0 0 0 0 0 0 0 0 0 0 0 0 0 0 0 0 0 0 0 0 0 0 0 0 0 0 0 0 0 0 0 0 0 0 0 0 0 0 0 0 0 0 0 0 0 0 0 0 0 0 0 0 0 0 0 0 
0 0 0 0 0 0 0 0 0 0 0 0 0 0 0 0 0 0 0 0 0 0 0 0 0 0 0 0 0 0 0 0 0 0 0 0 0 0 0 0 0 0 0 0 0 0 0 0 0 0 0 0 0 0 0 0 0 0 0 0 0 0 0 0 0 0 0 0 0 0 0 0 0 0 0 0 0 0 0 0 0 0 0 0 0 0 0 0 0 0 0 0 0 0 0 0 0 0 0 0 0 0 0 0 0 0 0 0 0 0 0 0 
0 0 0 0 0 0 0 0 0 0 0 0 0 0 0 0 0 0 0 0 0 0 0 0 0 0 0 0 0 0 0 0 0 0 0 0 0 0 0 0 0 0 0 0 0 0 0 0 0 0 0 0 0 0 0 0 0 0 0 0 0 0 0 0 0 0 0 0 0 0 0 0 0 0 0 0 0 0 0 0 0 0 0 0 0 0 0 0 0 0 0 0 0 0 0 0 0 0 0 0 0 0 0 0 0 0 0 0 0 0 0 0 
0 0 0 0 0 0 0 0 0 0 0 0 0 0 0 0 0 0 0 0 0 0 0 0 0 0 0 0 0 0 0 0 0 0 0 0 0 0 0 0 0 0 0 0 0 0 0 0 0 0 0 0 0 0 0 0 0 0 0 0 0 0 0 0 0 0 0 0 0 0 0 0 0 0 0 0 0 0 0 0 0 0 0 0 0 0 0 0 0 0 0 0 0 0 0 0 0 0 0 0 0 0 0 0 0 0 0 0 0 0 0 0 
0 0 0 0 0 0 0 0 0 0 0 0 0 0 0 0 0 0 0 0 0 0 0 0 0 0 0 0 0 0 0 0 0 0 0 0 0 0 0 0 0 0 0 0 0 0 0 0 0 0 0 0 0 0 0 0 0 0 0 0 0 0 0 0 0 0 0 0 0 0 0 0 0 0 0 0 0 0 0 0 0 0 0 0 0 0 0 0 0 0 0 0 0 0 0 0 0 0 0 0 0 0 0 0 0 0 0 0 0 0 0 0 
0 0 0 0 0 0 0 0 0 0 0 0 0 0 0 0 0 0 0 0 0 0 0 0 0 0 0 0 0 0 0 0 0 0 0 0 0 0 0 0 0 0 0 0 0 0 0 0 0 0 0 0 0 0 0 0 0 0 0 0 0 0 0 0 0 0 0 0 0 0 0 0 0 0 0 0 0 0 0 0 0 0 0 0 0 0 0 0 0 0 0 0 0 0 0 0 0 0 0 0 0 0 0 0 0 0 0 0 0 0 0 0 
0 0 0 0 0 0 0 0 0 0 0 0 0 0 0 0 0 0 0 0 0 0 0 0 0 0 0 0 0 0 0 0 0 0 0 0 0 0 0 0 0 0 0 0 0 0 0 0 0 0 0 0 0 0 0 0 0 0 0 0 0 0 0 0 0 0 0 0 0 0 0 0 0 0 0 0 0 0 0 0 0 0 0 0 0 0 0 0 0 0 0 0 0 0 0 0 0 0 0 0 0 0 0 0 0 0 0 0 0 0 0 0 
0 0 0 0 0 0 0 0 0 0 0 0 0 0 0 0 0 0 0 0 0 0 0 0 0 0 0 0 0 0 0 0 0 0 0 0 0 0 0 0 0 0 0 0 0 0 0 0 0 0 0 0 0 0 0 0 0 0 0 0 0 0 0 0 0 0 0 0 0 0 0 0 0 0 0 0 0 0 0 0 0 0 0 0 0 0 0 0 0 0 0 0 0 0 0 0 0 0 0 0 0 0 0 0 0 0 0 0 0 0 0 0 
0 0 0 0 0 0 0 0 0 0 0 0 0 0 0 0 0 0 0 0 0 0 0 0 0 0 0 0 0 0 0 0 0 0 0 0 0 0 0 0 0 0 0 0 0 0 0 0 0 0 0 0 0 0 0 0 0 0 0 0 0 0 0 0 0 0 0 0 0 0 0 0 0 0 0 0 0 0 0 0 0 0 0 0 0 0 0 0 0 0 0 0 0 0 0 0 0 0 0 0 0 0 0 0 0 0 0 0 0 0 0 0 
0 0 0 0 0 0 0 0 0 0 0 0 0 0 0 0 0 0 0 0 0 0 0 0 0 0 0 0 0 0 0 0 0 0 0 0 0 0 0 0 0 0 0 0 0 0 0 0 0 0 0 0 0 0 0 0 0 0 0 0 0 0 0 0 0 0 0 0 0 0 0 0 0 0 0 0 0 0 0 0 0 0 0 0 0 0 0 0 0 0 0 0 0 0 0 0 0 0 0 0 0 0 0 0 0 0 0 0 0 0 0 0 
0 0 0 0 0 0 0 0 0 0 0 0 0 0 0 0 0 0 0 0 -0.0212421 0 0.0622082 0.13562 0.051655 0.0995259 0.137023 0.054574 0 0.0466972 -0.18249 -0.0734688 0 0.00636163 -0.0170768 -0.00512841 0.00522721 0.00316436 0 0 0 0.0794341 0 0.0442612 0.0450888 0.0132075 -0.0398802 -0.0854115 -0.0512939 -0.100787 -0.0609092 0.0726612 -0.00516069 -0.0506161 0.0440517 0.0633509 0.101024 0 0.124818 0.240797 0.196259 0.172441 0.137144 0.245377 0.0604526 0 0.113726 0.123722 -0.0924283 0.192936 -0.015799 -0.0401136 0.00463729 0.0552603 0 -0.00993645 -0.0528223 0.188385 0.0122502 0.0972117 -0.0977291 0.11609 0.0183142 0.134461 0 0.0598207 0.0829229 -0.0159229 0.0527516 0.0388223 0.0283532 0 0 0 0 0 0 0 0 0 0 0 0 0 0 0 0 0 0 0 0 0 
0 0 0 0 0 0 0 0 0 0 0 0 0 0 0 0 0 0 0 0 -0.0729162 0.00513298 0.00139173 -0.0147672 0.00520873 0.0371697 -0.0502012 0.0154464 -0.0557628 -0.0266934 -0.142387 -0.0431432 -0.1456 -0.0315263 -0.000221538 -0.253018 -0.0274259 0.0195097 0.220493 0.0381661 0.105018 0.00469817 0.217703 0.010109 0.0310582 0.0463762 0.0222007 0.102765 0.0441067 0.0198495 0.0672629 0.015472 0.0782972 -0.0155466 0.178689 0.135301 0.168767 0.231667 0.111412 0.169134 0.0707728 0.277022 0.0835276 0.212493 0.191158 0.0975394 0.151932 0.139998 0.130897 0.0848201 0.144644 -0.0040488 0.192501 -0.0536235 0.0456967 -0.0266994 0.0314607 0.0543582 -0.0037564 0.135633 0.0429641 0.00932225 0.0260575 -0.0130502 0 -0.00414026 -0.0177384 0.025741 -0.0174056 0.0301955 0.0249731 0 0 0 0 0 0 0 0 0 0 0 0 0 0 0 0 0 0 0 0 0 
0 0 0 0 0 0 0 0 0 0 0 0 0 0 0 0 0 0 0 0 0.0309132 -0.000250958 -0.0237677 -0.0278939 -0.0381886 -0.0098947 -0.00232151 -0.0374423 0.00869374 -0.022089 0.0529751 -0.0174822 -0.056985 -0.0294037 -0.0178615 -0.00345371 0.0129631 0.0468192 0.0657795 0.0803711 0.0727584 0.0722476 0.0766562 0.0561814 0.0699897 0.0217571 0.045717 0.0121298 0.0603713 0.0369554 0.0837837 0.0143384 0.126496 0.0751465 0.132767 0.0779815 0.0760566 0.106426 0.0944909 0.109823 0.11704 0.130059 0.114971 0.0728936 0.0943566 0.123466 0.0894063 0.0598978 0.0997133 0.0943923 0.0535141 0.0662403 0.00850864 0.0724473 -0.0143039 0.0482718 0.0189919 -0.00152684 0.0170966 -0.0120755 0.0311448 0.020082 0.0294798 0.011872 0.0108154 0.0367827 0.020585 0.0313352 0.00319099 0.0103331 0.043871 0.250331 0 0 0 0 0 0 0 0 0 0 0 0 0 0 0 0 0 0 0 0 
0 0 0 0 0 0 0 0 0 0 0 0 0 0 0 0 0 0 0 0 0.00378074 0.0181437 -0.00655314 0.030837 -0.0187971 -0.02614 0.0371289 0.0184484 0.0249344 0.0417865 0.0479694 0.0301939 0.0866532 0.00164237 0.0482647 0.0411406 0.0427614 0.0487473 0.0706288 0.0434703 0.0696243 0.0750876 0.0905016 0.0773103 0.0494619 0.0624191 0.099217 0.0750416 0.0817005 0.0572636 0.104532 0.0936937 0.0662883 0.0821631 0.0878272 0.0981165 0.0648427 0.123432 0.0835232 0.159226 0.11184 0.0800367 0.111875 0.057138 0.0577647 0.0768602 0.0701478 0.0854335 0.0746841 0.082192 0.0845014 0.0712258 0.0735327 0.0769361 0.0710882 0.0515125 0.0584014 0.0348599 0.0542284 -0.00185156 0.0171708 -0.00523505 -0.0111384 0.00311142 0.0128466 0.00952114 0.0238145 -0.00980455 0.0274081 0.0106622 -0.0100298 -0.0206229 0 0 0 0 0 0 0 0 0 0 0 0 0 0 0 0 0 0 0 0 
0 0 0 0 0 0 0 0 0 0 0 0 0 0 0 0 0 0 0 0 -0.0240726 0.0184741 0.021329 0.000540974 0.00705044 -0.00248523 0.0161184 0.0327123 0.0270871 0.0758903 0.017833 0.0492439 0.0319634 0.0453348 0.0127795 0.0278052 0.0297798 0.0381063 0.029259 0.0497446 0.0485766 0.0645366 0.0113552 0.0637425 0.0416205 0.0506817 0.0112682 0.107361 0.0230229 0.0821242 0.0711452 0.0602698 0.0713393 0.0756116 0.084632 0.070264 0.0984698 0.0881653 0.071218 0.0777567 0.0471099 0.0478937 0.0847018 0.0517175 0.0951284 0.0687578 0.0845178 0.0915373 0.0598567 0.0612461 0.0215107 0.0369315 0.0541021 0.0263679 0.0448718 0.0393294 0.0375839 0.0573688 0.00702696 0.0394773 0.0145589 0.0356209 0.00825904 0.0233292 0.0191763 0.00572431 0.0138235 0.0116753 0.0273848 0.0160428 0.0124709 -0.0286278 0 0 0 0 0 0 0 0 0 0 0 0 0 0 0 0 0 0 0 0 
0 0 0 0 0 0 0 0 0 0 0 0 0 0 0 0 0 0 0 0 -0.0222267 -0.0223044 -0.0136493 0.013218 -0.000447209 0.00112004 -0.0225168 0.0263344 -0.0269275 0.0341225 0.00860128 0.0293175 0.000280111 -0.0263053 0.0174254 0.00142319 0.0452152 0.0111332 0.0694426 0.0832343 0.0498271 0.0783039 0.05617 0.0986038 0.0486315 0.0630463 0.0565299 0.0435559 0.057577 0.0991823 0.0457322 0.0772763 0.100827 0.0648116 0.0866735 0.0532192 0.115263 0.0486543 0.119698 0.0583239 0.0932975 0.103958 0.0341672 0.0955636 0.0823422 0.06826 0.0228454 0.0420324 0.0601165 0.0462689 0.0701872 0.0726823 0.0522406 0.0502489 0.0744153 0.0526379 0.0368106 0.0475636 0.0515552 0.0354803 0.0345073 0.0184342 0.0560868 0.0171323 -0.00772831 0.00626411 0.00696236 0.00716371 -0.00962096 -0.0156069 -0.000673955 0.0732558 0 0 0 0 0 0 0 0 0 0 0 0 0 0 0 0 0 0 0 0 
0 0 0 0 0 0 0 0 0 0 0 0 0 0 0 0 0 0 0 0 0.0305539 -0.0355132 -0.0261386 -0.0315816 0.00133183 0.0218924 0.0146759 -0.0263425 0.0347974 -0.00999616 0.0592278 0.0357949 0.0259676 0.0496758 -0.0209944 0.0372481 0.0313966 0.0337005 0.0119683 0.0103512 0.0511842 0.0536424 0.038156 0.0411143 0.0453064 0.0483745 0.0413345 0.0345137 0.0482965 0.0700722 0.0922233 0.0821829 0.0524633 0.0625238 0.0926078 0.0528122 0.0391682 0.0954268 0.00442999 0.0945898 0.0211805 0.060551 0.0924003 0.0678792 0.0681539 0.0156258 0.0462386 0.0525319 0.0390447 0.0620984 0.0305968 0.0883211 0.0620713 0.0753924 0.0172713 0.0268124 0.0466725 0.058193 0.0343621 0.0475757 0.0319367 0.0233556 0.0209841 -0.00423638 0.0476449 -0.0028168 0.0234571 0.013621 0.00963836 -0.00311459 0.014276 -0.121556 0 0 0 0 0 0 0 0 0 0 0 0 0 0 0 0 0 0 0 0 
0 0 0 0 0 0 0 0 0 0 0 0 0 0 0 0 0 0 0 0 0.0181666 0.0222965 0.0190343 -0.0115099 0.00337919 -0.0361375 -0.00193455 -0.0237212 -0.0162343 -0.00582054 0.0497081 0.00198507 0.0594745 0.0290193 0.0362278 0.00923556 -0.00907836 0.00657376 0.0175144 0.00435939 -0.0108015 0.00536834 0.0894977 0.0543893 0.0558939 0.0576873 0.0649236 0.0885029 0.0704995 0.0629436 0.0235948 0.0704882 0.106684 0.0960193 0.0620913 0.0667732 0.100282 0.0263441 0.106558 0.0978965 0.0957017 0.0775082 0.091804 0.0595358 0.0835918 0.0653868 0.0541442 0.0114579 0.0284477 0.00605398 0.0683799 0.0178955 0.0414108 -0.00214737 0.0661871 0.0557881 0.0160857 0.0367726 0.0429411 0.0359501 0.0332381 0.0522484 0.0219282 0.040261 0.0209877 0.022545 -0.00632474 0.00796264 -0.0270745 0.00875657 -0.013174 0.0230449 0 0 0 0 0 0 0 0 0 0 0 0 0 0 0 0 0 0 0 0 
0 0 0 0 0 0 0 0 0 0 0 0 0 0 0 0 0 0 0 0 0.0178199 0.0334896 0.0162636 0.0043245 -0.017612 0.00498924 -0.00781508 0.0281372 0.00284034 0.0129938 -0.0103963 0.0236536 0.023621 0.0357751 0.0518707 0.0320605 0.0619572 0.0120036 0.0275456 0.0387386 0.0506114 0.0491635 0.00745717 0.015756 0.0381958 0.0688535 0.0720072 0.0528196 0.0475567 0.0441029 0.100859 0.0905533 0.0597637 0.100988 0.0832111 0.0659738 0.0851339 0.0904382 0.0490914 0.0536361 0.10473 0.045744 0.0876675 0.062409 0.0248401 0.0446751 0.0262257 0.0799375 0.0476403 0.0249497 0.0545008 0.030893 0.0215567 0.0619433 0.0221347 0.0611035 0.0497235 0.0535645 0.0434976 0.0506409 0.0426407 0.0375838 0.0294411 0.0454001 0.0358056 0.0266886 0.0701735 0.0227453 0.0434641 0.0406174 0.00399784 0.0238616 0 0 0 0 0 0 0 0 0 0 0 0 0 0 0 0 0 0 0 0 
0 0 0 0 0 0 0 0 0 0 0 0 0 0 0 0 0 0 0 0 -0.00129413 0.0208674 -0.0190056 0.0489911 -0.000389163 -0.0201559 -0.0206712 -0.0160484 -0.00113029 0.00355725 0.00748353 0.00203927 -0.0207884 0.00610201 0.00466087 0.0244357 0.0480919 0.0488733 0.0337795 0.0174606 0.00974911 0.0272262 0.0487744 0.0410312 0.0363905 0.0591735 0.0472208 0.0813092 0.0797385 0.0813813 0.0606326 0.0600578 0.0983169 0.0757177 0.0459418 0.0944506 0.0871799 0.0488697 0.0710304 0.122383 0.0933733 0.0522423 0.0695535 0.0455569 0.066363 0.0655735 0.101093 0.0536162 0.0572655 0.0560389 0.0208708 0.0464874 0.0558189 0.0457127 0.0477747 0.0332992 0.0441326 0.0618355 0.046623 0.0260505 0.0388048 0.0239154 0.0158295 0.0411887 0.0147836 0.0578346 0.0273699 0.0338089 0.0330388 0.0385634 0.0155478 0.0366679 0 0 0 0 0 0 0 0 0 0 0 0 0 0 0 0 0 0 0 0 
0 0 0 0 0 0 0 0 0 0 0 0 0 0 0 0 0 0 0 0 0.0182991 0.0405599 0.0410958 -0.01003 0.0170027 0.0265448 0.0120091 -0.00335631 -0.0326348 0.0113338 0.00327373 -0.00994278 0.0259663 -0.00179433 0.0415027 0.0227851 0.0121765 0.0542487 0.0515907 0.0489689 0.0369365 0.0274671 0.0188573 0.05227 0.0318005 0.045259 0.055156 0.0433453 0.0783366 0.0601374 0.0772037 0.0496673 0.0740961 0.0794378 0.0830146 0.0695119 0.102281 0.0491357 0.0709686 0.0489258 0.0716773 0.0914252 0.0894627 0.0396838 0.0977957 0.0514831 0.0469044 0.0408739 0.0582488 0.0330352 0.0458861 0.048041 0.0512209 0.0590662 0.0623817 0.053413 0.0318606 0.0621275 0.00195334 0.030893 0.0361545 0.0141945 0.01949 0.0477098 0.0734819 0.0236395 0.0162119 0.0231656 0.0231979 -0.00347024 -0.00850477 0.0180808 0 0 0 0 0 0 0 0 0 0 0 0 0 0 0 0 0 0 0 0 
0 0 0 0 0 0 0 0 0 0 0 0 0 0 0 0 0 0 0 0 0.06035 0.0379005 0.0115192 0.0225159 0.0143743 0.00304475 0.00309123 -0.00533226 0.0247754 -0.0173162 -0.0306753 -0.0252832 -0.0616813 -0.00947367 0.0183803 0.0271902 0.0553848 0.0667199 0.019471 0.0670843 0.0345848 0.0478725 0.0656028 0.0488519 0.0646723 0.0678579 0.0739094 0.0801318 0.0753003 0.0753463 0.121419 0.0913571 0.0705682 0.0465083 0.0687505 0.0588126 0.0703768 0.0993575 0.0935777 0.0890976 0.0945763 0.0303498 0.105276 0.070594 0.061828 0.0541517 0.0552548 0.0808609 0.0318373 0.0303372 0.0576821 0.0663132 0.0696238 0.0425562 0.0402807 0.0481535 0.0274114 0.0500867 0.0555819 0.0528887 0.0135902 0.0347484 0.0252257 0.0203242 0.0287787 0.0205733 0.0318207 0.00195326 0.00856337 0.00124118 -0.00377055 -0.0525962 0 0 0 0 0 0 0 0 0 0 0 0 0 0 0 0 0 0 0 0 
0 0 0 0 0 0 0 0 0 0 0 0 0 0 0 0 0 0 0 0 0.0116218 0.0165013 0.00828784 0.033471 0.00708344 -0.0017205 0.0109015 0.00591858 -0.00181261 -0.0192925 -0.054906 -0.0369842 -0.0146722 0.00726717 0.00162471 0.0392596 0.0207718 0.0245991 0.0399469 0.0540522 0.0452669 0.0373645 0.0293008 0.0759692 0.0637307 0.0481913 0.0983162 0.0653658 0.0800432 0.11707 0.0779827 0.041591 0.0610189 0.0494063 0.0556335 0.0455444 0.104252 0.0398842 0.105589 0.0613243 0.0569042 0.0654478 0.0755973 0.0452311 0.0600017 0.073498 0.0497313 0.065446 0.0553534 0.082954 0.0605737 0.123409 0.0403101 0.0708758 0.0555161 0.0873549 0.0384646 0.0392603 0.019636 0.0507745 0.0226557 0.0681541 0.0146869 0.033389 0.0359338 0.0121583 0.00801456 0.0216187 0.0108606 0.00452143 0.0177342 -0.0616047 0 0 0 0 0 0 0 0 0 0 0 0 0 0 0 0 0 0 0 0 
0 0 0 0 0 0 0 0 0 0 0 0 0 0 0 0 0 0 0 0 -0.0213098 0.00856566 0.0237129 -0.0137787 0.021597 0.0380342 -0.0245837 -0.00708317 0.00775674 0.0234747 -0.0038607 -0.0131085 -0.00743257 0.00394938 0.00694351 0.0504713 0.0216083 0.0267589 0.0542014 0.0302371 0.0631817 0.0861904 0.0852777 0.0614537 0.0823879 0.113137 0.0850386 0.108462 0.0994487 0.0786151 0.0873537 0.0817546 0.0577183 0.083054 0.0525077 0.0709186 0.0678928 0.109262 0.082624 0.0610282 0.066503 0.0464946 0.0548015 0.0465077 0.0745001 0.0360999 0.0553238 0.059584 0.061819 0.0474398 0.0430171 0.0759674 0.0336101 0.0813675 0.0406018 0.0260936 0.0440098 0.0502441 0.0696623 0.0372853 0.0307334 0.0223968 0.0512582 0.0287456 0.0229185 0.0319175 0.0225558 0.00730792 0.00580739 0.0447936 -0.005752 -0.0715609 0 0 0 0 0 0 0 0 0 0 0 0 0 0 0 0 0 0 0 0 
0 0 0 0 0 0 0 0 0 0 0 0 0 0 0 0 0 0 0 0 0.00688258 0.00548257 0.00834697 0.00799541 0.0211398 0.00867209 0.0380687 0.016098 0.0294782 -0.00829841 -0.00723986 -0.00902173 0.0242947 0.00197167 0.029576 0.0188925 -0.0276081 0.0258497 0.0635887 0.0562731 0.044339 0.073045 0.0313959 0.0625524 0.0667662 0.0405746 0.0675815 0.0600865 0.0619388 0.0617514 0.0538663 0.0687106 0.0719441 0.0575624 0.0647258 0.0214876 0.0548503 0.0206533 0.0505212 0.0369004 0.0577365 0.0548956 0.0503962 0.0511151 0.062385 0.0721377 0.067683 0.0421162 0.0720309 0.0593051 0.0362949 0.0570985 0.077011 0.056303 0.0363474 0.0604966 0.0526717 0.0470132 0.0263959 0.0506295 0.0436262 0.0264452 0.002278 0.0653252 0.0399324 0.0186239 0.0341899 0.0206632 0.0250553 -0.00922813 0.0314242 0.0742827 0 0 0 0 0 0 0 0 0 0 0 0 0 0 0 0 0 0 0 0 
0 0 0 0 0 0 0 0 0 0 0 0 0 0 0 0 0 0 0 0 0.0095316 -0.00284046 -0.0228771 -0.00715102 0.0434507 -0.000537171 -0.00549162 0.00766388 0.0611483 -0.0454328 0.0568394 -0.0157016 0.025121 0.0149937 0.0319806 -0.0508819 0.0504731 0.00727458 0.020646 0.0426207 0.0779145 0.085357 0.0635238 0.0826427 0.0719145 0.104471 0.083993 0.129735 0.0626005 0.0756466 0.0887326 0.0505651 0.0888104 0.0545469 0.0817081 0.0610192 0.0713566 0.0592736 0.0480115 0.0330939 0.0476723 0.0276056 0.0593092 0.0450795 0.0547145 0.0238078 0.0067027 0.0823771 0.034378 0.0131527 0.0260122 0.0157616 0.00869014 0.0469333 0.0498417 0.0244098 0.026155 0.0222071 0.037767 0.0529324 0.0160424 0.0737133 0.0371796 0.0113444 0.0156686 0.0217557 0.0104609 0.0161385 -0.00675709 -0.00566232 -0.04483 -0.0482146 0 0 0 0 0 0 0 0 0 0 0 0 0 0 0 0 0 0 0 0 
0 0 0 0 0 0 0 0 0 0 0 0 0 0 0 0 0 0 0 0 -0.0187735 -0.037894 -0.0102766 0.0196577 -0.00252643 -0.00549691 0.0402539 0.040158 0.0047082 0.0281514 0.0462804 0.0439543 0.0863015 0.00386315 0.056832 0.018375 0.0377905 0.0483111 0.0364788 0.0517303 0.0419791 0.038558 0.0214028 0.0683268 0.0647394 0.0859846 0.0724434 0.0737859 0.0724713 0.0460356 0.0679193 0.0888178 0.0766055 0.064158 0.0470535 0.0459353 0.0512083 0.0722012 0.03827 0.052493 0.0172677 0.0161912 0.0279717 0.0284456 0.0745396 0.0556916 0.0686199 0.0317512 0.0411452 0.0639107 0.0567708 0.0772877 0.0489038 0.0310831 0.0310556 0.0018845 0.0490873 0.0582634 0.0345796 0.0306132 0.0253212 0.0167122 0.0380326 0.0418346 0.074262 0.0188265 0.0134503 -0.0271979 0.0320063 -0.00731664 -0.00510923 -0.0123281 0 0 0 0 0 0 0 0 0 0 0 0 0 0 0 0 0 0 0 0 
0 0 0 0 0 0 0 0 0 0 0 0 0 0 0 0 0 0 0 0 0.0235104 0.0291082 0.0488282 0.0252957 0.0399747 0.0562729 0.0174922 0.0312026 0.0386657 0.0434883 0.0530787 0.0282639 0.0699071 0.0263264 0.0538843 0.046691 0.0417233 0.0480022 0.0523857 0.0532254 0.0605952 0.0647059 0.0355382 0.0887683 0.0335342 0.0841224 0.0715689 0.0513552 0.043026 0.0999861 0.0822538 0.0798399 0.0818018 0.0563134 0.0687935 0.0448347 0.0736145 0.0658017 0.0596131 0.0347319 0.0586906 0.0747202 0.023572 0.0577667 0.0327536 0.038902 0.0417559 0.029763 0.062178 0.0167412 0.0219836 0.0393346 0.034175 0.0585411 0.0355419 0.0429772 0.0171101 0.0195092 -0.0128598 0.0385948 0.0315657 0.055048 0.0225357 0.0218263 -0.00695926 0.0164428 0.000429158 0.033275 -0.0226885 -0.0125556 0.0329334 0 0 0 0 0 0 0 0 0 0 0 0 0 0 0 0 0 0 0 0 0 
0 0 0 0 0 0 0 0 0 0 0 0 0 0 0 0 0 0 0 0 0.0236299 0.0628843 0.0760507 0.0390627 0.0810876 0.0271729 0.0430801 0.0469947 0.036272 0.0544721 0.0256726 0.0462786 0.079203 0.0428321 0.0509008 0.0628962 0.060304 0.0444719 0.0549316 0.0554092 0.0507342 0.113731 0.0412754 0.0769212 0.0583551 0.0972139 0.0820151 0.125916 0.0999202 0.0824401 0.118326 0.0895184 0.0799611 0.0765853 0.0693998 0.0738099 0.0271378 0.0596646 0.0661856 0.0200839 0.0304261 -0.0366732 0.0186022 0.00769207 0.0246123 0.0604937 0.0400833 0.0669431 0.0209472 0.0716676 0.0268334 0.0302783 0.0269732 0.0179869 0.0265083 0.0331984 0.023439 0.0298697 0.00826658 0.0316734 0.0366326 0.01634 0.0148375 0.0174297 0.00534662 0.00465444 -0.0156668 -0.023118 -0.0165377 0.062468 0.0131184 0 0 0 0 0 0 0 0 0 0 0 0 0 0 0 0 0 0 0 0 0 
0 0 0 0 0 0 0 0 0 0 0 0 0 0 0 0 0 0 0 0 0.00393348 0.0597678 0.0802951 0.0470213 0.0607842 0.0443872 0.0856035 0.0334634 0.0610607 0.0133513 0.0466946 0.0433227 0.0363054 0.0542337 0.0754059 0.0590154 0.0507688 0.0467703 0.048141 0.0602388 0.048215 0.0633269 0.0343119 0.0353893 0.042313 0.0585282 0.0546929 0.120417 0.0668167 0.136693 0.0855702 0.104152 0.116148 0.0680406 0.0738585 0.0653562 0.102556 -0.00731945 0.0573369 0.00432803 0.0274781 0.0318703 0.0627278 0.0332139 0.0602403 -0.0105787 0.0526948 0.00759917 0.079026 0.058484 0.0290943 0.0527445 0.0166313 0.0368578 0.0341112 0.00924786 0.0417572 0.0609009 0.0625069 0.0406713 0.0364231 0.0075651 0.0312342 0.00614938 0.0492151 0.0292203 0.0693321 -0.0143588 -0.00947739 -0.0150399 3.25137e-005 0.0719341 0 0 0 0 0 0 0 0 0 0 0 0 0 0 0 0 0 0 0 0 
0 0 0 0 0 0 0 0 0 0 0 0 0 0 0 0 0 0 0 0 0.0170708 0.0651428 0.048623 0.0419454 0.109571 0.0615692 0.0622379 0.0807269 0.0484558 0.0370069 0.0771305 0.0497166 0.108746 0.0490033 0.0578191 0.0552101 0.0729839 0.0507435 0.0445954 0.0494045 0.0332432 0.0588756 0.0296277 0.0720756 0.0650841 0.0825885 0.0695899 0.0807699 0.0739052 0.100872 0.113681 0.0514345 0.095699 0.112258 0.216059 0.0616833 0.0161939 0.0254163 0.0187566 0.00448458 0.0287088 0.0131504 -0.00119929 -0.00138768 0.0488716 0.0756463 0.0681032 0.0699469 0.00163357 0.0402984 0.0585437 0.0494242 0.0444803 0.038693 0.0213669 0.0387676 -0.00937131 0.0566167 -0.0119359 0.0353503 0.0309778 0.0713066 0.000170259 0.0146268 0.0157422 -0.00736124 -0.0226345 0.00311293 0.0250985 -0.01963 0.0148217 -0.411356 0 0 0 0 0 0 0 0 0 0 0 0 0 0 0 0 0 0 0 0 
0 0 0 0 0 0 0 0 0 0 0 0 0 0 0 0 0 0 0 0 -0.00187376 0.0308677 0.0518859 0.0563301 0.0752083 0.039339 0.0864771 0.0340231 0.101499 0.035435 0.143019 0.0384665 0.0773859 0.0562559 0.0795307 0.0765175 0.0302776 0.0385745 0.0396556 0.0469768 0.0284985 0.0714478 0.0493983 0.0803085 0.0438618 0.060097 0.0462446 0.0604716 0.0404808 0.089536 0.0837487 0.0531838 0.0754656 0.0643182 0.0738432 0.0122581 0.106897 0.0218637 -0.0153757 0.0206857 0.0347541 0.0022059 0.0246571 0.0473273 0.00905982 0.0113909 0.0340832 0.0286126 0.0411971 0.0182217 0.0598045 0.0412873 0.0436944 0.015193 0.0160751 0.0754231 0.0225325 0.0500261 0.0336763 0.0271309 0.0189437 0.0383523 0.0376834 0.027659 0.00914901 0.0243419 0.0631764 0.0244783 -0.0212501 0.00399771 -0.0182968 0.00592556 0 0 0 0 0 0 0 0 0 0 0 0 0 0 0 0 0 0 0 0 
0 0 0 0 0 0 0 0 0 0 0 0 0 0 0 0 0 0 0 0 -0.0360635 0.0315579 0.0311346 0.0432338 0.136054 0.0417873 0.0591534 0.0416425 0.107011 0.0517921 0.122101 0.0576318 0.083356 0.069808 0.0562499 0.0436152 0.0506733 0.0457856 0.0549469 0.0532282 0.053841 0.0514002 0.0579255 0.0640682 0.0402663 0.0684812 0.0393413 0.0247263 0.0545242 0.0922508 0.133708 0.102491 0.137366 0.0929352 0.0528074 0.126736 0.0484417 0.00645206 0.038127 -0.000943206 -0.000778627 0.0507301 0.0457303 0.0437038 0.0378228 0.0411599 0.0293966 0.0511418 0.0353254 0.0569118 -0.0262703 0.0316894 0.00842305 0.0360444 0.0465017 -0.0435428 0.0501757 -0.00765929 0.0282922 -0.00348161 0.023342 -0.012278 0.00175257 0.0227859 0.0126979 0.00846112 0.0236676 0.0374166 0.0282919 0.000648802 -0.0367876 0 0 0 0 0 0 0 0 0 0 0 0 0 0 0 0 0 0 0 0 0 
0 0 0 0 0 0 0 0 0 0 0 0 0 0 0 0 0 0 0 0 0.0349521 0.0288167 0.0478561 0.0361388 0.138659 0.0524136 0.0794287 0.031796 0.105514 0.0555283 0.0638652 0.0656814 0.109263 0.0589485 0.0809387 0.0774446 0.0602132 0.0563508 0.0403488 0.0549793 0.0392169 0.0535987 0.0335459 0.066532 0.0293021 0.0517098 0.0189428 0.0425369 0.0601159 0.0872472 0.0831188 0.0397269 0.0767992 0.0575465 0.0279074 0.0163871 0.0287399 0.0416412 0.00263157 0.00691993 0.0422532 0.0097218 0.029256 0.00581065 0.0088048 0.013964 0.0101438 0.039884 0.0250345 0.0269822 0.0371039 0.0713483 -0.0115382 0.0594459 0.0278515 0.0526678 -0.0006638 0.0539814 0.0236997 0.00750185 -0.0139976 0.0160306 0.0271597 0.0134409 0.0570062 -0.00802494 0.0180997 0.0273955 0.0305936 0.00421175 -0.0286011 0 0 0 0 0 0 0 0 0 0 0 0 0 0 0 0 0 0 0 0 0 
0 0 0 0 0 0 0 0 0 0 0 0 0 0 0 0 0 0 0 0 0.0763007 0.0467216 0.0667239 0.0296727 -0.0798319 0.0680044 0.0795375 0.04463 0.0636406 0.0680583 0.0846601 0.0692673 0.0929832 0.0822874 0.085548 0.0748347 0.0441957 0.0717375 0.0404246 0.063448 0.0370269 0.0605462 0.0419406 0.0585522 0.0347721 0.0667782 0.0414111 0.0773831 0.0610702 0.0745291 0.0610649 0.0471198 -0.00232404 0.0157324 0.0652568 0.0346417 0.0849789 -0.0093878 0.0252574 0.0259671 0.00272239 0.0616816 -0.00287669 0.0399223 0.0260202 0.0367842 0.0964312 -0.0123736 0.0285517 0.0509979 0.00811465 -0.0102782 0.0784184 -0.00521087 0.0234305 0.0213487 0.0281064 -0.0171668 0.0020998 0.0561314 0.0372464 0.0103729 0.0276181 0.00122248 0.062742 0.0384724 0.00843313 0.0290057 0.0188433 0.0298698 0.0179466 0 0 0 0 0 0 0 0 0 0 0 0 0 0 0 0 0 0 0 0 0 
0 0 0 0 0 0 0 0 0 0 0 0 0 0 0 0 0 0 0 0 -0.00309867 0.0398297 0.107018 0.0395053 0.0848627 0.0654365 0.121428 0.0514964 0.0946664 0.061847 0.110433 0.0588751 0.0966452 0.0722279 0.0829066 0.0883295 0.0331337 0.0735816 0.0455081 0.0713255 0.0391111 0.0636877 0.0652748 0.0655619 0.0380134 0.0973254 0.0389569 0.123422 0.0498132 0.0477401 0.0615162 0.0536244 0.056138 -0.00634368 0.0600955 0.0141276 -0.0328977 0.000661418 0.0272514 -0.0064297 0.0678607 0.0152334 0.0706382 0.0269475 -0.00688146 0.0303325 0.0157336 0.0402936 -0.00879842 -0.00862465 0.0615701 0.0466652 0.0299815 0.0580327 0.0118074 0.021898 0.0112028 0.0346806 0.0185883 -0.016712 0.0404038 0.00543447 0.0456611 0.0391109 0.00229449 0.00617046 0.0320863 0.010594 0.0663606 -0.0167421 -0.0067655 0 0 0 0 0 0 0 0 0 0 0 0 0 0 0 0 0 0 0 0 0 
0 0 0 0 0 0 0 0 0 0 0 0 0 0 0 0 0 0 0 0 -0.00101713 0.0398861 0.151202 0.0709989 0.0937811 0.0607361 0.134402 0.0705838 0.097628 0.0648384 0.114077 0.0649105 0.103581 0.0791059 0.0868684 0.124567 0.0486687 0.078693 0.0468222 0.0752125 0.0261045 0.0544602 0.0270702 0.0662675 0.0113247 0.0422916 0.0368335 0.077503 0.0543882 0.0550865 0.0582217 0.0508739 -0.0153545 0.012076 0.032036 -0.0648787 -0.0481254 0.0216309 0.00657758 0.0594311 0.0392159 0.0188545 0.0354258 -0.0190997 0.0215976 0.00287533 -0.00112121 0.0539112 0.0686078 0.104178 0.0319084 0.030796 -0.0166291 0.0162819 0.013311 -0.0126022 -0.019633 0.0187167 -0.0270567 0.0395888 -0.0665992 0.0657118 0.0451065 0.0176732 0.0443489 0.0390531 -0.02027 0.00531137 -0.0180393 0.053961 -0.00844474 0.00281888 0 0 0 0 0 0 0 0 0 0 0 0 0 0 0 0 0 0 0 0 
0 0 0 0 0 0 0 0 0 0 0 0 0 0 0 0 0 0 0 0 -0.00118071 0.032763 0.0817014 0.0663765 0.107786 0.0562586 0.10511 0.077753 0.374891 0.0600425 0.104975 0.0707114 0.113471 0.0599102 0.0902317 0.21325 0.0406237 0.0879398 0.0437825 0.0767858 0.0397831 0.05602 0.0257347 0.0701878 0.0175978 0.0567662 0.0391593 0.0652506 0.0475608 0.0540112 0.0609225 0.0451668 -0.0142296 0.0192669 -0.0405232 -0.0185159 0.0136886 -0.0216307 0.0413065 0.0181814 0.027329 0.0434846 0.0454812 0.0806856 0.114324 0.0930878 0.166535 0.0314931 0.0273269 0.0119488 -0.0339876 0.00892427 -0.00993133 0.00385621 -0.0258883 0.0143179 0.00439504 -0.0376446 -0.0244624 -0.0176208 0.0218771 -0.0023532 -0.039186 0.0352838 -0.0574405 -0.0157758 -0.0179699 0.0110238 0.00568001 -0.0263739 0.0106304 0 0 0 0 0 0 0 0 0 0 0 0 0 0 0 0 0 0 0 0 0 
0 0 0 0 0 0 0 0 0 0 0 0 0 0 0 0 0 0 0 0 -0.00134295 0.0212556 0.0935655 0.0221817 0.125664 0.0505575 0.108381 0.0553236 0.413559 0.111841 0.162347 0.0707218 0.138488 0.0728625 0.102906 0.150779 0.0516683 0.0881679 0.0532621 0.0685487 0.0278701 0.0632573 0.0343127 0.0701189 0.0341657 0.0574494 0.0305198 0.0572612 0.0466381 0.0598288 0.0598827 0.0331872 -0.00528026 0.00690175 0.0303845 -0.0719749 0.0103568 -0.0077981 -0.0435645 -0.00502861 0.0319394 -0.0368012 -0.0266447 0.0348655 -0.0248855 0.022823 -0.046609 0.104517 0.104268 0.023967 0.0551449 -0.0618151 0.00140179 0.00525237 -0.016015 -0.0481963 -0.0893686 -0.0202211 -0.00128523 -0.0112114 0.0111237 0.0107358 0.060829 -0.0229219 -0.0338925 -0.0149323 -0.000996016 0.00654728 0.00625982 0.0121937 0.0317338 0 0 0 0 0 0 0 0 0 0 0 0 0 0 0 0 0 0 0 0 0 
0 0 0 0 0 0 0 0 0 0 0 0 0 0 0 0 0 0 0 0 -0.00165957 0.00546773 0.103564 0.0440146 0.0962466 0.0768181 0.150002 0.0684189 0.112899 0.0748999 0.294861 0.100316 0.107835 0.0846926 0.126217 0.111897 0.0734604 0.0790884 0.0535307 0.0676381 0.0282215 0.0683576 0.045557 0.0839234 0.0398443 0.0663373 0.0294787 0.0730584 0.0381653 0.0554756 0.0603325 -0.0309331 0.0328307 -0.0145332 0.0323803 -0.0535171 0.0158403 -0.0134017 -0.0239642 0.0389621 -0.0647471 0.0127713 0.00208257 -0.0849343 0.00729673 0.0582302 -0.0144659 0.102178 -0.0338468 -0.0862438 -0.0672509 0.0384994 -0.00952931 -0.102141 -0.0821266 -0.0432048 0.0151366 0.00678773 -0.0355451 -0.00168969 -0.054366 -0.0112133 -0.0912865 -0.00138379 -0.00642441 -0.0313286 -0.0166003 9.8174e-005 -0.0103228 -0.00580007 -0.0293031 0.005485 0 0 0 0 0 0 0 0 0 0 0 0 0 0 0 0 0 0 0 0 
0 0 0 0 0 0 0 0 0 0 0 0 0 0 0 0 0 0 0 0 -0.00207584 -0.00439227 0.15135 0.0180409 0.103268 0.0304747 0.14982 0.105062 0.11289 0.064594 0.111471 0.11344 0.192216 0.0854816 0.125448 0.122958 0.0855637 0.0720861 0.0608276 0.0686883 0.0289867 0.0742052 0.0636278 0.0539936 0.0371587 0.0545502 0.0317379 0.0716377 0.0374969 0.0757678 0.0491546 -0.00969326 0.0580887 0.0399764 -0.0280842 0.010816 -0.0153431 -0.0490443 0.0320583 0.00370301 0.0232313 -0.0103833 -0.0312687 -0.00498347 0.0359518 -0.0701344 0.028165 0.00801228 -0.0567404 -0.0894386 0.0217576 -0.117137 -0.0483873 0.000964058 -0.0383476 -0.0491882 -0.0928528 -0.00989743 0.0322004 -0.0113984 -0.0828122 -0.00919132 -0.00881724 -0.028572 0.00776367 0.0160813 -0.0349805 -0.0488818 -0.0446272 -0.0433842 -0.000656995 0.0706349 0 0 0 0 0 0 0 0 0 0 0 0 0 0 0 0 0 0 0 0 
0 0 0 0 0 0 0 0 0 0 0 0 0 0 0 0 0 0 0 0 0 -0.002874 0.196372 0.0383111 0.107343 0.0511324 0.111093 0.0737538 0.16839 0.083759 0.108606 0.0997912 0.119793 0.161391 0.128417 0.105645 0.0956449 0.0746316 0.0663356 0.0659614 0.0470917 0.0772672 0.0613846 0.122758 0.043176 0.0557209 0.0379035 0.0595341 0.041095 0.0676245 0.0425694 -0.0878275 0.0744653 -0.0878727 -0.046943 0.0317386 0.0420193 -0.0158866 0.0150503 -0.0176236 -0.0297915 -0.0278668 -0.0158035 -0.0564259 0.031323 -0.108683 -0.0100176 -0.109664 -0.0377502 0.0335747 0.0411399 0.0946607 -0.00556979 -0.0696657 -0.00755002 -0.0933395 0.00888374 -0.0685599 -0.07198 -0.127643 -0.0413094 -0.0694802 -0.0730445 -0.0651379 -0.0414964 -0.0704446 -0.00889475 -0.0229044 -0.0488941 -0.0218475 -0.0367816 -0.0607514 0 0 0 0 0 0 0 0 0 0 0 0 0 0 0 0 0 0 0 0 
0 0 0 0 0 0 0 0 0 0 0 0 0 0 0 0 0 0 0 0 0 -0.00377721 0.189444 0.0362259 0.111404 0.0198063 0.112076 0.0810961 0.115143 0.096707 0.162008 0.0790214 0.13547 0.0917188 0.249786 0.137268 0.0820441 0.081446 0.0691092 0.0579166 0.0397849 0.0838544 0.0492403 0.128633 0.035411 0.0573286 0.0441376 0.0525458 0.0349156 0.0758104 0.0345281 0.00617697 0.0742894 -0.085831 0.101177 0.00839183 -0.13771 -0.00961611 0.035505 -0.0305033 -0.0439428 -0.0290441 -0.0271585 -0.0439307 -0.00282914 -0.12462 0.038567 -0.0899695 0.0297933 0.0378749 -0.00189865 -0.105068 -0.00669814 -0.123679 -0.0586169 0.0380454 -0.0757642 -0.204743 -0.0466342 -0.229941 -0.0723834 -0.114769 -0.0541145 -0.0539594 -0.0565649 -0.0608553 -0.0265296 0.00984828 0.0296477 -0.0584122 -0.0551567 0 0 0 0 0 0 0 0 0 0 0 0 0 0 0 0 0 0 0 0 0 
0 0 0 0 0 0 0 0 0 0 0 0 0 0 0 0 0 0 0 0 0 -0.0011512 0.185444 0.0622185 0.11118 0.0589333 0 0.0673825 0.116356 0.0615455 0.128613 0.14155 0.13794 0.132321 0.128221 0.149003 0.382305 0.101553 0.0836504 0.0654605 0.0724032 0.0700684 0.067389 0.0644702 0.140675 0.0552565 0.0700775 0.0401623 0.0583652 0.0660588 0.0476007 0.050797 0.00111126 0.0701272 -0.0943804 0.0211957 -0.0132511 0.0756377 0.0438064 -0.20601 -0.0175697 0.0204599 -0.0447348 0.0451682 0.0664165 0.0952634 -0.0764525 -1.05307e-005 0.0864545 -0.0344785 -0.10541 -0.122705 -0.0825537 0.0210852 0.0571646 -0.116857 -0.0297816 -0.240331 -0.0987586 -0.190323 -0.140041 -0.0780889 -0.0981245 -0.11747 -0.0814368 -0.0603639 -0.038392 -0.136899 -0.0743735 -0.022936 -0.0103434 0.00269666 0 0 0 0 0 0 0 0 0 0 0 0 0 0 0 0 0 0 0 0 
0 0 0 0 0 0 0 0 0 0 0 0 0 0 0 0 0 0 0 0 0 0.00189545 0 0.0338032 0.109254 0.0569858 0 0.0648683 0.125101 0.0723159 0.113412 0.115171 0.0807349 0.111662 0.17242 0.106747 0.387567 0.149188 0.0814301 0.0610414 0.0699408 0.083459 0.0582626 0.0578913 0.0619443 0.0640504 0.0841519 0.0445792 0.0848567 0.091686 0 0.0457625 -0.031001 0.059461 -0.0887147 0.00330014 0.0707776 0.0747592 -0.0710809 0.042571 0.0531469 -0.144774 0.0576034 0.0586352 0.0661227 -0.0672242 -0.113318 0.0715405 0.014882 -0.228472 -0.320988 0.00919191 -0.364986 -0.0681071 -0.0523311 -0.0112471 -0.0331427 -0.25014 -0.0960547 -0.194159 -0.0717214 -0.162414 -0.0854498 -0.0925488 -0.102428 -0.0264392 -0.0777623 -0.0186309 -0.13879 0.00955006 -0.0172037 0 0 0 0 0 0 0 0 0 0 0 0 0 0 0 0 0 0 0 0 0 
0 0 0 0 0 0 0 0 0 0 0 0 0 0 0 0 0 0 0 0 0 0.000289273 0 0.179395 0.109972 0.113856 0.112454 0.114931 0.132237 0.129449 0.12168 0.111899 0.106914 0.11081 0.12468 0.12319 0.160506 0.122429 0.252563 0.0637037 0.0692523 0.0797338 0.0539905 0.0746343 0.0536637 0.0625352 0.0754546 0.041396 0.0830281 0.0766727 0 0 0 -0.0300477 0.0567094 0.0942299 0 0.0656892 0.083717 0.050925 -0.143649 -0.316358 0.0583768 0.0716122 0.0421642 -0.0837751 0.0951604 0.0032811 -0.00756473 -0.211629 0 -0.209965 -0.105863 -0.228254 0.0529282 -0.0880455 -0.165823 0.00384596 -0.0882312 -0.181683 -0.0942453 -0.0742887 -0.132097 -0.155983 -0.0137195 -0.159614 -0.0262396 -0.0922977 -0.125614 -0.0233131 0.0130242 0 0 0 0 0 0 0 0 0 0 0 0 0 0 0 0 0 0 0 0 0 
0 0 0 0 0 0 0 0 0 0 0 0 0 0 0 0 0 0 0 0 0 0.00475868 0 0.178758 0 0.12112 0.122427 0 0.125901 0 0.124554 0.11337 0.119321 0.11242 0.113645 0.220219 0.104255 0.16452 0.0991713 0.137782 0.106349 0.0848331 0.0910024 0 0.0632575 0.0942386 0.0541149 0.0397211 0.114509 0.0753034 0.309457 0.420782 0.447642 0.175143 0.24117 0.184277 0.0959357 0.0882059 0.0789678 -0.300976 -0.00830256 0.0919218 0.0521818 0.054428 -0.0616647 0.0936342 0.0171207 -0.0742495 -0.186428 0.0602076 -0.571773 -0.162556 -0.161092 0.051571 -0.265875 -0.042044 -0.203722 -0.0307021 -0.0680811 -0.1917 -0.0238993 -0.194846 -0.116972 -0.137208 -0.0885042 -0.154024 -0.0752877 -0.128427 -0.0611064 -0.0696541 0.00189694 0 0 0 0 0 0 0 0 0 0 0 0 0 0 0 0 0 0 0 0 0 
0 0 0 0 0 0 0 0 0 0 0 0 0 0 0 0 0 0 0 0 0 -0.00382498 0 0.178907 0 0.130201 0.124634 0.126308 0.125408 0.125328 0.126782 0.120577 0.110085 0.118396 0.107668 0.132481 0.116956 0.1001 0.296498 0.0793255 0.199339 0.119672 0.0972067 0.0837692 0.0652944 0.0598237 0 0 0.143425 0.0774018 0.14991 0 0 0.077882 0.0933021 0.179508 0.174346 0.112289 0.0790612 0 0.0638254 0.0922466 0.090523 0.0900199 0.0714123 0.0996155 -0.00508535 -0.38685 -0.00815922 -0.20203 -0.364575 -0.196753 -0.0690647 -0.206041 -0.0241153 -0.0493782 0.0101372 0.0378005 -0.105227 -0.00349629 -0.00922966 -0.0970019 -0.0892042 -0.132684 -0.104867 -0.269934 -0.0876636 -0.105405 -0.0546896 -0.101916 -0.170498 0 0 0 0 0 0 0 0 0 0 0 0 0 0 0 0 0 0 0 0 0 
0 0 0 0 0 0 0 0 0 0 0 0 0 0 0 0 0 0 0 0 0 0.00367764 0 0.179435 0.179903 0.164461 0.170136 0.129173 0.130395 0.134634 0.119297 0.117975 0.114825 0.118906 0.120837 0.121274 0.159561 0.103109 0.17161 0.0847863 0.0981912 0.14751 0.185148 0.081659 0 0.129683 0 0.136617 0.136912 0.0740087 0.0733299 0 0 0.076559 0.0865739 0.0912488 0.0897269 0.174673 0.158683 0 0.0653215 0.0927036 0.0903314 0.0901582 0.0820296 0.0868904 0.0304033 -0.555175 -0.221678 -0.0259458 -0.513434 -0.291009 -0.493545 0.0674846 -0.0836874 -0.0427188 0.0393381 -0.138397 -0.0425727 -0.0292606 0.00198027 0.0403282 -0.124749 -0.0905324 -0.0573292 -0.175655 -0.0828295 -0.0817592 -0.149117 -0.115054 -0.0657378 0 0 0 0 0 0 0 0 0 0 0 0 0 0 0 0 0 0 0 0 0 
0 0 0 0 0 0 0 0 0 0 0 0 0 0 0 0 0 0 0 0 0 0.0146981 0 0 0.21131 0 0.164336 0 0 0.16523 0 0 0.121543 0.127003 0.124945 0.123862 0.123064 0.108404 0.108289 0.110846 0.132575 0.107015 0.0968548 0.292903 0.289523 0.128009 0 0.137423 0 0.0673293 0.0751006 0 0 0.0930299 0.0815405 0.0840615 0.0902025 0.0884464 0.117981 0.270076 0.10358 0.0907035 0.089203 0.090318 0.0953033 0.0929355 -0.147009 -0.55427 -0.17107 -0.190722 -0.393867 -0.55885 0.0571951 -0.101521 -0.53585 0.00777999 -0.035896 0.0591586 0.0788187 0.0578001 0.0538561 0.045788 -0.184359 -0.0417813 -0.0141703 -0.17921 -0.0651663 -0.108134 -0.0673367 -0.0688549 -0.0688222 0 0 0 0 0 0 0 0 0 0 0 0 0 0 0 0 0 0 0 0 0 
0 0 0 0 0 0 0 0 0 0 0 0 0 0 0 0 0 0 0 0 0 0.0155208 0 0 0.259439 0 0.16664 0.183397 0 0.168779 0.168827 0 0 0 0.123175 0 0.12433 0 0 0.110446 0.134573 0.113177 0.0495869 0.0509999 0.322473 0.651402 0 0.138487 0 0.0647962 0.0916534 0 0 0.101627 0.0729028 0.0960144 0.0892283 0 0.0783729 0.083993 0.162406 0.0833893 0.0906548 0.0928481 0.094338 -0.125917 -0.287074 -0.242891 -0.51801 -0.356458 -0.0727275 -0.524187 -0.142725 0.0798884 -0.574759 -0.027044 0.058668 0 0.0689909 0.0522876 0.0583286 -0.136382 -0.024649 -0.0245308 -0.011171 -0.128733 -0.037133 -0.126063 -0.157873 -0.0999018 -0.0216956 0 0 0 0 0 0 0 0 0 0 0 0 0 0 0 0 0 0 0 0 0 
0 0 0 0 0 0 0 0 0 0 0 0 0 0 0 0 0 0 0 0 0 0 0 0 0.327289 0.357377 0 0.177947 0 0 0.170365 0 0 0 0.123664 0.125291 0.126751 0.129669 0.132331 0.113155 0.135012 0.0564003 0 0.0539194 0.119258 0.641827 0.641113 0.199482 0.0675898 0.0652766 0.107077 0.100275 0.0948263 0.108553 0.0724243 0.0710492 0.0894129 0 0.078464 0.0818513 0.0947085 0.0805956 0.0909878 0.089464 -0.157069 0.101429 -0.517519 -0.0555579 -0.623291 0.061102 -0.071098 -0.24603 0.0903826 -0.0899159 -0.574499 0.0888083 0.0786424 0.0749711 0.0635498 0.0588427 0.00471337 -0.0498483 -0.032651 0.0282265 -0.0739315 -0.086245 -0.00612018 -0.122391 0.00102217 -0.0410731 -0.0316844 0 0 0 0 0 0 0 0 0 0 0 0 0 0 0 0 0 0 0 0 0 
0 0 0 0 0 0 0 0 0 0 0 0 0 0 0 0 0 0 0 0 0 0 0 0 0 0.385921 0 0.173911 0.182194 0 0.177911 0 0 0 0 0.129431 0.132385 0.133571 0.134991 0.137428 0.0769583 0.0568755 0 0.0703504 0.108431 0.128446 0.133274 0.205868 0.148802 0 0 0 0 0 0 0 0.0971037 0.0960602 0 0.0790132 0.0872824 0.0738743 0.0777042 0.084738 0.0905448 0.162043 -0.367639 -0.183177 0 0.121318 0 0.0507861 -0.123211 0.0666918 0.10254 0.0960397 0 0.0684881 0 0.0431413 -0.0167726 0.00874619 0.00751914 -0.0181712 -0.086683 -0.0314441 -0.0182579 -0.1061 -0.000657442 -0.0161866 -0.0213945 0 0 0 0 0 0 0 0 0 0 0 0 0 0 0 0 0 0 0 0 0 
0 0 0 0 0 0 0 0 0 0 0 0 0 0 0 0 0 0 0 0 0 0 0 0 0 0.424286 0.442511 0 0.177619 0 0.180844 0.180006 0 0 0 0 0.134128 0.134174 0 0 0.0543158 0.0574412 0 0.100473 0.0858542 0 0.139615 0.100244 0.285681 0.575725 0 0 0 0 0 0 0.0988084 0.0985831 0 0.0912004 0.0882885 0.0923911 0.091949 0 0.0910355 -0.620007 -0.0605842 0.107003 0 0.124054 -0.573379 -0.573441 0 0 0 0 0 0.0603681 0.0529142 -0.00123981 0.0678724 -0.052804 0.0121577 0.00990906 -0.0388427 -0.00926315 -0.0154537 -0.0505212 0.0142927 0.0180671 -0.0160267 0 0 0 0 0 0 0 0 0 0 0 0 0 0 0 0 0 0 0 0 0 
0 0 0 0 0 0 0 0 0 0 0 0 0 0 0 0 0 0 0 0 0 0 0 0 0 0 0.461364 0 0.17489 0.177373 0 0.183487 0 0 0 0 0 0 0 0 0.0554015 0.0579949 0 0.104786 0 0 0.136501 0 0 0.566499 0.556357 0 0 0 0 0 0 0.10131 0.109431 0.101861 0.0894307 0.0928668 0 0.0922859 0.0917672 0 0.16882 0.107653 0.107959 -0.126171 -0.113816 0 0 0 0 0 0 0.0538308 0.0470041 0.062504 -0.106678 -0.00927086 0.0520391 -0.0400875 -0.0135356 0 0.0336038 -0.0207219 0.0209335 0 0.00342511 0 0 0 0 0 0 0 0 0 0 0 0 0 0 0 0 0 0 0 0 0 
0 0 0 0 0 0 0 0 0 0 0 0 0 0 0 0 0 0 0 0 0 0 0 0 0 0 0.476465 0.486611 0 0.174996 0.173834 0 0.194126 0 0 0 0 0 0 0 0.0560805 0.0588341 0 0.101957 0 0.122786 0.130919 0 0 0 0.548291 0.540057 0.531818 0 0 0 0 0.0990114 0.100327 0 0.0908346 0.0943173 0 0.0930679 0 0 0.161559 0 0.10813 0 0.126618 0 0 0 0 0 0 0 0 -0.0851231 -0.141384 0.0614493 -0.0848035 0.0239457 0.0104301 0.0488098 0.0372751 0.00202485 0.0250031 0 0.0124695 0 0 0 0 0 0 0 0 0 0 0 0 0 0 0 0 0 0 0 0 0 
0 0 0 0 0 0 0 0 0 0 0 0 0 0 0 0 0 0 0 0 0 0 0 0 0 0 0 0.497162 0.503584 0 0.170759 0.163931 0.166653 0.160074 0.138418 0 0 0 0 0 0.0562088 0.0595422 0.0890044 0.10645 0 0.112565 0 0 0 0 0 0 0.524807 0.516719 0 0 0 0 0.102199 0 0.0956478 0.0963064 0 0.0951563 0 0 0.158114 0.15592 0.109077 0 0.127186 0 0 0 0 0 0 0 0 -0.306375 0.0612763 0.0592297 0.0535752 -0.0314157 0.0464463 0.0499988 0.0336724 0.0093524 0.0276601 0 0.0105638 0 0 0 0 0 0 0 0 0 0 0 0 0 0 0 0 0 0 0 0 0 
0 0 0 0 0 0 0 0 0 0 0 0 0 0 0 0 0 0 0 0 0 0 0 0 0 0 0 0 0.509239 0.512689 0 0 0 0.202472 0.138496 0.0988678 0.0998109 0.12134 0.132629 0.123614 0.095583 0.0887398 0.0657218 0 0 0.0960698 0 0 0 0 0 0 0 0.510024 0.502355 0 0 0 0.10491 0.109013 0.103723 0.0962571 0.0977583 0.0968886 0 0 0 0.15287 0.11584 0.115423 0.127508 0.127626 0 0 0 0 0 0 -0.318597 -0.282948 0.0583466 0.0584512 0.034669 0.0101577 0.0466184 0.0510194 0.0352922 0.0133994 0.0301535 0 0.0106349 0 0 0 0 0 0 0 0 0 0 0 0 0 0 0 0 0 0 0 0 0 
0 0 0 0 0 0 0 0 0 0 0 0 0 0 0 0 0 0 0 0 0 0 0 0 0 0 0 0 0 0.515056 0.516346 0 0 0 0 0.192581 0.183943 0.168186 0.142656 0.127084 0.17377 0.0940252 0.106617 0.188112 0.143624 0.133665 0 0 0 0 0 0 0 0 0.495705 0.488051 0 0 0 0 0 0 0 0 0 0 0 0.15046 0 0.118154 0.11277 0.127724 0 0.108837 0.122044 0.135432 0.133214 0.114997 0 0 0.0542464 0.054718 0.017061 0.0509813 0.0506815 0.0508509 0.0368975 0.0155398 0.0321809 0 0.0125765 0 0 0 0 0 0 0 0 0 0 0 0 0 0 0 0 0 0 0 0 0 
0 0 0 0 0 0 0 0 0 0 0 0 0 0 0 0 0 0 0 0 0 0 0 0 0 0 0 0 0 0 0.516609 0.516142 0 0 0 0 0 0 0.124882 0.117625 0 0 0.0646667 0 0.0681425 0.129024 0.110299 0.0919947 0.0965752 0 0 0 0 0 0 0.481573 0.473819 0 0 0 0 0 0 0 0 0 0 0.149115 0.148508 0 0.106135 0.10261 0.0857843 0.0953442 0 0 0 0.102562 0.0942778 0.106158 0 0.0490292 0.055681 0.0531401 0.0547402 0.0470898 0.0359023 0.0166079 0.0359688 0 0.0135457 0 0 0 0 0 0 0 0 0 0 0 0 0 0 0 0 0 0 0 0 0 
0 0 0 0 0 0 0 0 0 0 0 0 0 0 0 0 0 0 0 0 0 0 0 0 0 0 0 0 0 0 0 0.514938 0.513093 0 0 0 0 0 0 0 0 0 0.0661441 0.0690227 0.0673658 0 0 0 0 0 0 0 0 0 0 0 0.467323 0.45962 0 0 0 0 0 0 0 0 0 0 0.14795 0 0 0.128377 0.129482 0 0 0 0 0 0 0 0 0 0.0552635 0.0562146 0 0.0425715 0.0365528 0.0352098 0.0283744 0 0.0139779 0 0 0 0 0 0 0 0 0 0 0 0 0 0 0 0 0 0 0 0 0 
0 0 0 0 0 0 0 0 0 0 0 0 0 0 0 0 0 0 0 0 0 0 0 0 0 0 0 0 0 0 0 0 0.510847 0.507923 0 0 0 0 0 0 0 0 0 0.0740682 0 0 0 0 0 0 0 0 0 0 0 0 0 0.453052 0.446418 0.438547 0 0 0 0 0 0 0 0 0.147564 0 0 0 0.131955 0 0 0 0 0 0 0 0 0 0 0.0532268 0.0536319 0.0443199 0 0.032245 0.0270401 0.0287656 0.00894549 0 0 0 0 0 0 0 0 0 0 0 0 0 0 0 0 0 0 0 0 0 
0 0 0 0 0 0 0 0 0 0 0 0 0 0 0 0 0 0 0 0 0 0 0 0 0 0 0 0 0 0 0 0 0 0.50502 0.501348 0 0 0 0 0 0 0 0 0 0 0 0 0 0 0 0 0 0 0 0 0 0 0 0 0.431905 0.423734 0 0 0 0 0 0 0 0.147602 0.147838 0 0 0.135358 0.135144 0 0 0 0 0 0 0 0 0 0 0.0531813 0.0476718 0 0.0225943 0.0292643 0.0301632 0.00220089 0 0 0 0 0 0 0 0 0 0 0 0 0 0 0 0 0 0 0 0 0 
0 0 0 0 0 0 0 0 0 0 0 0 0 0 0 0 0 0 0 0 0 0 0 0 0 0 0 0 0 0 0 0 0 0 0.497686 0.492246 0 0 0 0 0 0 0 0 0 0 0 0 0 0 0 0 0 0 0 0 0 0 0 0 0.41694 0.408431 0 0 0 0 0 0 0 0.152362 0 0 0 0.132469 0.117679 0.0898013 0.0864969 0.113968 0.133966 0.13727 0.120203 0.0976726 0.0958605 0 0.0546691 0.0485055 0 0.027081 0.0316527 0.03069 -0.00320311 0 0 0 0 0 0 0 0 0 0 0 0 0 0 0 0 0 0 0 0 0 
0 0 0 0 0 0 0 0 0 0 0 0 0 0 0 0 0 0 0 0 0 0 0 0 0 0 0 0 0 0 0 0 0 0 0 0.487263 0.481311 0.476029 0 0 0 0 0 0 0 0 0 0 0 0 0 0 0 0 0 0 0 0 0 0 0 0.401587 0.399031 0 0 0 0 0 0 0.159785 0.161659 0 0 0 0 0 0 0 0 0 0 0 0 0 0 0.0410015 0.0543988 0.0334568 0.0341642 0 0.00342809 0 0 0 0 0 0 0 0 0 0 0 0 0 0 0 0 0 0 0 0 0 
0 0 0 0 0 0 0 0 0 0 0 0 0 0 0 0 0 0 0 0 0 0 0 0 0 0 0 0 0 0 0 0 0 0 0 0 0 0.47148 0.465616 0 0 0 0 0 0 0 0 0 0 0 0 0 0 0 0 0 0 0 0 0 0 0 0 0 0 0 0 0 0 0 0.168762 0 0 0 0 0 0 0 0 0 0 0 0 0 0 0.0421206 0.0614149 0.0152399 0.0366435 0 -0.000900815 0 0 0 0 0 0 0 0 0 0 0 0 0 0 0 0 0 0 0 0 0 
0 0 0 0 0 0 0 0 0 0 0 0 0 0 0 0 0 0 0 0 0 0 0 0 0 0 0 0 0 0 0 0 0 0 0 0 0 0 0.461161 0.455255 0 0 0 0 0 0 0 0 0 0 0 0 0 0 0 0 0 0 0 0 0 0 0 0 0 0 0 0 0 0 0.171231 0.171579 0.17129 0 0 0 0 0 0 0 0 0 0 0 0 0.0446022 0.0191875 0.0178596 0.0393251 0 0.000788664 0 0 0 0 0 0 0 0 0 0 0 0 0 0 0 0 0 0 0 0 0 
0 0 0 0 0 0 0 0 0 0 0 0 0 0 0 0 0 0 0 0 0 0 0 0 0 0 0 0 0 0 0 0 0 0 0 0 0 0 0 0.450462 0.443796 0 0 0 0 0 0 0 0 0 0 0 0 0 0 0 0 0 0 0 0 0 0 0 0 0 0 0 0 0 0 0 0.159625 0.129743 0 0 0.12493 0.133645 0.130009 0.118891 0 0 0 0 0 0.0482987 0.0284751 0 0.0411409 0.0423037 0.00547528 0 0 0 0 0 0 0 0 0 0 0 0 0 0 0 0 0 0 0 0 0 
0 0 0 0 0 0 0 0 0 0 0 0 0 0 0 0 0 0 0 0 0 0 0 0 0 0 0 0 0 0 0 0 0 0 0 0 0 0 0 0 0.438908 0.433531 0.42625 0 0 0 0 0 0 0 0 0 0 0 0 0 0 0 0 0 0 0 0 0 0 0 0 0 0 0 0 0 0 0.111621 0.0955592 0.0928075 0.112706 0 0 0.106365 0.0940939 0.0993895 0 0 0 0 0.0394473 0 0 0.044157 1.36694e-005 0 0 0 0 0 0 0 0 0 0 0 0 0 0 0 0 0 0 0 0 0 
0 0 0 0 0 0 0 0 0 0 0 0 0 0 0 0 0 0 0 0 0 0 0 0 0 0 0 0 0 0 0 0 0 0 0 0 0 0 0 0 0 0 0.420883 0.412448 0 0 0 0 0 0 0 0 0 0 0 0 0 0 0 0 0 0 0 0 0 0 0 0 0 0 0 0 0 0 0 0 0 0 0 0 0 0 0 0 0 0 0 0 0 0.0464837 0.00265213 0 0 0 0 0 0 0 0 0 0 0 0 0 0 0 0 0 0 0 0 0 
0 0 0 0 0 0 0 0 0 0 0 0 0 0 0 0 0 0 0 0 0 0 0 0 0 0 0 0 0 0 0 0 0 0 0 0 0 0 0 0 0 0 0 0.406224 0.396773 0.384868 0 0 0 0 0 0 0 0 0 0 0 0 0 0 0 0 0 0 0 0 0 0 0 0 0 0 0 0 0 0 0 0 0 0 0 0 0 0 0 0 0 0 0 0.058918 -0.00203439 0 0 0 0 0 0 0 0 0 0 0 0 0 0 0 0 0 0 0 0 0 
0 0 0 0 0 0 0 0 0 0 0 0 0 0 0 0 0 0 0 0 0 0 0 0 0 0 0 0 0 0 0 0 0 0 0 0 0 0 0 0 0 0 0 0 0 0.373942 0.355689 0 0 0 0 0 0 0 0 0 0 0 0 0 0 0 0 0 0 0 0 0 0 0 0 0 0 0 0 0 0 0 0 0 0 0 0 0 0 0 0 0 0 0.0810308 0.00173425 0 0 0 0 0 0 0 0 0 0 0 0 0 0 0 0 0 0 0 0 0 
0 0 0 0 0 0 0 0 0 0 0 0 0 0 0 0 0 0 0 0 0 0 0 0 0 0 0 0 0 0 0 0 0 0 0 0 0 0 0 0 0 0 0 0 0 0 0.342359 0.327137 0.314 0 0 0 0 0 0 0 0 0 0 0 0 0 0 0 0 0 0 0 0 0 0 0 0 0 0 0 0 0 0 0 0 0 0 0 0 0 0 0 0 0.103807 0.0188047 0 0 0 0 0 0 0 0 0 0 0 0 0 0 0 0 0 0 0 0 0 
0 0 0 0 0 0 0 0 0 0 0 0 0 0 0 0 0 0 0 0 0 0 0 0 0 0 0 0 0 0 0 0 0 0 0 0 0 0 0 0 0 0 0 0 0 0 0 0 0.302613 0.288384 0 0 0 0 0 0 0 0 0 0 0 0 0 0 0 0 0 0 0 0 0 0 0 0 0 0 0 0 0 0 0 0 0 0 0 0 0 0 0 0 0.0167873 0 0 0 0 0 0 0 0 0 0 0 0 0 0 0 0 0 0 0 0 0 
0 0 0 0 0 0 0 0 0 0 0 0 0 0 0 0 0 0 0 0 0 0 0 0 0 0 0 0 0 0 0 0 0 0 0 0 0 0 0 0 0 0 0 0 0 0 0 0 0 0.277887 0.2635 0 0 0 0 0 0 0 0 0 0 0 0 0 0 0 0 0 0 0 0 0 0 0 0 0 0 0 0 0 0 0 0 0 0 0 0 0 0 0 0.00318074 0 0 0 0 0 0 0 0 0 0 0 0 0 0 0 0 0 0 0 0 0 
0 0 0 0 0 0 0 0 0 0 0 0 0 0 0 0 0 0 0 0 0 0 0 0 0 0 0 0 0 0 0 0 0 0 0 0 0 0 0 0 0 0 0 0 0 0 0 0 0 0 0.252838 0.240378 0.228494 0 0 0 0 0 0 0 0 0 0 0 0 0 0 0 0 0 0 0 0 0 0 0 0 0 0 0 0 0 0 0 0 0 0 0 0 0 0.000142889 0 0 0 0 0 0 0 0 0 0 0 0 0 0 0 0 0 0 0 0 0 
0 0 0 0 0 0 0 0 0 0 0 0 0 0 0 0 0 0 0 0 0 0 0 0 0 0 0 0 0 0 0 0 0 0 0 0 0 0 0 0 0 0 0 0 0 0 0 0 0 0 0 0 0.217624 0.199017 0 0 0 0 0 0 0 0 0 0 0 0 0 0 0 0 0 0 0 0 0 0 0 0 0 0 0 0 0 0 0 0 0 0 0 0 0 0 0 0 0 0 0 0 0 0 0 0 0 0 0 0 0 0 0 0 0 0 
0 0 0 0 0 0 0 0 0 0 0 0 0 0 0 0 0 0 0 0 0 0 0 0 0 0 0 0 0 0 0 0 0 0 0 0 0 0 0 0 0 0 0 0 0 0 0 0 0 0 0 0 0 0.187808 0.173946 0.149896 0.13467 0 0 0 0 0 0 0 0 0 0 0 0 0 0 0 0 0 0 0 0 0 0 0 0 0 0 0 0 0 0 0 0 0 0 0 0 0 0 0 0 0 0 0 0 0 0 0 0 0 0 0 0 0 0 0 
0 0 0 0 0 0 0 0 0 0 0 0 0 0 0 0 0 0 0 0 0 0 0 0 0 0 0 0 0 0 0 0 0 0 0 0 0 0 0 0 0 0 0 0 0 0 0 0 0 0 0 0 0 0 0 0 0.122166 0.099405 0.0889634 0.0997093 0 0 0 0 0 0 0 0 0 0 0 0 0 0 0 0 0 0 0 0 0 0 0 0 0 0 0 0 0 0 0 0 0 0 0 0 0 0 0 0 0 0 0 0 0 0 0 0 0 0 0 0 
0 0 0 0 0 0 0 0 0 0 0 0 0 0 0 0 0 0 0 0 0 0 0 0 0 0 0 0 0 0 0 0 0 0 0 0 0 0 0 0 0 0 0 0 0 0 0 0 0 0 0 0 0 0 0 0 0 0 0 0 0 0 0 0 0 0 0 0 0 0 0 0 0 0 0 0 0 0 0 0 0 0 0 0 0 0 0 0 0 0 0 0 0 0 0 0 0 0 0 0 0 0 0 0 0 0 0 0 0 0 0 0 
0 0 0 0 0 0 0 0 0 0 0 0 0 0 0 0 0 0 0 0 0 0 0 0 0 0 0 0 0 0 0 0 0 0 0 0 0 0 0 0 0 0 0 0 0 0 0 0 0 0 0 0 0 0 0 0 0 0 0 0 0 0 0 0 0 0 0 0 0 0 0 0 0 0 0 0 0 0 0 0 0 0 0 0 0 0 0 0 0 0 0 0 0 0 0 0 0 0 0 0 0 0 0 0 0 0 0 0 0 0 0 0 
0 0 0 0 0 0 0 0 0 0 0 0 0 0 0 0 0 0 0 0 0 0 0 0 0 0 0 0 0 0 0 0 0 0 0 0 0 0 0 0 0 0 0 0 0 0 0 0 0 0 0 0 0 0 0 0 0 0 0 0 0 0 0 0 0 0 0 0 0 0 0 0 0 0 0 0 0 0 0 0 0 0 0 0 0 0 0 0 0 0 0 0 0 0 0 0 0 0 0 0 0 0 0 0 0 0 0 0 0 0 0 0 
0 0 0 0 0 0 0 0 0 0 0 0 0 0 0 0 0 0 0 0 0 0 0 0 0 0 0 0 0 0 0 0 0 0 0 0 0 0 0 0 0 0 0 0 0 0 0 0 0 0 0 0 0 0 0 0 0 0 0 0 0 0 0 0 0 0 0 0 0 0 0 0 0 0 0 0 0 0 0 0 0 0 0 0 0 0 0 0 0 0 0 0 0 0 0 0 0 0 0 0 0 0 0 0 0 0 0 0 0 0 0 0 
0 0 0 0 0 0 0 0 0 0 0 0 0 0 0 0 0 0 0 0 0 0 0 0 0 0 0 0 0 0 0 0 0 0 0 0 0 0 0 0 0 0 0 0 0 0 0 0 0 0 0 0 0 0 0 0 0 0 0 0 0 0 0 0 0 0 0 0 0 0 0 0 0 0 0 0 0 0 0 0 0 0 0 0 0 0 0 0 0 0 0 0 0 0 0 0 0 0 0 0 0 0 0 0 0 0 0 0 0 0 0 0 
0 0 0 0 0 0 0 0 0 0 0 0 0 0 0 0 0 0 0 0 0 0 0 0 0 0 0 0 0 0 0 0 0 0 0 0 0 0 0 0 0 0 0 0 0 0 0 0 0 0 0 0 0 0 0 0 0 0 0 0 0 0 0 0 0 0 0 0 0 0 0 0 0 0 0 0 0 0 0 0 0 0 0 0 0 0 0 0 0 0 0 0 0 0 0 0 0 0 0 0 0 0 0 0 0 0 0 0 0 0 0 0 
0 0 0 0 0 0 0 0 0 0 0 0 0 0 0 0 0 0 0 0 0 0 0 0 0 0 0 0 0 0 0 0 0 0 0 0 0 0 0 0 0 0 0 0 0 0 0 0 0 0 0 0 0 0 0 0 0 0 0 0 0 0 0 0 0 0 0 0 0 0 0 0 0 0 0 0 0 0 0 0 0 0 0 0 0 0 0 0 0 0 0 0 0 0 0 0 0 0 0 0 0 0 0 0 0 0 0 0 0 0 0 0 
0 0 0 0 0 0 0 0 0 0 0 0 0 0 0 0 0 0 0 0 0 0 0 0 0 0 0 0 0 0 0 0 0 0 0 0 0 0 0 0 0 0 0 0 0 0 0 0 0 0 0 0 0 0 0 0 0 0 0 0 0 0 0 0 0 0 0 0 0 0 0 0 0 0 0 0 0 0 0 0 0 0 0 0 0 0 0 0 0 0 0 0 0 0 0 0 0 0 0 0 0 0 0 0 0 0 0 0 0 0 0 0 
0 0 0 0 0 0 0 0 0 0 0 0 0 0 0 0 0 0 0 0 0 0 0 0 0 0 0 0 0 0 0 0 0 0 0 0 0 0 0 0 0 0 0 0 0 0 0 0 0 0 0 0 0 0 0 0 0 0 0 0 0 0 0 0 0 0 0 0 0 0 0 0 0 0 0 0 0 0 0 0 0 0 0 0 0 0 0 0 0 0 0 0 0 0 0 0 0 0 0 0 0 0 0 0 0 0 0 0 0 0 0 0 
0 0 0 0 0 0 0 0 0 0 0 0 0 0 0 0 0 0 0 0 0 0 0 0 0 0 0 0 0 0 0 0 0 0 0 0 0 0 0 0 0 0 0 0 0 0 0 0 0 0 0 0 0 0 0 0 0 0 0 0 0 0 0 0 0 0 0 0 0 0 0 0 0 0 0 0 0 0 0 0 0 0 0 0 0 0 0 0 0 0 0 0 0 0 0 0 0 0 0 0 0 0 0 0 0 0 0 0 0 0 0 0 
0 0 0 0 0 0 0 0 0 0 0 0 0 0 0 0 0 0 0 0 0 0 0 0 0 0 0 0 0 0 0 0 0 0 0 0 0 0 0 0 0 0 0 0 0 0 0 0 0 0 0 0 0 0 0 0 0 0 0 0 0 0 0 0 0 0 0 0 0 0 0 0 0 0 0 0 0 0 0 0 0 0 0 0 0 0 0 0 0 0 0 0 0 0 0 0 0 0 0 0 0 0 0 0 0 0 0 0 0 0 0 0 
0 0 0 0 0 0 0 0 0 0 0 0 0 0 0 0 0 0 0 0 0 0 0 0 0 0 0 0 0 0 0 0 0 0 0 0 0 0 0 0 0 0 0 0 0 0 0 0 0 0 0 0 0 0 0 0 0 0 0 0 0 0 0 0 0 0 0 0 0 0 0 0 0 0 0 0 0 0 0 0 0 0 0 0 0 0 0 0 0 0 0 0 0 0 0 0 0 0 0 0 0 0 0 0 0 0 0 0 0 0 0 0 
0 0 0 0 0 0 0 0 0 0 0 0 0 0 0 0 0 0 0 0 0 0 0 0 0 0 0 0 0 0 0 0 0 0 0 0 0 0 0 0 0 0 0 0 0 0 0 0 0 0 0 0 0 0 0 0 0 0 0 0 0 0 0 0 0 0 0 0 0 0 0 0 0 0 0 0 0 0 0 0 0 0 0 0 0 0 0 0 0 0 0 0 0 0 0 0 0 0 0 0 0 0 0 0 0 0 0 0 0 0 0 0 
0 0 0 0 0 0 0 0 0 0 0 0 0 0 0 0 0 0 0 0 0 0 0 0 0 0 0 0 0 0 0 0 0 0 0 0 0 0 0 0 0 0 0 0 0 0 0 0 0 0 0 0 0 0 0 0 0 0 0 0 0 0 0 0 0 0 0 0 0 0 0 0 0 0 0 0 0 0 0 0 0 0 0 0 0 0 0 0 0 0 0 0 0 0 0 0 0 0 0 0 0 0 0 0 0 0 0 0 0 0 0 0 
0 0 0 0 0 0 0 0 0 0 0 0 0 0 0 0 0 0 0 0 0 0 0 0 0 0 0 0 0 0 0 0 0 0 0 0 0 0 0 0 0 0 0 0 0 0 0 0 0 0 0 0 0 0 0 0 0 0 0 0 0 0 0 0 0 0 0 0 0 0 0 0 0 0 0 0 0 0 0 0 0 0 0 0 0 0 0 0 0 0 0 0 0 0 0 0 0 0 0 0 0 0 0 0 0 0 0 0 0 0 0 0 
0 0 0 0 0 0 0 0 0 0 0 0 0 0 0 0 0 0 0 0 0 0 0 0 0 0 0 0 0 0 0 0 0 0 0 0 0 0 0 0 0 0 0 0 0 0 0 0 0 0 0 0 0 0 0 0 0 0 0 0 0 0 0 0 0 0 0 0 0 0 0 0 0 0 0 0 0 0 0 0 0 0 0 0 0 0 0 0 0 0 0 0 0 0 0 0 0 0 0 0 0 0 0 0 0 0 0 0 0 0 0 0 
0 0 0 0 0 0 0 0 0 0 0 0 0 0 0 0 0 0 0 0 0 0 0 0 0 0 0 0 0 0 0 0 0 0 0 0 0 0 0 0 0 0 0 0 0 0 0 0 0 0 0 0 0 0 0 0 0 0 0 0 0 0 0 0 0 0 0 0 0 0 0 0 0 0 0 0 0 0 0 0 0 0 0 0 0 0 0 0 0 0 0 0 0 0 0 0 0 0 0 0 0 0 0 0 0 0 0 0 0 0 0 0 
0 0 0 0 0 0 0 0 0 0 0 0 0 0 0 0 0 0 0 0 0 0 0 0 0 0 0 0 0 0 0 0 0 0 0 0 0 0 0 0 0 0 0 0 0 0 0 0 0 0 0 0 0 0 0 0 0 0 0 0 0 0 0 0 0 0 0 0 0 0 0 0 0 0 0 0 0 0 0 0 0 0 0 0 0 0 0 0 0 0 0 0 0 0 0 0 0 0 0 0 0 0 0 0 0 0 0 0 0 0 0 0 
0 0 0 0 0 0 0 0 0 0 0 0 0 0 0 0 0 0 0 0 0 0 0 0 0 0 0 0 0 0 0 0 0 0 0 0 0 0 0 0 0 0 0 0 0 0 0 0 0 0 0 0 0 0 0 0 0 0 0 0 0 0 0 0 0 0 0 0 0 0 0 0 0 0 0 0 0 0 0 0 0 0 0 0 0 0 0 0 0 0 0 0 0 0 0 0 0 0 0 0 0 0 0 0 0 0 0 0 0 0 0 0 
0 0 0 0 0 0 0 0 0 0 0 0 0 0 0 0 0 0 0 0 0 0 0 0 0 0 0 0 0 0 0 0 0 0 0 0 0 0 0 0 0 0 0 0 0 0 0 0 0 0 0 0 0 0 0 0 0 0 0 0 0 0 0 0 0 0 0 0 0 0 0 0 0 0 0 0 0 0 0 0 0 0 0 0 0 0 0 0 0 0 0 0 0 0 0 0 0 0 0 0 0 0 0 0 0 0 0 0 0 0 0 0 
0 0 0 0 0 0 0 0 0 0 0 0 0 0 0 0 0 0 0 0 0 0 0 0 0 0 0 0 0 0 0 0 0 0 0 0 0 0 0 0 0 0 0 0 0 0 0 0 0 0 0 0 0 0 0 0 0 0 0 0 0 0 0 0 0 0 0 0 0 0 0 0 0 0 0 0 0 0 0 0 0 0 0 0 0 0 0 0 0 0 0 0 0 0 0 0 0 0 0 0 0 0 0 0 0 0 0 0 0 0 0 0 
0 0 0 0 0 0 0 0 0 0 0 0 0 0 0 0 0 0 0 0 0 0 0 0 0 0 0 0 0 0 0 0 0 0 0 0 0 0 0 0 0 0 0 0 0 0 0 0 0 0 0 0 0 0 0 0 0 0 0 0 0 0 0 0 0 0 0 0 0 0 0 0 0 0 0 0 0 0 0 0 0 0 0 0 0 0 0 0 0 0 0 0 0 0 0 0 0 0 0 0 0 0 0 0 0 0 0 0 0 0 0 0 
0 0 0 0 0 0 0 0 0 0 0 0 0 0 0 0 0 0 0 0 0 0 0 0 0 0 0 0 0 0 0 0 0 0 0 0 0 0 0 0 0 0 0 0 0 0 0 0 0 0 0 0 0 0 0 0 0 0 0 0 0 0 0 0 0 0 0 0 0 0 0 0 0 0 0 0 0 0 0 0 0 0 0 0 0 0 0 0 0 0 0 0 0 0 0 0 0 0 0 0 0 0 0 0 0 0 0 0 0 0 0 0 
0 0 0 0 0 0 0 0 0 0 0 0 0 0 0 0 0 0 0 0 0 0 0 0 0 0 0 0 0 0 0 0 0 0 0 0 0 0 0 0 0 0 0 0 0 0 0 0 0 0 0 0 0 0 0 0 0 0 0 0 0 0 0 0 0 0 0 0 0 0 0 0 0 0 0 0 0 0 0 0 0 0 0 0 0 0 0 0 0 0 0 0 0 0 0 0 0 0 0 0 0 0 0 0 0 0 0 0 0 0 0 0 
