0 0 0 0 0 0 0 0 0 0 0 0 0 0 0 0 0 0 0 0 0 0 0 0 0 0 0 0 0 0 0 0 0 0 0 0 0 0 0 0 0 0 0 0 0 0 0 0 0 0 0 0 0 0 0 0 0 0 0 0 0 0 0 0 0 0 0 0 0 0 0 0 0 0 0 0 0 0 0 0 0 0 0 0 0 0 0 0 0 0 0 0 0 0 0 0 0 0 0 0 0 0 0 0 0 0 0 0 0 0 0 0 
0 0 0 0 0 0 0 0 0 0 0 0 0 0 0 0 0 0 0 0 0 0 0 0 0 0 0 0 0 0 0 0 0 0 0 0 0 0 0 0 0 0 0 0 0 0 0 0 0 0 0 0 0 0 0 0 0 0 0 0 0 0 0 0 0 0 0 0 0 0 0 0 0 0 0 0 0 0 0 0 0 0 0 0 0 0 0 0 0 0 0 0 0 0 0 0 0 0 0 0 0 0 0 0 0 0 0 0 0 0 0 0 
0 0 0 0 0 0 0 0 0 0 0 0 0 0 0 0 0 0 0 0 0 0 0 0 0 0 0 0 0 0 0 0 0 0 0 0 0 0 0 0 0 0 0 0 0 0 0 0 0 0 0 0 0 0 0 0 0 0 0 0 0 0 0 0 0 0 0 0 0 0 0 0 0 0 0 0 0 0 0 0 0 0 0 0 0 0 0 0 0 0 0 0 0 0 0 0 0 0 0 0 0 0 0 0 0 0 0 0 0 0 0 0 
0 0 0 0 0 0 0 0 0 0 0 0 0 0 0 0 0 0 0 0 0 0 0 0 0 0 0 0 0 0 0 0 0 0 0 0 0 0 0 0 0 0 0 0 0 0 0 0 0 0 0 0 0 0 0 0 0 0 0 0 0 0 0 0 0 0 0 0 0 0 0 0 0 0 0 0 0 0 0 0 0 0 0 0 0 0 0 0 0 0 0 0 0 0 0 0 0 0 0 0 0 0 0 0 0 0 0 0 0 0 0 0 
0 0 0 0 0 0 0 0 0 0 0 0 0 0 0 0 0 0 0 0 0 0 0 0 0 0 0 0 0 0 0 0 0 0 0 0 0 0 0 0 0 0 0 0 0 0 0 0 0 0 0 0 0 0 0 0 0 0 0 0 0 0 0 0 0 0 0 0 0 0 0 0 0 0 0 0 0 0 0 0 0 0 0 0 0 0 0 0 0 0 0 0 0 0 0 0 0 0 0 0 0 0 0 0 0 0 0 0 0 0 0 0 
0 0 0 0 0 0 0 0 0 0 0 0 0 0 0 0 0 0 0 0 0 0 0 0 0 0 0 0 0 0 0 0 0 0 0 0 0 0 0 0 0 0 0 0 0 0 0 0 0 0 0 0 0 0 0 0 0 0 0 0 0 0 0 0 0 0 0 0 0 0 0 0 0 0 0 0 0 0 0 0 0 0 0 0 0 0 0 0 0 0 0 0 0 0 0 0 0 0 0 0 0 0 0 0 0 0 0 0 0 0 0 0 
0 0 0 0 0 0 0 0 0 0 0 0 0 0 0 0 0 0 0 0 0 0 0 0 0 0 0 0 0 0 0 0 0 0 0 0 0 0 0 0 0 0 0 0 0 0 0 0 0 0 0 0 0 0 0 0 0 0 0 0 0 0 0 0 0 0 0 0 0 0 0 0 0 0 0 0 0 0 0 0 0 0 0 0 0 0 0 0 0 0 0 0 0 0 0 0 0 0 0 0 0 0 0 0 0 0 0 0 0 0 0 0 
0 0 0 0 0 0 0 0 0 0 0 0 0 0 0 0 0 0 0 0 0 0 0 0 0 0 0 0 0 0 0 0 0 0 0 0 0 0 0 0 0 0 0 0 0 0 0 0 0 0 0 0 0 0 0 0 0 0 0 0 0 0 0 0 0 0 0 0 0 0 0 0 0 0 0 0 0 0 0 0 0 0 0 0 0 0 0 0 0 0 0 0 0 0 0 0 0 0 0 0 0 0 0 0 0 0 0 0 0 0 0 0 
0 0 0 0 0 0 0 0 0 0 0 0 0 0 0 0 0 0 0 0 0 0 0 0 0 0 0 0 0 0 0 0 0 0 0 0 0 0 0 0 0 0 0 0 0 0 0 0 0 0 0 0 0 0 0 0 0 0 0 0 0 0 0 0 0 0 0 0 0 0 0 0 0 0 0 0 0 0 0 0 0 0 0 0 0 0 0 0 0 0 0 0 0 0 0 0 0 0 0 0 0 0 0 0 0 0 0 0 0 0 0 0 
0 0 0 0 0 0 0 0 0 0 0 0 0 0 0 0 0 0 0 0 0 0 0 0 0 0 0 0 0 0 0 0 0 0 0 0 0 0 0 0 0 0 0 0 0 0 0 0 0 0 0 0 0 0 0 0 0 0 0 0 0 0 0 0 0 0 0 0 0 0 0 0 0 0 0 0 0 0 0 0 0 0 0 0 0 0 0 0 0 0 0 0 0 0 0 0 0 0 0 0 0 0 0 0 0 0 0 0 0 0 0 0 
0 0 0 0 0 0 0 0 0 0 0 0 0 0 0 0 0 0 0 0 0 0 0 0 0 0 0 0 0 0 0 0 0 0 0 0 0 0 0 0 0 0 0 0 0 0 0 0 0 0 0 0 0 0 0 0 0 0 0 0 0 0 0 0 0 0 0 0 0 0 0 0 0 0 0 0 0 0 0 0 0 0 0 0 0 0 0 0 0 0 0 0 0 0 0 0 0 0 0 0 0 0 0 0 0 0 0 0 0 0 0 0 
0 0 0 0 0 0 0 0 0 0 0 0 0 0 0 0 0 0 0 0 0 0 0 0 0 0 0 0 0 0 0 0 0 0 0 0 0 0 0 0 0 0 0 0 0 0 0 0 0 0 0 0 0 0 0 0 0 0 0 0 0 0 0 0 0 0 0 0 0 0 0 0 0 0 0 0 0 0 0 0 0 0 0 0 0 0 0 0 0 0 0 0 0 0 0 0 0 0 0 0 0 0 0 0 0 0 0 0 0 0 0 0 
0 0 0 0 0 0 0 0 0 0 0 0 0 0 0 0 0 0 0 0 0 0 0 0 0 0 0 0 0 0 0 0 0 0 0 0 0 0 0 0 0 0 0 0 0 0 0 0 0 0 0 0 0 0 0 0 0 0 0 0 0 0 0 0 0 0 0 0 0 0 0 0 0 0 0 0 0 0 0 0 0 0 0 0 0 0 0 0 0 0 0 0 0 0 0 0 0 0 0 0 0 0 0 0 0 0 0 0 0 0 0 0 
0 0 0 0 0 0 0 0 0 0 0 0 0 0 0 0 0 0 0 0 0 0 0 0 0 0 0 0 0 0 0 0 0 0 0 0 0 0 0 0 0 0 0 0 0 0 0 0 0 0 0 0 0 0 0 0 0 0 0 0 0 0 0 0 0 0 0 0 0 0 0 0 0 0 0 0 0 0 0 0 0 0 0 0 0 0 0 0 0 0 0 0 0 0 0 0 0 0 0 0 0 0 0 0 0 0 0 0 0 0 0 0 
0 0 0 0 0 0 0 0 0 0 0 0 0 0 0 0 0 0 0 0 0 0 0 0 0 0 0 0 0 0 0 0 0 0 0 0 0 0 0 0 0 0 0 0 0 0 0 0 0 0 0 0 0 0 0 0 0 0 0 0 0 0 0 0 0 0 0 0 0 0 0 0 0 0 0 0 0 0 0 0 0 0 0 0 0 0 0 0 0 0 0 0 0 0 0 0 0 0 0 0 0 0 0 0 0 0 0 0 0 0 0 0 
0 0 0 0 0 0 0 0 0 0 0 0 0 0 0 0 0 0 0 0 0 0 0 0 0 0 0 0 0 0 0 0 0 0 0 0 0 0 0 0 0 0 0 0 0 0 0 0 0 0 0 0 0 0 0 0 0 0 0 0 0 0 0 0 0 0 0 0 0 0 0 0 0 0 0 0 0 0 0 0 0 0 0 0 0 0 0 0 0 0 0 0 0 0 0 0 0 0 0 0 0 0 0 0 0 0 0 0 0 0 0 0 
0 0 0 0 0 0 0 0 0 0 0 0 0 0 0 0 0 0 0 0 0 0 0 0 0 0 0 0 0 0 0 0 0 0 0 0 0 0 0 0 0 0 0 0 0 0 0 0 0 0 0 0 0 0 0 0 0 0 0 0 0 0 0 0 0 0 0 0 0 0 0 0 0 0 0 0 0 0 0 0 0 0 0 0 0 0 0 0 0 0 0 0 0 0 0 0 0 0 0 0 0 0 0 0 0 0 0 0 0 0 0 0 
0 0 0 0 0 0 0 0 0 0 0 0 0 0 0 0 0 0 0 0 0 0 0 0 0 0 0 0 0 0 0 0 0 0 0 0 0 0 0 0 0 0 0 0 0 0 0 0 0 0 0 0 0 0 0 0 0 0 0 0 0 0 0 0 0 0 0 0 0 0 0 0 0 0 0 0 0 0 0 0 0 0 0 0 0 0 0 0 0 0 0 0 0 0 0 0 0 0 0 0 0 0 0 0 0 0 0 0 0 0 0 0 
0 0 0 0 0 0 0 0 0 0 0 0 0 0 0 0 0 0 0 0 0 0 0 0 0 0 0 0 0 0 0 0 0 0 0 0 0 0 0 0 0 0 0 0 0 0 0 0 0 0 0 0 0 0 0 0 0 0 0 0 0 0 0 0 0 0 0 0 0 0 0 0 0 0 0 0 0 0 0 0 0 0 0 0 0 0 0 0 0 0 0 0 0 0 0 0 0 0 0 0 0 0 0 0 0 0 0 0 0 0 0 0 
0 0 0 0 0 0 0 0 0 0 0 0 0 0 0 0 0 0 0 0 0 0 0 0 0 0 0 0 0 0 0 0 0 0 0 0 0 0 0 0 0 0 0 0 0 0 0 0 0 0 0 0 0 0 0 0 0 0 0 0 0 0 0 0 0 0 0 0 0 0 0 0 0 0 0 0 0 0 0 0 0 0 0 0 0 0 0 0 0 0 0 0 0 0 0 0 0 0 0 0 0 0 0 0 0 0 0 0 0 0 0 0 
0 0 0 0 0 0 0 0 0 0 0 0 0 0 0 0 0 0 0 0 0 0 0 0 0 0 0 0 0 0 0 0 0 0 0 0 0 0 0 0 0 0 0 0 0 0 0 0 0 0 0 0 0 0 0 0 0 0 0 0 0 0 0 0 0 0 0 0 0 0 0 0 0 0 0 0 0 0 0 0 0 0 0 0 0 0 0 0 0 0 0 0 0 0 0 0 0 0 0 0 0 0 0 0 0 0 0 0 0 0 0 0 
0 0 0 0 0 0 0 0 0 0 0 0 0 0 0 0 0 0 0 0 0 0 0 0 0 0 0 0 0 0 0 0 0 0 0 0 0 0 0 0 0 0 0 0 0 0 0 0 0 0 0 0 0 0 0 0 0 0 0 0 0 0 0 0 0 0 0 0 0 0 0 0 0 0 0 0 0 0 0 0 0 0 0 0 0 0 0 0 0 0 0 0 0 0 0 0 0 0 0 0 0 0 0 0 0 0 0 0 0 0 0 0 
0 0 0 0 0 0 0 0 0 0 0 0 0 0 0 0 0 0 0 0 -0.00480756 0 -0.00182965 -0.00789164 -0.0117089 -0.00760743 -0.00922188 -0.0108011 0 -0.0102085 0.214578 -0.0688975 0 -0.00604789 -0.0149339 0.0253464 -0.0502524 -0.0119988 0 0 0 -0.00332397 0 -0.0147249 0.485522 -0.011004 0.0394795 -0.242157 0.0489661 -0.134762 0.0237481 -0.0558382 -0.0188879 -0.0319671 0.0586495 -0.0118792 -0.0051415 0 -0.00911648 0.232 -0.0198673 -0.00697351 -0.0119166 -0.317386 0.0218807 0 -0.0587942 0.0297445 -0.0195657 -0.0529927 0.0246934 0.0044313 -0.0461829 -0.00578494 0 -0.00594172 0.0209235 -0.116011 -0.00478385 0.210636 -0.00750684 0.108913 -0.0889811 0.0579258 0 -0.00538178 -0.201099 0.00664932 -0.127638 0.00907666 -0.00834485 0 0 0 0 0 0 0 0 0 0 0 0 0 0 0 0 0 0 0 0 0 
0 0 0 0 0 0 0 0 0 0 0 0 0 0 0 0 0 0 0 0 0.0281727 -0.0554125 -0.0630851 0.0624815 0.0033988 0.0355976 -0.0127831 0.0236292 -0.00537876 0.0228824 0.221973 -0.171408 0.059024 -0.0906013 -0.0161228 0.418582 -0.0445526 -0.0413128 0.494175 -0.0113164 -0.00205383 -0.0277477 -0.06449 -0.019304 0.0993498 0.00139663 0.0709222 -0.151897 0.0293611 -0.0318568 0.00754546 -0.0575232 0.0383331 -0.0509531 0.024825 -0.104797 -0.076555 0.243176 -0.0864453 0.147051 0.0174149 -0.079548 -0.0490966 0.0231664 0.0418285 0.0678645 -0.121523 0.241309 -0.0265918 0.0617587 0.0358429 -0.0104562 0.0179286 -0.0162498 0.0668649 -0.0389415 -0.0277703 -0.0387256 -0.0495545 0.291382 -0.0575399 0.12649 -0.15171 0.0182975 0 -0.00377358 -0.201129 0.00241261 -0.120586 0.0442778 -0.000330615 0 0 0 0 0 0 0 0 0 0 0 0 0 0 0 0 0 0 0 0 0 
0 0 0 0 0 0 0 0 0 0 0 0 0 0 0 0 0 0 0 0 0.149466 -0.0395051 0.0615012 0.000517687 0.0177436 0.0493509 0.0163534 0.10896 -0.0731094 0.0986811 0.0504014 0.0581595 -1.73044e-005 -0.0121814 0.0217084 0.106412 -0.0322247 0.0762312 0.00995562 0.0152289 -0.0639258 0.0382502 0.0666325 0.0345423 -0.00680228 0.00667105 0.0769953 -0.0487312 0.0443528 -0.0184283 -0.00414701 -0.010659 -0.000504243 0.00538278 -0.0722936 -0.0285352 0.0432708 0.0190394 0.0192338 0.127469 -0.0158143 -0.00934357 0.0639479 0.0220065 0.0274934 -0.0381502 0.0163331 0.0843592 -0.00600543 0.0526997 0.0404596 0.00126012 0.0588708 0.0450812 0.0146227 -0.00503026 0.0174271 0.000805143 -0.0430949 0.039034 0.0556344 0.0127741 0.015188 0.0573083 -0.0442701 0.0446097 -0.0538435 0.0681446 -0.130821 0.0666577 -0.00144853 0.444324 0 0 0 0 0 0 0 0 0 0 0 0 0 0 0 0 0 0 0 0 
0 0 0 0 0 0 0 0 0 0 0 0 0 0 0 0 0 0 0 0 0.0723095 -0.00316805 0.091505 0.0580062 0.00935878 0.111981 -0.0237492 0.142808 -0.033139 0.0874242 0.00518939 0.0677919 0.0130081 0.0312094 0.0187481 0.0242171 0.0738456 -0.0257998 -0.00846089 0.0218941 -0.00986675 0.0727072 0.0474482 0.00732944 0.0302077 0.00321258 0.0753512 -0.0348518 0.0640444 -0.0102866 0.0129896 -0.00844626 0.063649 -0.0265695 0.00894281 -0.0241711 0.0512551 -0.0364644 0.0617442 -0.0138338 0.00690557 0.0483169 0.00893356 0.042948 0.021438 -0.0234149 0.0842249 -0.0465875 0.0869894 0.0109551 0.052039 -0.00956681 0.0778747 -0.0204927 0.0380448 0.0279986 0.02268 0.00985857 0.0892563 0.0233242 0.0244623 0.00314462 0.0194401 -0.00245691 0.0544455 -0.00193223 0.0252845 0.0570731 -0.0420893 0.0954918 -0.0220344 0.187047 0 0 0 0 0 0 0 0 0 0 0 0 0 0 0 0 0 0 0 0 
0 0 0 0 0 0 0 0 0 0 0 0 0 0 0 0 0 0 0 0 0.0946631 0.0620479 0.0238412 0.138611 0.0331514 0.0099797 0.0260336 0.0559141 -0.0272617 0.0458714 0.0520651 0.0263027 0.0501129 0.0153292 0.0226117 0.0202481 0.05591 -0.0526879 0.0386165 0.0126363 -0.00654199 0.0653859 -0.00896464 0.049682 0.0382161 0.0190889 -0.00527622 0.0121538 -0.000705701 0.0674083 -0.0507755 0.042695 0.000442315 -0.019584 0.0131319 0.0275705 -0.0243069 0.0230102 0.0205767 0.0249281 0.0560219 -0.0135257 0.0911626 0.0416462 -0.00779562 0.0181972 0.0134114 0.0503842 0.056217 0.0663754 -0.00279032 0.0361034 0.0264393 0.0166899 0.0182838 0.02943 0.0584761 0.0491091 0.0421867 0.0482698 -0.019657 0.0424793 0.0152219 0.050974 -0.0268913 0.0646193 0.0176422 0.0123217 0.0525653 -0.00807846 0.0353543 0.336437 0 0 0 0 0 0 0 0 0 0 0 0 0 0 0 0 0 0 0 0 
0 0 0 0 0 0 0 0 0 0 0 0 0 0 0 0 0 0 0 0 0.107334 0.0865029 0.0207805 0.0667477 0.0762754 0.00884999 0.024121 0.01377 0.062102 -0.00029547 0.0801253 0.08466 0.0335789 0.0666221 -0.0125022 0.046858 0.0155645 -0.0145434 0.000416286 0.0141006 0.0237231 0.067868 0.0097188 -0.00318823 0.0490246 0.0408217 -0.0140298 0.0505214 -0.0161344 0.0467528 0.0196054 -0.0335271 -0.00783165 0.0020926 0.0266913 0.00325519 -0.0254907 0.0236776 0.00494101 0.070463 -0.00926291 0.0449236 0.0517582 -0.0130104 0.0369271 0.00218814 0.0861608 -0.0142781 0.0572812 0.0563837 -0.00998611 0.0504605 0.0694675 0.0211303 -0.0197428 0.0452404 0.0639318 0.00711228 0.0973157 1.86456e-005 0.0495514 0.032943 0.0570885 0.0928958 -0.0410442 0.137991 -0.0306784 0.118481 -0.017246 0.0381695 0.024159 0.416038 0 0 0 0 0 0 0 0 0 0 0 0 0 0 0 0 0 0 0 0 
0 0 0 0 0 0 0 0 0 0 0 0 0 0 0 0 0 0 0 0 0.194103 0.0209989 0.0748376 0.0310978 0.0504553 0.0258061 -0.00589975 0.0324347 0.0336327 0.041914 0.0767229 0.0629287 0.0449695 0.0851964 -0.00187077 0.0493118 -0.0247383 -0.0271093 -0.000438433 0.0352666 -0.0454813 0.0706417 0.0227605 0.0328815 0.0289214 0.0469232 0.00178098 0.0110324 -0.0473657 0.0338718 -0.0194678 0.00699018 0.0324982 -0.0248938 0.0402822 -0.0513435 0.01826 0.0119602 0.00499924 0.0864166 -0.0339555 0.0812109 0.0204656 0.0159861 0.023171 0.10138 0.0513654 -0.0125888 0.0498883 0.00961842 0.0490691 0.0404471 0.0403752 0.0162848 0.0407472 0.0368673 0.0291948 0.0661898 0.0204406 0.0906881 0.013971 0.0229845 0.0520653 0.0431556 0.0386975 -0.0113324 0.0573968 0.0586887 0.0139917 0.0242497 0.0322106 0.348075 0 0 0 0 0 0 0 0 0 0 0 0 0 0 0 0 0 0 0 0 
0 0 0 0 0 0 0 0 0 0 0 0 0 0 0 0 0 0 0 0 0.136996 0.144763 0.0164447 0.0930901 0.0642221 0.0565019 0.0590072 0.0175908 0.073987 0.0390737 0.00239315 0.0905856 0.122212 0.00983041 0.0751478 -0.0299643 0.0810794 -0.0582759 0.0425715 -0.00856682 -0.0280792 0.0469489 -0.00173174 -0.00370458 0.0582439 0.00784742 0.067979 -0.0021646 0.0229577 -0.0365006 0.00177832 0.0497701 -0.0116851 -0.027033 0.000282733 0.0349009 -0.0016216 0.0394682 -0.0139703 0.0740413 0.0256335 0.045957 -0.00401349 0.0631977 0.00551546 0.0694117 0.02912 0.094608 -0.00398741 0.143208 -0.0157076 0.0468241 0.0197809 0.051896 0.0504975 0.00706665 0.0744363 0.0268543 0.101752 0.016679 0.039936 0.0416208 0.0787391 0.0636182 0.0378567 0.00529493 0.115 0.0340362 0.12177 0.0193919 0.0260855 0.156302 0 0 0 0 0 0 0 0 0 0 0 0 0 0 0 0 0 0 0 0 
0 0 0 0 0 0 0 0 0 0 0 0 0 0 0 0 0 0 0 0 0.187395 0.0998768 0.0372991 0.0882422 0.012509 0.0454791 0.0106796 0.0262314 0.0328184 0.0287572 0.0312348 0.066002 0.0249051 0.0980446 0.0319227 0.0702041 0.0374209 -0.0563236 0.0555336 -0.0238841 0.00581517 0.0142046 -0.010202 0.0838719 -0.00583996 0.0224172 0.0242538 -0.00618906 0.0225108 -0.0216071 0.00980813 -0.031487 0.0353107 -0.0518257 0.027511 0.00945663 0.0488904 -0.00612074 0.00764174 0.0400771 0.0598372 -0.00760808 0.0579607 0.0399961 0.140892 0.012654 0.0875798 0.0139956 0.044784 0.0364485 0.060334 0.038956 0.0506937 0.0350201 0.0354342 0.0101824 0.0651833 0.0440685 0.0176845 0.0616542 0.0370238 0.0514743 0.0499096 0.100725 0.0080717 0.0104426 0.0730049 0.0215852 0.0407231 0.079896 0.0369079 0.392213 0 0 0 0 0 0 0 0 0 0 0 0 0 0 0 0 0 0 0 0 
0 0 0 0 0 0 0 0 0 0 0 0 0 0 0 0 0 0 0 0 0.169995 0.118568 0.0623245 0.111381 0.104748 0.0431061 0.0288841 0.0857425 0.0385227 0.015533 0.0846959 -0.0333427 0.0769149 0.128809 -0.0350733 0.0361953 0.0311932 -0.00163554 -0.0308097 0.0654024 -0.0213443 0.0162291 0.0181051 0.0102761 0.0325865 0.00974126 0.00501776 -0.0107799 0.0295946 -0.0319736 -0.0177836 -0.00527902 -0.0371174 -0.0101349 0.0332649 0.0647317 -0.00403818 0.0346345 0.0266095 -0.000452719 0.0733852 0.0175291 0.0718957 0.0547617 0.0904813 0.0308534 0.0445599 0.0888954 0.0518817 0.0080715 0.119332 0.0021424 0.0429014 0.0397393 0.0596798 -0.00312879 0.0566846 0.0978149 -0.000513487 0.128967 0.0140539 0.0268788 0.122344 0.0528362 -0.00184052 0.0657565 0.0609088 0.0122278 0.0823278 0.0900339 0.0162551 0.525438 0 0 0 0 0 0 0 0 0 0 0 0 0 0 0 0 0 0 0 0 
0 0 0 0 0 0 0 0 0 0 0 0 0 0 0 0 0 0 0 0 0.193326 0.083264 0.103326 0.0967813 0.117832 0.0240743 0.0304879 0.0269093 0.0437546 -0.00930252 0.123429 0.00591628 0.12753 0.0377124 -0.0092941 0.0467727 0.00667779 0.0142575 0.0127248 0.0333695 -0.0299243 0.00937268 0.0240867 0.0212067 -0.0016121 0.0345542 -0.0388736 0.00114181 0.00330296 0.00557391 -0.0401215 -0.00674957 -0.00203657 -0.0552789 0.0446859 -0.0329193 0.106484 -0.0156087 0.00407367 0.046645 0.0527816 0.0327396 0.128808 0.0073377 0.0955001 0.086134 0.0277571 0.0423099 0.100577 0.0647967 0.0494055 0.0539504 -0.0227238 0.0723899 0.000688446 0.122953 0.0432324 0.103575 0.0212912 0.0869879 -0.0125876 0.0460926 0.0732752 0.0626922 -0.00984654 0.0703261 -0.0170544 0.0828215 0.0611832 0.129877 0.0500527 0.370806 0 0 0 0 0 0 0 0 0 0 0 0 0 0 0 0 0 0 0 0 
0 0 0 0 0 0 0 0 0 0 0 0 0 0 0 0 0 0 0 0 0.20099 0.11209 0.138043 0.094519 0.0611693 0.0491897 0.0810307 0.0369598 0.088304 -0.00811881 0.121957 0.0492068 0.0308093 0.0869235 0.0454065 -0.0294122 0.060429 -0.103203 0.0550487 0.0142793 -0.0093968 0.0116966 0.0112451 0.0307656 -0.00651124 0.0538796 -0.0837592 0.035084 0.00471693 -0.00873824 -0.0409616 0.00966267 -0.0647834 0.0032487 0.0466349 0.00530355 0.099837 0.00121047 0.0379648 0.0137547 0.0171419 0.0960246 0.0287937 0.0584167 0.0767292 0.0808725 0.0549405 0.0457148 0.0702501 0.0358634 0.0570434 0.0400016 0.0128137 0.0888288 0.0025865 0.052499 0.0611674 0.0775954 0.0591441 0.142558 -0.00256051 0.0913554 0.0368066 0.0773496 0.0344894 0.042331 0.0505857 0.0633045 0.0897703 0.112073 0.0558827 0.610068 0 0 0 0 0 0 0 0 0 0 0 0 0 0 0 0 0 0 0 0 
0 0 0 0 0 0 0 0 0 0 0 0 0 0 0 0 0 0 0 0 0.122163 0.113411 0.115695 0.0935372 0.106317 0.0367554 0.0583071 0.0230541 0.0680969 0.0271512 0.0605451 0.106933 -0.00323464 0.0645831 -0.00242149 -0.0140001 0.053077 -0.0120434 0.00652575 0.0715857 -0.0198914 -0.0256464 0.0419094 -0.0309025 0.0218949 -0.0237384 -0.00232084 -0.0230209 0.0316707 -0.037324 -0.0283652 -0.000356463 -0.019721 -0.0441562 0.0315863 0.00745572 0.019196 0.00119225 0.0301342 0.0471733 0.0161344 0.0499211 0.0128295 0.0772067 0.0438623 0.0802962 0.0769818 0.0671032 0.0846713 0.0390162 0.0450016 0.0532346 0.0883533 0.018374 0.0564061 0.0672079 0.100476 0.0546097 0.0493425 0.105269 0.0249445 0.119126 0.0291759 0.0974892 0.0397407 0.0120115 0.110657 0.0809784 0.0361305 0.123844 0.0667565 0.401276 0 0 0 0 0 0 0 0 0 0 0 0 0 0 0 0 0 0 0 0 
0 0 0 0 0 0 0 0 0 0 0 0 0 0 0 0 0 0 0 0 0.121539 0.294309 0.0433638 0.177843 0.11829 0.0513103 0.0692395 0.00680413 0.144206 0.00755843 0.19922 0.0747199 -0.0652707 0.0486213 -0.0191816 0.00221264 0.0169076 0.0604368 -0.0291678 0.0477708 -0.00967681 0.0375726 -0.0259131 0.021932 -0.00407748 -0.0448996 0.0134127 -0.0515512 0.0388664 -0.0320747 0.0300819 -0.0214169 0.0193253 -0.0821478 0.0641155 -0.0485068 0.0723292 -0.0696485 0.108708 0.0285143 0.0111876 0.10409 0.0112214 0.069806 0.0234281 0.0878581 0.0491211 0.0931605 0.0347437 0.0600628 0.0208029 0.10159 0.0251359 0.104096 0.0789653 0.036488 0.0697273 0.0327095 0.0719075 0.0657136 0.0996329 0.0674239 0.0354222 0.0694532 0.042522 0.0400484 0.0977081 0.113781 0.0449856 0.118895 0.0882382 0.285035 0 0 0 0 0 0 0 0 0 0 0 0 0 0 0 0 0 0 0 0 
0 0 0 0 0 0 0 0 0 0 0 0 0 0 0 0 0 0 0 0 0.103919 0.16205 0.0746819 0.12797 0.0493188 0.0979016 -0.0154256 0.134081 0.0548203 0.0453222 0.107117 0.0726255 -0.0254279 0.0622723 -0.0665355 0.0417666 -0.0514481 0.0805631 -0.0386915 0.020887 -0.0144724 0.0160242 0.0110645 -0.0244386 0.00971514 -0.0405647 0.016956 -0.0525998 -0.0106837 -0.00214352 -0.00174568 -0.00103048 -0.061653 -0.00588046 0.0180036 -0.0407374 0.0986041 -0.0521293 0.0541417 -0.00446702 0.0551336 0.0432857 0.063938 0.0470257 0.121198 0.0411776 0.0426637 0.148834 -0.0131039 0.0569515 0.0414988 0.0607326 0.0502255 0.0757889 0.0471564 0.0899704 0.0441975 0.0636181 0.0630067 0.0719571 0.0906622 0.0826264 0.00367058 0.129161 0.0352584 0.028881 0.227634 0.0262452 0.0639352 0.113 0.0740565 0.385331 0 0 0 0 0 0 0 0 0 0 0 0 0 0 0 0 0 0 0 0 
0 0 0 0 0 0 0 0 0 0 0 0 0 0 0 0 0 0 0 0 0.206959 0.111861 0.161 0.103672 0.0899383 0.124525 0.0157085 0.0426601 0.146972 0.0582962 0.137132 0.0031833 0.0174046 0.0485289 -0.0582879 0.074567 -0.0463375 0.057124 -0.146938 0.02448 0.00728839 -0.00391418 0.0417874 -0.0426238 0.0329824 -0.0921388 0.0347825 -0.142726 0.0292002 -0.0233338 0.00240608 -0.00167024 -0.0535475 -0.00401256 0.0206787 0.0168379 0.00260191 -0.0221212 0.107303 0.0194817 0.0217371 0.0597686 0.0278942 0.0414225 0.0608591 0.0654944 0.0575673 0.163981 0.0352371 0.0557349 0.0415358 0.0076533 0.0842073 0.0863906 0.054354 0.0826278 0.0346399 0.0519458 0.0703909 0.10332 0.0891708 0.0888096 0.0404555 0.0570923 0.134064 0.0203761 0.276761 0.0590038 0.105936 0.0768133 0.0979314 0.316337 0 0 0 0 0 0 0 0 0 0 0 0 0 0 0 0 0 0 0 0 
0 0 0 0 0 0 0 0 0 0 0 0 0 0 0 0 0 0 0 0 0.14305 0.208259 0.106805 0.047103 0.125569 0.0577211 0.0664627 -0.0136741 0.14253 0.139366 0.0749952 0.031176 0.0196117 0.037377 -0.0818041 0.0310437 -0.0835529 0.0194347 -0.0472908 -0.0334052 -0.0457307 0.116922 -0.0389623 0.000448904 0.0359732 -0.0640408 -0.0175826 -0.0453879 0.0507696 -0.0260096 0.0149167 -0.0425611 -0.00454348 -0.0114596 -0.0174815 0.00294321 0.0750073 -0.0666218 0.068925 0.0291844 0.0495324 0.0462112 0.0262246 0.0697112 0.0440313 0.115208 0.0370806 0.112474 -0.00925603 0.0809427 0.0258106 0.0479472 0.0382589 0.0751895 0.0443213 0.105735 0.0239671 0.100499 0.0884648 0.0482226 0.088852 0.0215226 0.0875217 0.0494829 0.138405 0.0347738 0.0922951 0.112164 0.0805696 0.102816 0.0815245 0.237001 0 0 0 0 0 0 0 0 0 0 0 0 0 0 0 0 0 0 0 0 
0 0 0 0 0 0 0 0 0 0 0 0 0 0 0 0 0 0 0 0 0.184076 0.132253 0.158218 0.0439613 0.151255 0.0363758 0.126085 -0.0786471 0.243863 0.0694972 0.0280666 0.0624002 0.049373 0.0253474 -0.0446995 0.158565 -0.0836399 0.0536143 -0.0875083 -0.0281723 0.0414483 0.0659186 -0.0421973 -0.00914482 -0.00966249 -0.0365715 -0.021382 -0.00970821 0.0205219 -0.0068049 -0.0170785 -0.00813874 -0.0149955 0.0124494 0.0274257 -0.00855743 0.0233369 -0.000420738 0.136559 0.00838932 0.0665847 0.0190625 0.066787 -0.02004 0.113739 0.0815833 0.0487162 0.160671 0.0136547 0.130262 -0.00712456 0.0720973 0.0422272 0.115314 0.0354685 0.0968313 0.0800523 0.047494 0.0974588 0.0502747 0.0797105 0.0900741 0.064455 0.0226554 0.171384 0.0529383 0.118292 0.062302 0.13504 0.0674615 0.125145 0 0 0 0 0 0 0 0 0 0 0 0 0 0 0 0 0 0 0 0 0 
0 0 0 0 0 0 0 0 0 0 0 0 0 0 0 0 0 0 0 0 0.183324 0.241906 0.146462 0.00905355 0.367464 -0.0255965 0.156355 -0.0603561 0.260869 0.0856832 0.0484314 0.0608889 0.0637293 0.039699 -0.0529944 0.0954004 -0.085417 0.118511 -0.111402 -0.0816776 0.048087 0.11749 -0.0506505 -0.0037731 -0.0857597 0.0355721 -0.0827244 0.0163885 -0.00488522 0.0211046 -0.0191375 0.0327786 -0.0477506 0.0357928 0.0118453 -0.0232305 0.0416918 0.0229317 0.0392248 0.0403051 0.0895217 0.0506895 0.0491593 -0.0185065 0.113044 0.0628799 0.091979 0.0664541 0.0497458 0.125922 -0.0122612 0.0720308 0.0188199 0.149543 0.0441475 0.0576882 0.0562546 0.0499045 0.0797849 0.0504308 0.0915192 0.0707013 0.0561092 0.0599087 0.107605 0.0515469 0.137248 0.0337005 0.142089 0.0703481 0.206079 0 0 0 0 0 0 0 0 0 0 0 0 0 0 0 0 0 0 0 0 0 
0 0 0 0 0 0 0 0 0 0 0 0 0 0 0 0 0 0 0 0 0.168752 0.15718 0.248973 0.106362 0.374368 0.00855644 0.069586 -0.0289988 0.279694 0.050474 0.105131 0.0158997 0.0166755 0.00853527 0.0338263 -0.0189873 -0.0255673 0.153982 -0.0675525 -0.114328 0.0142586 0.0975974 -0.0595839 -0.00951915 -0.0707437 0.0818646 -0.0430303 0.0276072 0.0130445 0.0384853 0.0112491 -0.0518865 0.0695923 -0.0148691 0.0922523 -0.0233808 0.0426859 0.037966 0.119462 0.00841308 0.0862334 -0.0092102 0.0249861 0.0473694 0.0651772 0.140338 0.0110279 0.0942842 0.0248579 0.0992486 -0.0221788 0.0900894 0.00354413 0.0721579 0.0315115 0.122944 0.0318769 0.0311402 0.081827 0.0363828 0.107597 0.0457618 0.0580354 0.0645229 0.155139 0.0295929 0.313374 0.0392443 0.11048 -0.017401 0.174609 0.351663 0 0 0 0 0 0 0 0 0 0 0 0 0 0 0 0 0 0 0 0 
0 0 0 0 0 0 0 0 0 0 0 0 0 0 0 0 0 0 0 0 0.0227608 0.28145 0.175471 0.123551 0.202263 0.0421151 0.0786621 0.0259668 0.203372 -0.0414267 0.163316 -0.0391681 0.437762 0.00387144 0.0741128 -0.0538681 0.00426119 0.14799 -0.0766748 0.0097211 -0.0772284 0.182291 -0.0510718 -0.0405967 -0.0732204 0.0720633 -0.0743537 -0.0872114 0.061251 0.0581262 0.0150117 -0.087595 0.0153783 -0.00846145 0.0719899 0.0360554 0.0804179 0.0109361 0.169358 0.0148421 0.0901196 -0.00296123 0.0674059 -0.0102486 0.0727103 0.0643872 0.0463681 0.0814877 0.0305575 0.150369 -0.0193351 0.0983943 0.0224099 0.124257 0.105442 0.060553 0.029449 0.081749 0.0615082 0.0775339 0.0764636 0.105687 0.102957 0.0166272 0.156783 0.0685279 0.154509 0.0546782 0.269144 -0.0983852 0.227389 0.531894 0 0 0 0 0 0 0 0 0 0 0 0 0 0 0 0 0 0 0 0 
0 0 0 0 0 0 0 0 0 0 0 0 0 0 0 0 0 0 0 0 0.0967529 0.187038 0.172019 0.0955085 0.290647 0.0244095 0.105118 -0.016118 0.254222 -0.00732611 0.591593 -0.0647246 0.205519 0.0102481 0.0548077 -0.0244837 -0.0539232 0.219741 -0.179783 0.0913681 -0.0944618 0.194486 -0.0769432 0.0143387 -0.104544 0.109102 -0.113051 0.00270038 -0.0118327 0.0470282 -0.085699 0.0091578 -0.0146839 0.0422452 0.198709 -0.0240461 0.146685 0.0186786 0.220228 0.0200807 0.0360464 0.0248699 0.0123414 0.0138941 0.0700899 0.105689 0.0617571 0.0451023 0.00768151 0.0571257 -0.00211522 0.170356 0.00063189 0.170076 0.0415267 0.131979 0.0191353 0.0574358 0.0596242 0.0810409 0.0532051 0.0612557 0.162127 0.00488313 0.192947 0.0377229 0.310419 0.0405965 0.188718 -0.0552693 0.195547 0.530628 0 0 0 0 0 0 0 0 0 0 0 0 0 0 0 0 0 0 0 0 
0 0 0 0 0 0 0 0 0 0 0 0 0 0 0 0 0 0 0 0 0.19185 0.201446 0.191344 0.0258609 0.206117 -0.00715144 0.178759 -0.000971807 0.189379 0.0693551 0.379824 -0.0113913 0.340372 -0.0085403 0.134124 -0.0388875 0.0281492 0.230531 -0.101204 0.00844387 -0.0193571 0.130346 -0.0828713 0.0201559 -0.0844018 0.0168922 -0.0803892 0.0803285 -0.0677285 0.0040725 -0.0703524 -0.0099953 -0.0787113 0.0763154 0.247763 -0.122925 0.231075 0.00242855 0.119181 0.0891901 0.0353597 0.0109531 0.0591475 -0.0115531 0.0733801 0.00369947 0.0726969 0.0927635 0.0596089 0.0836863 -0.0256238 0.173524 -0.0338378 0.131071 0.0307572 0.260133 0.0162127 0.116982 0.0468327 0.150809 -0.00330907 0.169268 0.0830814 0.0882757 0.0826808 0.0730318 0.219866 0.051337 0.287141 -0.0321562 0.272697 0 0 0 0 0 0 0 0 0 0 0 0 0 0 0 0 0 0 0 0 0 
0 0 0 0 0 0 0 0 0 0 0 0 0 0 0 0 0 0 0 0 0.0611815 0.174999 0.2646 0.000536501 0.322347 -0.0474014 0.258198 0.00102804 0.179529 0.0640504 0.119698 -0.0374125 0.287096 0.00375789 0.149309 -0.06712 0.0343234 0.0990123 -0.0675828 -0.00574664 -0.0500087 0.13787 -0.10188 0.0332565 -0.0505926 -0.0443867 -0.0536439 0.313351 -0.149438 0.0638025 -0.12504 0.0364392 -0.147229 0.0941948 0.145603 -0.0698202 0.21381 -0.015887 0.279402 -0.0264678 0.146979 -0.0331439 0.0540267 0.0256768 0.053176 0.0744254 0.0417559 0.126407 0.000589816 0.0898898 -0.0234447 0.158874 0.00412511 0.12525 0.0140069 0.0712829 0.0309666 0.0629917 0.0339114 0.144535 0.045101 0.0392241 0.189302 0.0657632 0.112862 0.0568775 0.268928 0.00204987 0.359395 -0.0270905 0.433453 0 0 0 0 0 0 0 0 0 0 0 0 0 0 0 0 0 0 0 0 0 
0 0 0 0 0 0 0 0 0 0 0 0 0 0 0 0 0 0 0 0 -0.00308761 0.288858 0.33499 0.0769291 -0.086872 0.0579841 0.308901 0.00277227 0.159334 0.0946149 0.00423654 0.12398 0.177533 0.0234422 0.033723 0.0539723 0.00877188 0.0263635 -0.0173291 -0.021081 -0.0192721 0.103099 -0.161493 -0.0149866 0.0303421 -0.0723399 -0.0618127 0.310288 -0.292803 0.14927 -0.0983633 0.0623948 -0.191315 0.0991878 0.153153 -0.0735082 0.221688 -0.0359621 0.241117 0.017615 0.132713 -0.032569 0.0865431 0.0237103 0.0450762 0.00177532 0.0902842 0.183391 -0.0723812 0.19047 -0.0120827 0.16541 0.00796431 0.116892 -0.0874885 0.279474 0.00689386 0.0946046 0.0252091 0.161576 0.0746271 0.0688988 0.188201 0.048562 0.00757236 0.0900104 0.136817 0.0404803 0.244163 -0.0524534 0.275239 0 0 0 0 0 0 0 0 0 0 0 0 0 0 0 0 0 0 0 0 0 
0 0 0 0 0 0 0 0 0 0 0 0 0 0 0 0 0 0 0 0 -0.313119 0.228538 0.320735 0.0871499 0.0198185 0.0332284 0.276859 -0.0370659 0.275148 0.0212417 0.0290918 0.0470487 0.15368 -0.00706391 0.0480396 0.165812 0.00760924 -0.056496 0.00546181 0.0439056 -0.0636637 0.114535 -0.170401 -0.111874 0.0625175 -0.158863 -0.0351289 0.0888356 -0.148029 0.16334 -0.0707807 0.0600176 -0.107382 0.0876673 0.25752 -0.0736264 0.214756 -0.00233638 0.241777 0.0256548 0.060602 0.0209702 -0.0111605 0.157371 0.0813805 -0.0378528 0.132513 0.0918006 -0.0204198 0.143419 0.00797885 0.0900395 0.00465042 0.224165 -0.0559116 0.191912 0.0173725 0.0919473 -0.0178509 0.299051 0.0237191 0.115018 0.0410982 0.0774663 0.0435449 0.0683829 0.185771 -0.0216244 0.324531 0.0178519 0.186037 0 0 0 0 0 0 0 0 0 0 0 0 0 0 0 0 0 0 0 0 0 
0 0 0 0 0 0 0 0 0 0 0 0 0 0 0 0 0 0 0 0 -0.407108 0.260184 0.470574 0.113854 0.0739177 0.024055 0.399153 0.0723153 0.22614 0.0480404 0.056274 0.0659957 0.126114 0.028812 0.0456774 0.522453 0.00654499 -0.0574355 0.0237043 -0.0285971 0.029786 0.066283 -0.0595028 -0.169178 0.0934999 -0.0569622 -0.0353791 -0.115576 -0.123649 0.00816247 -0.15004 0.0524885 -0.009632 0.0458495 0.108141 -0.0590195 0.283109 0.0251231 0.229493 -0.0311827 0.116952 0.0406698 0.0485927 0.186505 0.0230258 -0.0380136 0.0983508 0.162913 -0.0587605 0.0459563 0.0306772 0.104305 0.0924389 0.131966 -0.00865239 0.255482 0.019412 0.0473768 0.035606 0.0870618 0.0617273 0.030038 0.120377 0.0576054 0.0818746 0.0450598 0.304388 -0.00845468 0.315631 0.0601748 0.30261 0.227626 0 0 0 0 0 0 0 0 0 0 0 0 0 0 0 0 0 0 0 0 
0 0 0 0 0 0 0 0 0 0 0 0 0 0 0 0 0 0 0 0 -0.375687 0.208734 0.364845 0.0561527 0.241976 -0.0400989 0.330382 0.134985 0.444229 -0.0301139 0.0532407 0.0715452 0.120874 -0.0293283 0.0516709 0.771533 -0.0154108 0.0122924 -0.00706149 -0.118785 0.0503482 0.0782038 -0.139847 -0.167477 0.0314199 -0.0585568 0.0185631 -0.368644 -0.0948092 -0.0240762 -0.100285 0.00520148 0.212713 -0.0104461 0.258725 0.0340505 0.00826349 0.0986248 0.0655368 0.00216373 0.133783 0.00539996 0.050461 0.155076 0.0214393 0.000120189 0.05977 0.18358 -0.115299 0.218902 0.0328881 0.124302 0.0809521 0.118675 0.0238364 0.15239 -0.0134465 0.0644207 0.00184802 0.191442 -0.0596025 0.0379196 0.415555 0.062479 0.003708 0.117232 0.207904 -0.0115096 0.312562 0.0667453 0.200954 0 0 0 0 0 0 0 0 0 0 0 0 0 0 0 0 0 0 0 0 0 
0 0 0 0 0 0 0 0 0 0 0 0 0 0 0 0 0 0 0 0 -0.336954 0.235138 0.326227 -0.00659509 0.191989 -0.0425261 0.284194 0.12644 0.542744 -0.0793836 0.399593 0.174969 0.00870921 0.054851 0.196367 0.475782 -0.0161969 0.0299952 -0.083218 -0.00759847 0.105042 -0.0612949 -0.020341 -0.102799 -0.0166737 -0.187728 0.133027 -0.134062 -0.0664848 -0.461495 0.0305662 -0.023353 0.383153 -0.048073 0.259912 0.186108 -0.0954201 0.190754 0.123899 -0.026573 0.0411704 0.0571166 0.0294597 0.0758368 -0.0641047 0.0444189 0.110598 0.170991 -0.13232 0.130716 0.0387014 0.106129 0.161425 0.0776706 0.0327277 0.171426 -0.00669191 0.0586409 -0.0309723 0.173324 -0.0360363 0.0577664 0.0895034 0.107778 0.0718599 0.0901188 0.134555 0.00555197 0.278071 0.0492675 0.273052 0 0 0 0 0 0 0 0 0 0 0 0 0 0 0 0 0 0 0 0 0 
0 0 0 0 0 0 0 0 0 0 0 0 0 0 0 0 0 0 0 0 -0.293064 0.188034 0.344612 -0.0817253 0.305528 -0.105279 0.353173 0.0684785 0.11613 -0.0932597 0.482174 0.126678 -0.0242049 0.0855708 0.28504 0.257229 -0.100601 0.152587 -0.128364 0.0357424 0.092472 -0.267783 0.0590589 -0.240916 -0.00416577 -0.424841 0.148768 -0.431953 0.056728 -0.382902 -0.0456505 -0.0688401 0.382845 -0.0438043 0.241165 0.144569 -0.0468447 0.143732 0.0286686 -0.0402617 0.173577 0.0098981 -0.0116671 0.09996 -0.0237422 0.0667492 0.0840275 0.142105 0.00809958 0.0425393 0.210222 0.134565 0.114513 0.131786 0.153701 0.0906338 -0.056527 0.140042 -0.0641567 0.110527 0.0731596 0.0165255 0.140863 0.0363418 0.089416 0.0896796 0.100591 -0.038497 0.18374 0.0949391 0.26032 0.305063 0 0 0 0 0 0 0 0 0 0 0 0 0 0 0 0 0 0 0 0 
0 0 0 0 0 0 0 0 0 0 0 0 0 0 0 0 0 0 0 0 -0.246834 0.188961 0.690819 -0.0669524 0.517636 -0.0375248 0.346449 0.0799576 0.267908 -0.166976 0.273874 0.063168 0.0961187 0.183413 0.17391 0.371786 -0.0782337 0.092678 -0.0510863 0.00653096 0.183087 -0.326836 -0.0258244 0.18381 -0.0509709 -0.153487 0.111504 -0.388696 0.0899368 -0.364225 0.0654945 -0.0153703 0.329053 -0.0653791 0.403769 0.0436425 -0.00747139 0.206842 -0.108638 0.0239574 -0.0465355 0.0844253 0.0730887 0.0610501 -0.10226 0.494128 0.0306318 0.116457 0.122914 -0.051572 0.220606 0.307741 0.0890466 0.132632 0.12249 0.155307 -0.0406558 0.0853888 -0.0900406 0.0881064 0.0478935 0.0153379 0.0809226 0.0392525 0.222055 0.0933643 0.0885689 0.0326772 0.225772 0.0721951 0.283925 0.442049 0 0 0 0 0 0 0 0 0 0 0 0 0 0 0 0 0 0 0 0 
0 0 0 0 0 0 0 0 0 0 0 0 0 0 0 0 0 0 0 0 0 0.169693 0.991509 0.00477139 0.532582 -0.0127482 0.416835 0.112722 0.0342745 -0.0465351 0.124325 0.0476539 0.044832 0.21138 0.359085 0.15355 -0.00484502 -0.104235 -0.0332252 0.0789524 0.0706319 -0.3172 -0.0954985 0.395335 -0.0403902 -0.162112 -0.0124384 -0.178129 0.0644388 -0.178212 0.090618 0.0485417 0.244241 0.0296188 0.403582 0.0525325 -0.241811 0.272696 -0.113781 0.0706243 0.0597574 0.0576674 0.0905456 0.221182 -0.173799 0.418238 0.00347773 0.347659 0.149526 -0.101676 0.144962 0.295497 0.0704125 0.209613 0.152245 0.0146794 -0.0117221 0.0868597 -0.0689632 0.225144 -0.0664631 0.136023 0.0121508 0.0980114 0.100899 0.102691 0.112024 0.0333119 0.170384 0.0653983 0.205946 0.138908 0 0 0 0 0 0 0 0 0 0 0 0 0 0 0 0 0 0 0 0 
0 0 0 0 0 0 0 0 0 0 0 0 0 0 0 0 0 0 0 0 0 0.166111 0.979126 0.028143 0.508082 -0.0718114 0.167613 0.0688929 -0.164007 0.0443416 0.193922 -0.0767313 0.477714 0.0615093 0.473378 0.0227732 0.0197274 0.141436 -0.0865124 0.375287 0.0935544 -0.366622 -0.0775981 0.0913678 0.086141 -0.154964 -0.12148 -0.104355 -0.0124769 -0.144849 0.0586499 -0.0407954 0.237733 0.175144 0.587506 0.0846168 0.144872 0.222595 -0.0508284 0.159091 0.0972253 0.0753579 0.113431 0.089271 -0.100685 0.330919 -0.0977941 0.259892 0.0250779 -0.213537 0.184884 0.404975 0.136844 0.348554 0.106252 -0.0398781 0.0612161 0.115208 -0.0415934 0.0352576 -0.0129123 0.0666639 -0.0103085 0.0523582 0.0835391 0.0281816 0.0823934 0.00938463 0.325557 0.0480944 0.398967 0 0 0 0 0 0 0 0 0 0 0 0 0 0 0 0 0 0 0 0 0 
0 0 0 0 0 0 0 0 0 0 0 0 0 0 0 0 0 0 0 0 0 0.299292 0.969731 0.129999 0.426089 0.114346 0 0.068507 0.0932114 0.08292 0.0857452 -0.00372506 0.310045 -0.121148 0.234964 -0.0536996 0.713762 -0.128655 -0.0145751 0.141863 -0.0293286 -0.271278 -0.0361427 -0.0729359 0.232923 -0.0148725 -0.180118 -0.061161 -0.130332 -0.0255708 -0.0847494 0.136599 0.225599 0.229519 0.528833 0.0084136 0.240463 -0.00332992 0.0749306 0.391164 0.100179 0.0160522 0.115335 -0.0431399 -0.0689683 0.0468275 0.0633658 0.0713616 0.521135 -0.119949 0.357193 0.295428 0.0504405 0.288038 -0.0600804 0.177077 0.0221368 0.304021 -0.0503023 0.0573336 0.0771365 -0.0586609 0.0205493 0.0432333 0.184088 -0.0268259 0.0477328 0.0893903 0.20144 0.0966639 0.190195 0.0352382 0 0 0 0 0 0 0 0 0 0 0 0 0 0 0 0 0 0 0 0 
0 0 0 0 0 0 0 0 0 0 0 0 0 0 0 0 0 0 0 0 0 0.201752 0 0.106019 0.197871 0.165215 0 -0.0100345 0.352632 0.0267835 0.388462 -0.125959 0.160336 -0.2279 0.405178 -0.0625083 0.65987 -0.0428381 0.0979463 0.621802 0.0107126 -0.259688 0.00501014 -0.0337761 -0.0836784 0.0828951 -0.313787 0.026622 -0.348764 0.246143 0 0.00837301 0.36066 0.236241 0.47873 0.0467567 0.074154 -0.0550229 0.16073 0.110146 0.107918 0.204609 0.0120267 -0.0931542 0.237472 0.00764473 0.116116 -0.0753539 0.39787 0.151724 0.364613 0.130474 0.449916 0.226689 0.090454 0.086831 0.025997 0.0870896 0.118402 0.0359842 -0.0275553 0.0326461 -0.0487628 0.0648934 0.0556648 -0.0494886 0.0552294 -0.00585483 0.48888 0.0404139 0.459337 0 0 0 0 0 0 0 0 0 0 0 0 0 0 0 0 0 0 0 0 0 
0 0 0 0 0 0 0 0 0 0 0 0 0 0 0 0 0 0 0 0 0 0.777291 0 0.937933 0.146628 0.19995 -0.0119698 0.0964094 0.47232 0.311869 -0.0970855 0.281879 -0.0495161 0.154263 -0.0258287 0.20709 0.380085 -0.0639381 0.356974 0.437594 -0.0363646 -0.152435 0.314662 -0.0762445 -0.0435799 0.0930769 -0.266269 0.0982963 -0.281384 0.421551 0 0 0 0.390586 0.0617502 0.150998 0 -0.0707873 0.0900246 0.00340867 0.402642 0.378822 -0.0370028 -0.365194 0.463366 -0.134468 0.527565 -0.0644448 0.116159 0.376495 0 0.481792 0.26221 0.332818 -0.0376998 0.201595 -0.00324555 -0.0288597 0.383778 0.259704 -0.0286186 -0.0267298 -0.053268 0.0514968 -0.000227417 0.0928023 -0.00389582 0.00337385 0.222289 0.04071 0.409464 0 0 0 0 0 0 0 0 0 0 0 0 0 0 0 0 0 0 0 0 0 
0 0 0 0 0 0 0 0 0 0 0 0 0 0 0 0 0 0 0 0 0 0.765206 0 0.92325 0 0.542665 0.226341 0 0.334294 0 -0.00975741 0.177071 -0.225812 0.283222 -0.0756015 0.506934 -0.0398364 0.0287582 0.13379 0.143748 -0.0218431 -0.115258 -0.0251789 0 -0.0715764 -0.282091 -0.0420733 0.0106029 -0.417542 0.387962 -0.291844 -0.134689 0.00924306 0.259686 -0.121091 0.416785 -0.259856 -0.140049 0.562321 0.337027 0.407193 -0.48204 -0.0463766 -0.187514 0.360198 -0.4749 0.225651 -0.0924574 0.484003 0.411547 0.508204 0.31484 0.272481 0.0579837 0.17126 0.174856 -0.0219517 -0.0237652 0.286611 0.36483 -0.045509 -0.0179852 0.0566046 -0.183797 0.0797442 -0.0283233 0.0363377 -0.00369022 0.192362 0.0224111 0.382439 0 0 0 0 0 0 0 0 0 0 0 0 0 0 0 0 0 0 0 0 0 
0 0 0 0 0 0 0 0 0 0 0 0 0 0 0 0 0 0 0 0 0 0.801996 0 0.908173 0 0.513986 0.175899 0.127596 0.277464 0.0654264 0.0339979 0.0254713 0.237484 0.086388 0.0582675 0.157534 -0.0562101 0.176519 0.747882 0.0667189 0.108208 0.0548446 -0.0665034 -0.227347 -0.0836964 -0.0825242 0 0 -0.599568 0.237086 -0.374908 0 0 0.287358 -0.272258 0.398021 -0.0457085 -0.0799447 0.498681 0 0.388599 -0.456586 -0.388727 -0.535343 0.055842 -0.0836044 0.0832223 0.312397 0.630334 0.426581 0.231944 0.419787 0.160911 0.155576 0.0181596 0.125596 0.0532876 -0.0718879 0.426084 0.0931152 0.0479623 -0.109404 0.10311 -0.0827861 -0.00608132 0.148541 -0.00296185 -0.181665 0.30104 -0.0370393 0.441941 0 0 0 0 0 0 0 0 0 0 0 0 0 0 0 0 0 0 0 0 0 
0 0 0 0 0 0 0 0 0 0 0 0 0 0 0 0 0 0 0 0 0 0.784626 0 0.895747 0.888067 0.487054 0.470928 0.0694398 -0.0126876 0.197456 -0.0190141 0.0850179 0.0823328 0.149851 0.351102 0.14734 -0.0201149 0.107937 0.202754 0.122712 -0.141046 0.229912 0.0805931 -0.179705 0 -0.512541 0 -0.572385 -0.58396 -0.107792 0.295785 0 0 0.303278 -0.0698848 0.253329 0.0287239 -0.105734 0.341014 0 0.351134 -0.425303 -0.351627 -0.508716 -0.135864 0.0788723 0.0921165 0.461229 0.558236 0.352292 0.45108 0.390026 0.427885 -0.336212 0.116243 0.214165 -0.0105906 0.00519658 0.285902 0.0478471 0.0587953 -0.0274599 0.0178322 0.000500618 0.051457 -0.00962324 -0.00338975 -0.167718 0.196663 -0.0256 0.0155322 0 0 0 0 0 0 0 0 0 0 0 0 0 0 0 0 0 0 0 0 0 
0 0 0 0 0 0 0 0 0 0 0 0 0 0 0 0 0 0 0 0 0 0.766733 0 0 0.87023 0 0.446725 0 0 0.503945 0 0 0.14785 0.10054 0.112844 0.0105197 0.291363 0.0350762 -0.000138816 0.551047 -0.317686 -0.0374277 0.114891 0.0833315 -0.205185 -0.491679 0 -0.553305 0 -0.318832 0.259891 0 0 -0.146805 0.061159 0.0768961 0.0162462 -0.264316 0.351039 0.180691 0.285946 -0.331622 -0.344144 -0.487516 -0.299945 0.0198165 0.467304 0.449969 0.52353 0.394954 0.364718 0.424028 0.306859 -0.091949 0.419419 0.0220713 0.0879804 -0.169672 0.346928 0.0772262 -0.0159695 0.157479 0.373947 -0.142645 0.0764051 0.180275 -0.14277 -0.165061 0.282409 -0.0417988 -0.0313158 0 0 0 0 0 0 0 0 0 0 0 0 0 0 0 0 0 0 0 0 0 
0 0 0 0 0 0 0 0 0 0 0 0 0 0 0 0 0 0 0 0 0 0.757541 0 0 0.840631 0 0.415394 0.391609 0 0.480233 0.465825 0 0 0 0.277985 0 0.253028 0 0 -0.0661086 -0.235844 -0.0353396 0.282964 0.257656 -0.126006 0.454135 0 -0.527691 0 -0.272741 0.190424 0 0 -0.188394 0.191838 0.371708 0.0141399 0 0.300787 0.44858 -0.0533727 -0.139913 -0.451237 -0.230651 -0.271102 0.184214 0.452777 0.4196 0.363128 0.468676 0.284806 0.366264 0.299019 -0.236544 0.476412 -0.133673 0.0845122 0 0.261148 -0.0320382 -0.0347892 0.34732 0.396321 -0.149064 0.141175 0.280049 -0.112783 -0.102814 0.13485 -0.0631636 -0.199807 0 0 0 0 0 0 0 0 0 0 0 0 0 0 0 0 0 0 0 0 0 
0 0 0 0 0 0 0 0 0 0 0 0 0 0 0 0 0 0 0 0 0 0 0 0 0.800449 0.778978 0 0.374221 0 0 0.44421 0 0 0 0.247064 0.215183 0.207835 0.168285 -0.186504 -0.0596647 -0.186501 0.517446 0 0.220323 -0.427806 0.457213 0.443901 -0.384568 -0.183726 -0.216618 0.136432 0.07405 -0.0660326 -0.134039 0.116617 -0.0101824 0.151603 0 0.223818 0.315095 -0.313259 -0.0696449 -0.41993 -0.189913 -0.111683 0.665716 0.346247 0.448538 0.478306 0.567011 0.212659 0.252039 -0.0141551 0.0754311 0.464783 -0.190455 0.306961 0.284574 0.213739 -0.0338294 -0.0124122 0.372607 0.364347 -0.209363 0.19771 0.293974 -0.226545 0.000992915 0.183465 -0.0624446 -0.28645 0 0 0 0 0 0 0 0 0 0 0 0 0 0 0 0 0 0 0 0 0 
0 0 0 0 0 0 0 0 0 0 0 0 0 0 0 0 0 0 0 0 0 0 0 0 0 0.754983 0 0.338978 0.313606 0 0.409001 0 0 0 0 0.157315 0.102048 0.0935372 -0.073772 -0.072114 0.257044 0.490339 0 0.129205 -0.298662 -0.0311801 -0.033116 0.0803069 -0.0351486 0 0 0 0 0 0 0 0.302406 0.375631 0 0.19409 -0.180673 -0.00819691 -0.100054 -0.123251 -0.385301 0.647389 0.501071 0.43715 0 0.547754 0 0.0754431 0.0916024 0.104304 -0.0651476 -0.141573 0 0.24208 0 0.0194839 0.0675431 0.339975 0.173658 -0.126338 0.396796 0.102076 -0.169151 -0.346336 0.19768 -0.138856 -0.303001 0 0 0 0 0 0 0 0 0 0 0 0 0 0 0 0 0 0 0 0 0 
0 0 0 0 0 0 0 0 0 0 0 0 0 0 0 0 0 0 0 0 0 0 0 0 0 0.717744 0.696987 0 0.29133 0 0.389226 0.371215 0 0 0 0 0.0465948 -0.0268339 0 0 0.374104 0.461385 0 -0.239335 -0.0335665 0 -0.442302 0.0106698 0.170697 0.466906 0 0 0 0 0 0 0.232777 0.261824 0 0.040614 -0.120693 -0.328649 -0.34786 0 -0.346682 0.416935 0.562008 0.389748 0 0.521237 0.38154 0.398932 0 0 0 0 0 0.174874 -0.158882 0.0445332 0.329129 0.348494 -0.0279878 -0.0359407 0.436227 -0.0140224 -0.163522 -0.609106 0.0753274 -0.0292087 -0.296648 0 0 0 0 0 0 0 0 0 0 0 0 0 0 0 0 0 0 0 0 0 
0 0 0 0 0 0 0 0 0 0 0 0 0 0 0 0 0 0 0 0 0 0 0 0 0 0 0.67177 0 0.255612 0.224327 0 0.331785 0 0 0 0 0 0 0 0 0.334991 0.430342 0 -0.321751 0 0 -0.411092 0 0 0.466073 0.463683 0 0 0 0 0 0 0.201397 0.0118133 -0.0568421 0.291442 -0.304552 0 -0.285267 -0.306947 0 0.598391 0.36589 0.346463 0.451923 0.447192 0 0 0 0 0 0 0.116396 -0.0313488 0.353237 0.40447 0.424003 -0.0205494 0.0682899 0.254612 0 -0.206382 -0.588401 0.0696574 0 -0.165823 0 0 0 0 0 0 0 0 0 0 0 0 0 0 0 0 0 0 0 0 0 
0 0 0 0 0 0 0 0 0 0 0 0 0 0 0 0 0 0 0 0 0 0 0 0 0 0 0.648933 0.630455 0 0.188466 0.14912 0 0.279101 0 0 0 0 0 0 0 0.289986 0.396843 0 -0.276077 0 -0.373732 -0.389012 0 0 0 0.46101 0.457011 0.452391 0 0 0 0 0.260998 0.234815 0 0.255065 -0.255194 0 -0.254243 0 0 0.577094 0 0.309851 0 0.464542 0 0 0 0 0 0 0 0 0.404607 0.428227 0.286788 0.0334074 0.0435333 0.190957 -0.192529 -0.155419 -0.560536 0.14546 0 -0.118524 0 0 0 0 0 0 0 0 0 0 0 0 0 0 0 0 0 0 0 0 0 
0 0 0 0 0 0 0 0 0 0 0 0 0 0 0 0 0 0 0 0 0 0 0 0 0 0 0 0.608155 0.591284 0 0.11348 0.0624655 0.0704183 0.0576506 0.0364343 0 0 0 0 0 0.239687 0.372505 -0.106679 -0.246138 0 -0.346614 0 0 0 0 0 0 0.447665 0.441705 0 0 0 0 0.191977 0 0.0435027 -0.205126 0 -0.191001 0 0 0.563152 0.551345 0.262024 0 0.433828 0 0 0 0 0 0 0 0 0.569822 0.262715 0.225632 -0.189113 0.27248 0.106636 -0.0843816 -0.0570548 -0.529765 0.125755 0 -0.311093 0 0 0 0 0 0 0 0 0 0 0 0 0 0 0 0 0 0 0 0 0 
0 0 0 0 0 0 0 0 0 0 0 0 0 0 0 0 0 0 0 0 0 0 0 0 0 0 0 0 0.57258 0.557537 0 0 0 0.172297 0.0569443 0.0159543 -0.0152178 -0.0183379 -0.00466598 0.0213911 0.0352022 0.0186744 -0.0515152 0 0 -0.309788 0 0 0 0 0 0 0 0.436227 0.429547 0 0 0 0.128756 0.0318739 -0.0948788 0.0758239 -0.083585 -0.147885 0 0 0 0.529644 0.231032 0.197127 0.402828 0.385472 0 0 0 0 0 0 0.232932 0.466645 0.206919 0.0965755 -0.0219646 0.312418 0.000984304 -0.105642 -0.0192481 -0.502314 0.100764 0 -0.309292 0 0 0 0 0 0 0 0 0 0 0 0 0 0 0 0 0 0 0 0 0 
0 0 0 0 0 0 0 0 0 0 0 0 0 0 0 0 0 0 0 0 0 0 0 0 0 0 0 0 0 0.542077 0.528088 0 0 0 0 0.0717093 0.0342961 0.0388885 0.0541826 -0.0915627 -0.0705999 0.00206566 0.0169197 0.0387342 -0.0417959 -0.022162 0 0 0 0 0 0 0 0 0.423392 0.415977 0 0 0 0 0 0 0 0 0 0 0 0.503906 0 0.135854 0.0633691 0.363982 0 -0.0231312 -0.0211451 -0.00671242 0.0133367 0.0265956 0 0 0.130523 -0.0827464 0.144916 0.363411 0.0208838 -0.0775258 -0.00342472 -0.473381 0.0952107 0 -0.292665 0 0 0 0 0 0 0 0 0 0 0 0 0 0 0 0 0 0 0 0 0 
0 0 0 0 0 0 0 0 0 0 0 0 0 0 0 0 0 0 0 0 0 0 0 0 0 0 0 0 0 0 0.514415 0.501227 0 0 0 0 0 0 0.0488489 -0.032425 0 0 0.214856 0 -0.212271 0.0467323 0.0332798 0.00363023 -0.0136648 0 0 0 0 0 0 0.409471 0.401415 0 0 0 0 0 0 0 0 0 0 0.481957 0.467582 0 0.0231955 0.0609294 0.00263541 -0.018256 0 0 0 0.0197226 0.00470341 0.0631872 0 -0.00669524 0.191656 0.108428 -0.0408179 -0.00965126 0.220785 -0.443053 0.042608 0 -0.281515 0 0 0 0 0 0 0 0 0 0 0 0 0 0 0 0 0 0 0 0 0 
0 0 0 0 0 0 0 0 0 0 0 0 0 0 0 0 0 0 0 0 0 0 0 0 0 0 0 0 0 0 0 0.489264 0.476944 0 0 0 0 0 0 0 0 0 0.164132 0.0935079 -0.125472 0 0 0 0 0 0 0 0 0 0 0 0.394515 0.386118 0 0 0 0 0 0 0 0 0 0 0.446837 0 0 0.292118 0.266437 0 0 0 0 0 0 0 0 0 0.116682 -0.0211046 0 0.0683672 0.1746 -0.166779 0.336167 0 -0.228309 0 0 0 0 0 0 0 0 0 0 0 0 0 0 0 0 0 0 0 0 0 
0 0 0 0 0 0 0 0 0 0 0 0 0 0 0 0 0 0 0 0 0 0 0 0 0 0 0 0 0 0 0 0 0.465962 0.454214 0 0 0 0 0 0 0 0 0 -0.0108043 0 0 0 0 0 0 0 0 0 0 0 0 0 0.378859 0.371383 0.362417 0 0 0 0 0 0 0 0 0.414409 0 0 0 0.220648 0 0 0 0 0 0 0 0 0 0 0.228647 0.197535 0.0238425 0 -0.10289 0.52849 -0.0781777 -0.216278 0 0 0 0 0 0 0 0 0 0 0 0 0 0 0 0 0 0 0 0 0 
0 0 0 0 0 0 0 0 0 0 0 0 0 0 0 0 0 0 0 0 0 0 0 0 0 0 0 0 0 0 0 0 0 0.444254 0.433127 0 0 0 0 0 0 0 0 0 0 0 0 0 0 0 0 0 0 0 0 0 0 0 0 0.354729 0.345174 0 0 0 0 0 0 0 0.389136 0.371274 0 0 0.17931 0.129519 0 0 0 0 0 0 0 0 0 0 0.143108 0.00163868 0 -0.322179 0.595982 -0.0375335 -0.230154 0 0 0 0 0 0 0 0 0 0 0 0 0 0 0 0 0 0 0 0 0 
0 0 0 0 0 0 0 0 0 0 0 0 0 0 0 0 0 0 0 0 0 0 0 0 0 0 0 0 0 0 0 0 0 0 0.423129 0.4129 0 0 0 0 0 0 0 0 0 0 0 0 0 0 0 0 0 0 0 0 0 0 0 0 0.337156 0.326953 0 0 0 0 0 0 0 0.340506 0 0 0 0.0818422 0.0444367 0.0184202 -0.0128028 -0.0249338 -0.0123076 0.00511237 0.0265734 0.0123716 -0.00850878 0 0.00752893 0.120407 0 -0.25902 0.572273 -0.00169027 -0.214994 0 0 0 0 0 0 0 0 0 0 0 0 0 0 0 0 0 0 0 0 0 
0 0 0 0 0 0 0 0 0 0 0 0 0 0 0 0 0 0 0 0 0 0 0 0 0 0 0 0 0 0 0 0 0 0 0 0.405259 0.396036 0.387293 0 0 0 0 0 0 0 0 0 0 0 0 0 0 0 0 0 0 0 0 0 0 0 0.318657 0.315535 0 0 0 0 0 0 0.301325 0.276382 0 0 0 0 0 0 0 0 0 0 0 0 0 0 0.334921 0.0172866 -0.199439 0.547529 0 -0.18898 0 0 0 0 0 0 0 0 0 0 0 0 0 0 0 0 0 0 0 0 0 
0 0 0 0 0 0 0 0 0 0 0 0 0 0 0 0 0 0 0 0 0 0 0 0 0 0 0 0 0 0 0 0 0 0 0 0 0 0.378462 0.367592 0 0 0 0 0 0 0 0 0 0 0 0 0 0 0 0 0 0 0 0 0 0 0 0 0 0 0 0 0 0 0 0.233704 0 0 0 0 0 0 0 0 0 0 0 0 0 0 0.294127 0.000275437 -0.295832 0.521069 0 -0.11223 0 0 0 0 0 0 0 0 0 0 0 0 0 0 0 0 0 0 0 0 0 
0 0 0 0 0 0 0 0 0 0 0 0 0 0 0 0 0 0 0 0 0 0 0 0 0 0 0 0 0 0 0 0 0 0 0 0 0 0 0.358185 0.346438 0 0 0 0 0 0 0 0 0 0 0 0 0 0 0 0 0 0 0 0 0 0 0 0 0 0 0 0 0 0 0.199074 0.155054 0.11593 0 0 0 0 0 0 0 0 0 0 0 0 0.241396 -0.223855 -0.251842 0.49476 0 -0.0735341 0 0 0 0 0 0 0 0 0 0 0 0 0 0 0 0 0 0 0 0 0 
0 0 0 0 0 0 0 0 0 0 0 0 0 0 0 0 0 0 0 0 0 0 0 0 0 0 0 0 0 0 0 0 0 0 0 0 0 0 0 0.3374 0.325351 0 0 0 0 0 0 0 0 0 0 0 0 0 0 0 0 0 0 0 0 0 0 0 0 0 0 0 0 0 0 0 0.0886192 0.0625892 0 0 -0.0199406 -0.0081398 0.0171276 0.0275385 0 0 0 0 0 0.1916 -0.103148 0 0.475404 0.460947 -0.452033 0 0 0 0 0 0 0 0 0 0 0 0 0 0 0 0 0 0 0 0 0 
0 0 0 0 0 0 0 0 0 0 0 0 0 0 0 0 0 0 0 0 0 0 0 0 0 0 0 0 0 0 0 0 0 0 0 0 0 0 0 0 0.316742 0.307642 0.296036 0 0 0 0 0 0 0 0 0 0 0 0 0 0 0 0 0 0 0 0 0 0 0 0 0 0 0 0 0 0 0.0469412 0.0244321 -0.0143296 -0.024947 0 0 0.0212389 0.000199094 -0.0131249 0 0 0 0 -0.006842 0 0 0.435841 -0.420706 0 0 0 0 0 0 0 0 0 0 0 0 0 0 0 0 0 0 0 0 0 
0 0 0 0 0 0 0 0 0 0 0 0 0 0 0 0 0 0 0 0 0 0 0 0 0 0 0 0 0 0 0 0 0 0 0 0 0 0 0 0 0 0 0.287762 0.275582 0 0 0 0 0 0 0 0 0 0 0 0 0 0 0 0 0 0 0 0 0 0 0 0 0 0 0 0 0 0 0 0 0 0 0 0 0 0 0 0 0 0 0 0 0 0.401709 -0.387127 0 0 0 0 0 0 0 0 0 0 0 0 0 0 0 0 0 0 0 0 0 
0 0 0 0 0 0 0 0 0 0 0 0 0 0 0 0 0 0 0 0 0 0 0 0 0 0 0 0 0 0 0 0 0 0 0 0 0 0 0 0 0 0 0 0.268409 0.262754 0.257089 0 0 0 0 0 0 0 0 0 0 0 0 0 0 0 0 0 0 0 0 0 0 0 0 0 0 0 0 0 0 0 0 0 0 0 0 0 0 0 0 0 0 0 0.363621 -0.34966 0 0 0 0 0 0 0 0 0 0 0 0 0 0 0 0 0 0 0 0 0 
0 0 0 0 0 0 0 0 0 0 0 0 0 0 0 0 0 0 0 0 0 0 0 0 0 0 0 0 0 0 0 0 0 0 0 0 0 0 0 0 0 0 0 0 0 0.254689 0.253615 0 0 0 0 0 0 0 0 0 0 0 0 0 0 0 0 0 0 0 0 0 0 0 0 0 0 0 0 0 0 0 0 0 0 0 0 0 0 0 0 0 0 0.318173 -0.309432 0 0 0 0 0 0 0 0 0 0 0 0 0 0 0 0 0 0 0 0 0 
0 0 0 0 0 0 0 0 0 0 0 0 0 0 0 0 0 0 0 0 0 0 0 0 0 0 0 0 0 0 0 0 0 0 0 0 0 0 0 0 0 0 0 0 0 0 0.253124 0.24839 0.242055 0 0 0 0 0 0 0 0 0 0 0 0 0 0 0 0 0 0 0 0 0 0 0 0 0 0 0 0 0 0 0 0 0 0 0 0 0 0 0 0 0.26965 -0.192645 0 0 0 0 0 0 0 0 0 0 0 0 0 0 0 0 0 0 0 0 0 
0 0 0 0 0 0 0 0 0 0 0 0 0 0 0 0 0 0 0 0 0 0 0 0 0 0 0 0 0 0 0 0 0 0 0 0 0 0 0 0 0 0 0 0 0 0 0 0 0.234177 0.222608 0 0 0 0 0 0 0 0 0 0 0 0 0 0 0 0 0 0 0 0 0 0 0 0 0 0 0 0 0 0 0 0 0 0 0 0 0 0 0 0 0.00186552 0 0 0 0 0 0 0 0 0 0 0 0 0 0 0 0 0 0 0 0 0 
0 0 0 0 0 0 0 0 0 0 0 0 0 0 0 0 0 0 0 0 0 0 0 0 0 0 0 0 0 0 0 0 0 0 0 0 0 0 0 0 0 0 0 0 0 0 0 0 0 0.212057 0.197608 0 0 0 0 0 0 0 0 0 0 0 0 0 0 0 0 0 0 0 0 0 0 0 0 0 0 0 0 0 0 0 0 0 0 0 0 0 0 0 0.0207059 0 0 0 0 0 0 0 0 0 0 0 0 0 0 0 0 0 0 0 0 0 
0 0 0 0 0 0 0 0 0 0 0 0 0 0 0 0 0 0 0 0 0 0 0 0 0 0 0 0 0 0 0 0 0 0 0 0 0 0 0 0 0 0 0 0 0 0 0 0 0 0 0.185158 0.167692 0.150665 0 0 0 0 0 0 0 0 0 0 0 0 0 0 0 0 0 0 0 0 0 0 0 0 0 0 0 0 0 0 0 0 0 0 0 0 0 0.00172255 0 0 0 0 0 0 0 0 0 0 0 0 0 0 0 0 0 0 0 0 0 
0 0 0 0 0 0 0 0 0 0 0 0 0 0 0 0 0 0 0 0 0 0 0 0 0 0 0 0 0 0 0 0 0 0 0 0 0 0 0 0 0 0 0 0 0 0 0 0 0 0 0 0 0.136563 0.112351 0 0 0 0 0 0 0 0 0 0 0 0 0 0 0 0 0 0 0 0 0 0 0 0 0 0 0 0 0 0 0 0 0 0 0 0 0 0 0 0 0 0 0 0 0 0 0 0 0 0 0 0 0 0 0 0 0 0 
0 0 0 0 0 0 0 0 0 0 0 0 0 0 0 0 0 0 0 0 0 0 0 0 0 0 0 0 0 0 0 0 0 0 0 0 0 0 0 0 0 0 0 0 0 0 0 0 0 0 0 0 0 0.097449 0.0801452 0.0545285 0.0371893 0 0 0 0 0 0 0 0 0 0 0 0 0 0 0 0 0 0 0 0 0 0 0 0 0 0 0 0 0 0 0 0 0 0 0 0 0 0 0 0 0 0 0 0 0 0 0 0 0 0 0 0 0 0 0 
0 0 0 0 0 0 0 0 0 0 0 0 0 0 0 0 0 0 0 0 0 0 0 0 0 0 0 0 0 0 0 0 0 0 0 0 0 0 0 0 0 0 0 0 0 0 0 0 0 0 0 0 0 0 0 0 0.0301246 0.0210597 -0.00335219 -0.0158016 0 0 0 0 0 0 0 0 0 0 0 0 0 0 0 0 0 0 0 0 0 0 0 0 0 0 0 0 0 0 0 0 0 0 0 0 0 0 0 0 0 0 0 0 0 0 0 0 0 0 0 0 
0 0 0 0 0 0 0 0 0 0 0 0 0 0 0 0 0 0 0 0 0 0 0 0 0 0 0 0 0 0 0 0 0 0 0 0 0 0 0 0 0 0 0 0 0 0 0 0 0 0 0 0 0 0 0 0 0 0 0 0 0 0 0 0 0 0 0 0 0 0 0 0 0 0 0 0 0 0 0 0 0 0 0 0 0 0 0 0 0 0 0 0 0 0 0 0 0 0 0 0 0 0 0 0 0 0 0 0 0 0 0 0 
0 0 0 0 0 0 0 0 0 0 0 0 0 0 0 0 0 0 0 0 0 0 0 0 0 0 0 0 0 0 0 0 0 0 0 0 0 0 0 0 0 0 0 0 0 0 0 0 0 0 0 0 0 0 0 0 0 0 0 0 0 0 0 0 0 0 0 0 0 0 0 0 0 0 0 0 0 0 0 0 0 0 0 0 0 0 0 0 0 0 0 0 0 0 0 0 0 0 0 0 0 0 0 0 0 0 0 0 0 0 0 0 
0 0 0 0 0 0 0 0 0 0 0 0 0 0 0 0 0 0 0 0 0 0 0 0 0 0 0 0 0 0 0 0 0 0 0 0 0 0 0 0 0 0 0 0 0 0 0 0 0 0 0 0 0 0 0 0 0 0 0 0 0 0 0 0 0 0 0 0 0 0 0 0 0 0 0 0 0 0 0 0 0 0 0 0 0 0 0 0 0 0 0 0 0 0 0 0 0 0 0 0 0 0 0 0 0 0 0 0 0 0 0 0 
0 0 0 0 0 0 0 0 0 0 0 0 0 0 0 0 0 0 0 0 0 0 0 0 0 0 0 0 0 0 0 0 0 0 0 0 0 0 0 0 0 0 0 0 0 0 0 0 0 0 0 0 0 0 0 0 0 0 0 0 0 0 0 0 0 0 0 0 0 0 0 0 0 0 0 0 0 0 0 0 0 0 0 0 0 0 0 0 0 0 0 0 0 0 0 0 0 0 0 0 0 0 0 0 0 0 0 0 0 0 0 0 
0 0 0 0 0 0 0 0 0 0 0 0 0 0 0 0 0 0 0 0 0 0 0 0 0 0 0 0 0 0 0 0 0 0 0 0 0 0 0 0 0 0 0 0 0 0 0 0 0 0 0 0 0 0 0 0 0 0 0 0 0 0 0 0 0 0 0 0 0 0 0 0 0 0 0 0 0 0 0 0 0 0 0 0 0 0 0 0 0 0 0 0 0 0 0 0 0 0 0 0 0 0 0 0 0 0 0 0 0 0 0 0 
0 0 0 0 0 0 0 0 0 0 0 0 0 0 0 0 0 0 0 0 0 0 0 0 0 0 0 0 0 0 0 0 0 0 0 0 0 0 0 0 0 0 0 0 0 0 0 0 0 0 0 0 0 0 0 0 0 0 0 0 0 0 0 0 0 0 0 0 0 0 0 0 0 0 0 0 0 0 0 0 0 0 0 0 0 0 0 0 0 0 0 0 0 0 0 0 0 0 0 0 0 0 0 0 0 0 0 0 0 0 0 0 
0 0 0 0 0 0 0 0 0 0 0 0 0 0 0 0 0 0 0 0 0 0 0 0 0 0 0 0 0 0 0 0 0 0 0 0 0 0 0 0 0 0 0 0 0 0 0 0 0 0 0 0 0 0 0 0 0 0 0 0 0 0 0 0 0 0 0 0 0 0 0 0 0 0 0 0 0 0 0 0 0 0 0 0 0 0 0 0 0 0 0 0 0 0 0 0 0 0 0 0 0 0 0 0 0 0 0 0 0 0 0 0 
0 0 0 0 0 0 0 0 0 0 0 0 0 0 0 0 0 0 0 0 0 0 0 0 0 0 0 0 0 0 0 0 0 0 0 0 0 0 0 0 0 0 0 0 0 0 0 0 0 0 0 0 0 0 0 0 0 0 0 0 0 0 0 0 0 0 0 0 0 0 0 0 0 0 0 0 0 0 0 0 0 0 0 0 0 0 0 0 0 0 0 0 0 0 0 0 0 0 0 0 0 0 0 0 0 0 0 0 0 0 0 0 
0 0 0 0 0 0 0 0 0 0 0 0 0 0 0 0 0 0 0 0 0 0 0 0 0 0 0 0 0 0 0 0 0 0 0 0 0 0 0 0 0 0 0 0 0 0 0 0 0 0 0 0 0 0 0 0 0 0 0 0 0 0 0 0 0 0 0 0 0 0 0 0 0 0 0 0 0 0 0 0 0 0 0 0 0 0 0 0 0 0 0 0 0 0 0 0 0 0 0 0 0 0 0 0 0 0 0 0 0 0 0 0 
0 0 0 0 0 0 0 0 0 0 0 0 0 0 0 0 0 0 0 0 0 0 0 0 0 0 0 0 0 0 0 0 0 0 0 0 0 0 0 0 0 0 0 0 0 0 0 0 0 0 0 0 0 0 0 0 0 0 0 0 0 0 0 0 0 0 0 0 0 0 0 0 0 0 0 0 0 0 0 0 0 0 0 0 0 0 0 0 0 0 0 0 0 0 0 0 0 0 0 0 0 0 0 0 0 0 0 0 0 0 0 0 
0 0 0 0 0 0 0 0 0 0 0 0 0 0 0 0 0 0 0 0 0 0 0 0 0 0 0 0 0 0 0 0 0 0 0 0 0 0 0 0 0 0 0 0 0 0 0 0 0 0 0 0 0 0 0 0 0 0 0 0 0 0 0 0 0 0 0 0 0 0 0 0 0 0 0 0 0 0 0 0 0 0 0 0 0 0 0 0 0 0 0 0 0 0 0 0 0 0 0 0 0 0 0 0 0 0 0 0 0 0 0 0 
0 0 0 0 0 0 0 0 0 0 0 0 0 0 0 0 0 0 0 0 0 0 0 0 0 0 0 0 0 0 0 0 0 0 0 0 0 0 0 0 0 0 0 0 0 0 0 0 0 0 0 0 0 0 0 0 0 0 0 0 0 0 0 0 0 0 0 0 0 0 0 0 0 0 0 0 0 0 0 0 0 0 0 0 0 0 0 0 0 0 0 0 0 0 0 0 0 0 0 0 0 0 0 0 0 0 0 0 0 0 0 0 
0 0 0 0 0 0 0 0 0 0 0 0 0 0 0 0 0 0 0 0 0 0 0 0 0 0 0 0 0 0 0 0 0 0 0 0 0 0 0 0 0 0 0 0 0 0 0 0 0 0 0 0 0 0 0 0 0 0 0 0 0 0 0 0 0 0 0 0 0 0 0 0 0 0 0 0 0 0 0 0 0 0 0 0 0 0 0 0 0 0 0 0 0 0 0 0 0 0 0 0 0 0 0 0 0 0 0 0 0 0 0 0 
0 0 0 0 0 0 0 0 0 0 0 0 0 0 0 0 0 0 0 0 0 0 0 0 0 0 0 0 0 0 0 0 0 0 0 0 0 0 0 0 0 0 0 0 0 0 0 0 0 0 0 0 0 0 0 0 0 0 0 0 0 0 0 0 0 0 0 0 0 0 0 0 0 0 0 0 0 0 0 0 0 0 0 0 0 0 0 0 0 0 0 0 0 0 0 0 0 0 0 0 0 0 0 0 0 0 0 0 0 0 0 0 
0 0 0 0 0 0 0 0 0 0 0 0 0 0 0 0 0 0 0 0 0 0 0 0 0 0 0 0 0 0 0 0 0 0 0 0 0 0 0 0 0 0 0 0 0 0 0 0 0 0 0 0 0 0 0 0 0 0 0 0 0 0 0 0 0 0 0 0 0 0 0 0 0 0 0 0 0 0 0 0 0 0 0 0 0 0 0 0 0 0 0 0 0 0 0 0 0 0 0 0 0 0 0 0 0 0 0 0 0 0 0 0 
0 0 0 0 0 0 0 0 0 0 0 0 0 0 0 0 0 0 0 0 0 0 0 0 0 0 0 0 0 0 0 0 0 0 0 0 0 0 0 0 0 0 0 0 0 0 0 0 0 0 0 0 0 0 0 0 0 0 0 0 0 0 0 0 0 0 0 0 0 0 0 0 0 0 0 0 0 0 0 0 0 0 0 0 0 0 0 0 0 0 0 0 0 0 0 0 0 0 0 0 0 0 0 0 0 0 0 0 0 0 0 0 
0 0 0 0 0 0 0 0 0 0 0 0 0 0 0 0 0 0 0 0 0 0 0 0 0 0 0 0 0 0 0 0 0 0 0 0 0 0 0 0 0 0 0 0 0 0 0 0 0 0 0 0 0 0 0 0 0 0 0 0 0 0 0 0 0 0 0 0 0 0 0 0 0 0 0 0 0 0 0 0 0 0 0 0 0 0 0 0 0 0 0 0 0 0 0 0 0 0 0 0 0 0 0 0 0 0 0 0 0 0 0 0 
0 0 0 0 0 0 0 0 0 0 0 0 0 0 0 0 0 0 0 0 0 0 0 0 0 0 0 0 0 0 0 0 0 0 0 0 0 0 0 0 0 0 0 0 0 0 0 0 0 0 0 0 0 0 0 0 0 0 0 0 0 0 0 0 0 0 0 0 0 0 0 0 0 0 0 0 0 0 0 0 0 0 0 0 0 0 0 0 0 0 0 0 0 0 0 0 0 0 0 0 0 0 0 0 0 0 0 0 0 0 0 0 
0 0 0 0 0 0 0 0 0 0 0 0 0 0 0 0 0 0 0 0 0 0 0 0 0 0 0 0 0 0 0 0 0 0 0 0 0 0 0 0 0 0 0 0 0 0 0 0 0 0 0 0 0 0 0 0 0 0 0 0 0 0 0 0 0 0 0 0 0 0 0 0 0 0 0 0 0 0 0 0 0 0 0 0 0 0 0 0 0 0 0 0 0 0 0 0 0 0 0 0 0 0 0 0 0 0 0 0 0 0 0 0 
0 0 0 0 0 0 0 0 0 0 0 0 0 0 0 0 0 0 0 0 0 0 0 0 0 0 0 0 0 0 0 0 0 0 0 0 0 0 0 0 0 0 0 0 0 0 0 0 0 0 0 0 0 0 0 0 0 0 0 0 0 0 0 0 0 0 0 0 0 0 0 0 0 0 0 0 0 0 0 0 0 0 0 0 0 0 0 0 0 0 0 0 0 0 0 0 0 0 0 0 0 0 0 0 0 0 0 0 0 0 0 0 
0 0 0 0 0 0 0 0 0 0 0 0 0 0 0 0 0 0 0 0 0 0 0 0 0 0 0 0 0 0 0 0 0 0 0 0 0 0 0 0 0 0 0 0 0 0 0 0 0 0 0 0 0 0 0 0 0 0 0 0 0 0 0 0 0 0 0 0 0 0 0 0 0 0 0 0 0 0 0 0 0 0 0 0 0 0 0 0 0 0 0 0 0 0 0 0 0 0 0 0 0 0 0 0 0 0 0 0 0 0 0 0 
0 0 0 0 0 0 0 0 0 0 0 0 0 0 0 0 0 0 0 0 0 0 0 0 0 0 0 0 0 0 0 0 0 0 0 0 0 0 0 0 0 0 0 0 0 0 0 0 0 0 0 0 0 0 0 0 0 0 0 0 0 0 0 0 0 0 0 0 0 0 0 0 0 0 0 0 0 0 0 0 0 0 0 0 0 0 0 0 0 0 0 0 0 0 0 0 0 0 0 0 0 0 0 0 0 0 0 0 0 0 0 0 
0 0 0 0 0 0 0 0 0 0 0 0 0 0 0 0 0 0 0 0 0 0 0 0 0 0 0 0 0 0 0 0 0 0 0 0 0 0 0 0 0 0 0 0 0 0 0 0 0 0 0 0 0 0 0 0 0 0 0 0 0 0 0 0 0 0 0 0 0 0 0 0 0 0 0 0 0 0 0 0 0 0 0 0 0 0 0 0 0 0 0 0 0 0 0 0 0 0 0 0 0 0 0 0 0 0 0 0 0 0 0 0 
0 0 0 0 0 0 0 0 0 0 0 0 0 0 0 0 0 0 0 0 0 0 0 0 0 0 0 0 0 0 0 0 0 0 0 0 0 0 0 0 0 0 0 0 0 0 0 0 0 0 0 0 0 0 0 0 0 0 0 0 0 0 0 0 0 0 0 0 0 0 0 0 0 0 0 0 0 0 0 0 0 0 0 0 0 0 0 0 0 0 0 0 0 0 0 0 0 0 0 0 0 0 0 0 0 0 0 0 0 0 0 0 
