0 0 0 0 0 0 0 0 0 0 0 0 0 0 0 0 0 0 0 0 0 0 0 0 0 0 0 0 0 0 0 0 0 0 0 0 0 0 0 0 0 0 0 0 0 0 0 0 0 0 
4.9e-006 0.000607216 5.71105 4.7069e-005 -8.70192e-006 -14.2048 -53.7488 18.5117 -25.5999 17.6339 -25.6 -50.6706 18.469 18.4691 -50.6697 -24.8786 15.9287 -24.8788 -50.7207 18.5116 18.5117 -50.7198 -24.9212 15.9196 -24.9215 -50.7084 18.5088 18.509 -50.7076 -24.9167 15.9192 -24.9169 -50.7132 18.5035 18.5036 -50.7123 -24.8615 15.9172 -24.8617 -50.8426 18.4031 18.4032 -50.8417 -23.7464 14.9879 -23.7466 -53.7488 17.4771 17.4772 -53.7479 
9.8e-006 0.0229904 351.519 0.000824205 -0.000380718 -248.733 -1142.44 496.111 -449.847 393.713 -449.852 -1092.66 495.198 495.197 -1092.64 -462.685 393.629 -462.692 -1091.26 496.111 496.11 -1091.24 -462.365 392.269 -462.373 -1091.32 496.069 496.069 -1091.29 -462.306 392.086 -462.313 -1091.45 496.095 496.094 -1091.43 -460.988 391.146 -460.995 -1094.62 494.787 494.786 -1094.6 -439.601 369.504 -439.607 -1142.44 473.662 473.662 -1142.41 
1.47e-005 0.143985 6939.43 -0.00325041 -0.00333056 980.928 0 1797.74 1329.06 40.9515 1329.08 1773.83 404.521 404.521 1773.85 1198.75 179.831 1198.77 1637.06 433.642 433.643 1637.09 1233.16 145.627 1233.18 1630.6 431.973 431.974 1630.63 1232.29 148.066 1232.31 1633.77 433.099 433.1 1633.8 1222.37 159.301 1222.39 1670.41 411.006 411.004 1670.43 1239.44 156.342 1239.46 1797.74 471.575 471.58 1797.74 
1.96e-005 0.293852 24508.9 -0.00915889 -0.0123365 2764.02 0 3372.41 2326.49 2493.76 2326.49 2628.09 3113.05 3113.05 2628.1 3152.46 2553.84 3152.48 2503.08 3364.33 3364.34 2503.09 2902.06 2663.4 2902.06 2321.52 3196.73 3196.74 2321.53 2906.35 2656.28 2906.36 2496.41 3372.4 3372.41 2496.41 3049.64 2603.71 3049.65 2257.41 3176.77 3176.77 2257.41 3262.57 2317.14 3262.58 1929.97 2441 2441.01 1929.99 
2.45e-005 0.444603 42178.2 -0.0141409 -0.0429327 4267.54 0 5725.5 2453.27 3499.66 2453.25 3217.96 4922.95 4922.94 3217.97 4423.76 5621.22 4423.75 3559.55 5524.32 5524.32 3559.56 4551.12 5695.65 4551.11 3486.7 5574.37 5574.36 3486.73 4565.03 5668.01 4565.02 3519.33 5556.18 5556.18 3519.35 4526.69 5725.5 4526.68 3362.26 5439.58 5439.58 3362.28 4064.3 5010.48 4064.28 1875.19 3385.45 3385.45 1875.2 
2.94e-005 0.595372 58634.7 -0.0186555 -0.110591 5629.97 0 7633.11 2803.42 3343.23 2803.4 4636.92 5405.39 5405.39 4636.91 5886.64 6967.04 5886.63 5676.15 6997.45 6997.44 5676.14 6307.18 7603.89 6307.17 5777.22 7134.76 7134.76 5777.22 6318.23 7633.11 6318.23 5779.71 7119.56 7119.55 5779.71 6196.93 7482.64 6196.92 5422.98 6597.84 6597.85 5422.99 4756.98 5770.39 4756.96 2812.4 3199.51 3199.51 2812.41 
3.43e-005 0.746141 74117.7 -0.022403 -0.218746 6760.91 0 9057.86 3053.14 3069.36 3053.13 5748.33 5435.25 5435.24 5748.33 6921.97 7486.73 6921.95 8010.21 8158.74 8158.71 8010.28 7907.75 8858.79 7907.68 8327.89 8628.23 8628.26 8328.03 7933.66 9057.86 7933.54 8280.39 8502.58 8502.58 8280.53 7623.18 8461.76 7623.13 7063.87 7304.24 7304.24 7063.86 5311.6 5543.62 5311.59 3482.67 3046.21 3046.2 3482.67 
3.92e-005 0.896911 89584.8 -0.0251773 -0.363986 7598.14 0 10326.3 3244.5 2931.34 3244.51 6318.45 5458.93 5458.92 6318.46 7655.54 7653.16 7655.53 9124.98 9167.02 9167 9124.99 9523.75 9861.25 9523.75 9715.19 10326.3 10326.3 9715.2 9825.99 10069.7 9826 9468.21 9917.9 9917.92 9468.2 9016.41 9028.98 9016.41 7961.21 7710.64 7710.66 7961.2 5607.08 5375.21 5607.06 4008.38 3050.73 3050.73 4008.38 
4.41e-005 1.04768 104975 -0.0272267 -0.543938 8216.63 0 11517 3359.26 3059.34 3359.27 6679.78 5554.26 5554.25 6679.79 7977.43 7880.53 7977.45 9755.31 9838.5 9838.47 9755.32 10687.1 10999.8 10687.1 10867.2 11432.1 11432.2 10867.2 11200 11517 11199.9 10511.2 10938.5 10938.6 10511.2 9638 9787.48 9637.99 8362.98 8021.27 8021.26 8363 5688.38 5376.31 5688.39 4493.97 3233.6 3233.59 4493.98 
4.9e-005 1.19845 120188 -0.028711 -0.757734 8664.57 0 12625 3466.28 3373.46 3466.28 7079.19 5686.32 5686.32 7079.23 8054.3 8152.06 8054.31 10089.9 10349.2 10349.2 10090 11230 11843.3 11230 11601.1 12625 12625 11601.2 11880.7 12624.7 11880.7 11084.4 11866.2 11866.2 11084.4 9884.25 10282 9884.26 8605.62 8272.13 8272.12 8605.66 5733.79 5548.13 5733.8 5034.73 3500.93 3500.93 5034.75 
5.39e-005 1.34922 135421 -0.0297859 -1.00516 8988.96 0 13422.6 3636.34 3786.23 3636.36 7610.15 5897.44 5897.44 7610.19 8070.38 8462.85 8070.39 10298.9 10637.3 10637.3 10298.9 11412.3 12459.3 11412.3 11965.5 13302.2 13302.2 11965.5 12204.7 13422.6 12204.7 11355.2 12369.8 12369.8 11355.2 9916.73 10685.2 9916.74 8902.54 8483.61 8483.6 8902.58 5775.11 5876.23 5775.11 5743.24 3840.3 3840.3 5743.26 
5.88e-005 1.49999 150945 -0.0306237 -1.28655 9241.8 0 13748.1 3976.89 4370.42 3976.91 8376.59 6095.59 6095.59 8376.63 8131.29 8766.79 8131.31 10554.5 10771.4 10771.4 10554.5 11333.4 12730.1 11333.4 12059.1 13512.1 13512.1 12059.1 12138.9 13748.1 12138.9 11480.3 12537.3 12537.3 11480.3 9866.34 10929.4 9866.34 9375.65 8681.14 8681.14 9375.69 5918.64 6194.82 5918.65 6673.39 4225.49 4225.5 6673.41 
6.37e-005 1.65076 166957 -0.031413 -1.60219 9480 0 13574.2 4453.41 4930.35 4453.43 9401.28 6336.8 6336.8 9401.33 8308.98 8947.99 8308.99 10947.3 10769.6 10769.6 10947.3 11120.5 12631.3 11120.5 12046.5 13311.9 13311.9 12046.6 11814.7 13574.2 11814.7 11614.3 12418.8 12418.8 11614.3 9832.49 10960.3 9832.5 10068 8843.73 8843.73 10068 6197.93 6443.32 6197.95 8013.56 4836.39 4836.4 8013.59 
6.86e-005 1.80153 183499 -0.0321051 -1.95179 9688.85 0 12983.2 4961.33 5199.9 4961.34 10677.2 6563.58 6563.57 10677.2 8639.76 8927.42 8639.78 11525.5 10641 10641 11525.5 10875.9 12195.9 10875.9 12092 12802.2 12802.2 12092.1 11384 12983.2 11384 11868.4 12071.6 12071.6 11868.5 9827.44 10757.7 9827.45 10998.7 8951.66 8951.66 10998.7 6633.39 6595.76 6633.4 9372.46 5249.68 5249.68 9372.5 
7.35e-005 1.9523 200539 -0.0327931 -2.33364 9896.49 0 12304.1 5493.65 5485.19 5493.67 12037.9 6664.52 6664.5 12038 9052.01 8842.72 9052.03 12259.7 10385.1 10385.1 12259.8 10678.2 11515 10678.2 12304 12112.6 12112.6 12304.1 10976.4 12124.2 10976.4 12277.8 11558.5 11558.4 12277.9 9951.13 10334.4 9951.14 12051.2 8953.82 8953.81 12051.2 7173.01 6566.8 7173.02 10853.3 5609.13 5609.12 10853.3 
7.84e-005 2.10306 217912 -0.0334967 -2.74594 10108.8 0 13385.5 6113.8 5812.75 6113.82 13385.4 6621 6620.97 13385.5 9482.84 8556.8 9482.85 13089.4 10034.1 10034.1 13089.5 10562.1 10693.3 10562.1 12709.2 11375.4 11375.3 12709.3 10665.8 11155.6 10665.8 12861.5 10991.3 10991.3 12861.6 10079.7 9764.2 10079.7 13167.6 8901.66 8901.64 13167.6 7664.4 6351.2 7664.41 12348.5 6064.75 6064.74 12348.5 
8.33e-005 2.25383 235415 -0.0343004 -3.18723 10351.4 0 14613.3 6914.6 6463.42 6914.63 14613.2 6653.18 6653.14 14613.3 9857.55 8205.78 9857.56 13924 9683.12 9683.08 13924.1 10533.1 9851.61 10533.1 13239.4 10693.9 10693.8 13239.5 10540.9 10168.7 10540.9 13475.1 10396 10395.9 13475.2 10307.5 9179.6 10307.5 14168.9 8762.97 8762.93 14169 8077.31 6193.06 8077.31 13822.4 6684.22 6684.21 13822.4 
8.82e-005 2.4046 252998 -0.0354127 -3.65689 10687 0 15801 7614.81 7147.33 7614.83 15800.9 7307.95 7307.91 15801 10222.4 8012.75 10222.4 14725.1 9361.15 9361.1 14725.2 10618 9038.85 10618.1 14005.5 10070.7 10070.6 14005.7 10539 9215.53 10539 14246.8 9912.02 9911.97 14246.9 10491 8487.29 10491 15057.9 8693.19 8693.14 15058 8794.59 6521.39 8794.6 15331.3 7423.77 7423.77 15331.4 
9.31e-005 2.55537 270357 -0.0368906 -4.15132 11133.1 0 17216.2 8511.33 7778.52 8511.35 17216.1 7925.67 7925.61 17216.2 10677.9 7785.3 10677.9 15476.7 9260.62 9260.56 15476.9 10861.9 8333.87 10862 14740.9 9721.86 9721.8 14741.1 10781.7 8448.98 10781.7 14983.8 9615.57 9615.52 14983.9 10756.4 7941.01 10756.4 16015.4 8961.5 8961.45 16015.5 9429.23 6952.93 9429.22 17015.8 8221.19 8221.17 17015.8 
9.8e-005 2.70614 287712 -0.0386716 -4.66079 11670.5 0 18666.5 9314.53 8511.27 9314.55 18549.4 8502.07 8502 18549.5 11212.3 7893.41 11212.2 16277.9 9356.41 9356.35 16278 11257.5 7761.49 11257.5 15526.6 9565.91 9565.84 15526.7 11195.6 7781.08 11195.6 15763 9522.12 9522.05 15763.1 11104.5 7679.61 11104.5 16891.4 9738.45 9738.4 16891.6 10066.4 7532.84 10066.4 18666.4 8990.44 8990.42 18666.5 
0.0001029 2.85691 304863 -0.0417109 -5.16866 12587.8 0 20237.9 10119.5 9193.78 10119.5 19853.3 8967.35 8967.28 19853.4 12247.6 8853.36 12247.6 17406.2 10349.7 10349.6 17406.2 12222.1 8190.95 12222.2 16517.5 10168.9 10168.8 16517.6 12251.3 7954.54 12251.3 16798.4 10250.9 10250.8 16798.5 12246.7 8287.67 12246.7 18201.9 10574.1 10574 18202 10781.6 8014.92 10781.6 20237.9 9900.36 9900.34 20237.9 
0.0001078 3.00768 321203 -0.0448545 -5.65104 13536.4 0 21769.2 10921.3 9817.41 10921.4 21293.4 9606.43 9606.31 21293.4 12954 9095.51 12954 18620.6 11441.4 11441.3 18620.8 13221.9 8646.67 13221.9 17703.5 11320.8 11320.7 17703.7 13161.7 8482.15 13161.7 17994.2 11402.1 11402 17994.4 13160.8 8862.61 13160.8 19467.6 11373.1 11373 19467.7 11371.5 8417.18 11371.5 21769.1 10820.8 10820.8 21769.2 
0.0001127 3.15845 337225 -0.0479231 -6.07821 14462.5 0 23246.4 11830.8 10520.1 11830.8 22760.4 10204.3 10204.1 22760.4 13721 9567.67 13720.9 19637.4 12478 12477.9 19637.6 14176.4 9207.09 14176.3 18777.3 12416.7 12416.6 18777.5 14147.6 8987.91 14147.5 19071 12515.1 12515 19071.1 13985.4 9489.22 13985.4 20528.2 12145.6 12145.5 20528.3 11966.7 8787.32 11966.7 23246.4 11825 11825 23246.4 
0.0001176 3.30922 353037 -0.0508462 -6.41754 15344.7 0 24633.7 12723 11313.5 12723.1 24014.8 10967.4 10967.3 24014.8 14385.9 10094.5 14385.9 20404.7 13571.2 13571.1 20404.9 14901.1 9993.51 14901.1 19574.5 13694.7 13694.6 19574.6 14928.4 9897.98 14928.4 19863.2 13743.8 13743.8 19863.4 14647.8 10299.9 14647.8 21418.6 12880.3 12880.2 21418.7 12552.5 9280.33 12552.5 24633.6 12892.4 12892.4 24633.7 
0.0001225 3.45999 368335 -0.0537012 -6.63778 16206.3 0 25807.6 13568.7 12237.9 13568.7 25133 11813.8 11813.7 25133.1 14879.9 10843.5 14879.9 21006.2 14693.2 14693.1 21006.4 15406.4 11224.9 15406.4 20058.4 15200.9 15200.8 20058.6 15382.7 11123.6 15382.7 20354 15173.7 15173.6 20354.2 15129.5 11375.8 15129.5 22371.2 13708.7 13708.6 22371.3 13064.6 10029.7 13064.6 25807.5 14161.3 14161.3 25807.6 
0.0001274 3.61076 383232 -0.0564784 -6.72238 17044.4 0 26971.2 14330.6 13274.7 14330.7 26131.8 12782.9 12782.8 26131.9 15180.2 11946.6 15180.2 21545.7 15670.5 15670.4 21545.9 15843.6 13125.9 15843.5 19386.2 17735.9 17735.8 19386.4 14958.8 13541.3 14958.7 20126.7 17382.8 17382.8 20127 15320 12356.6 15320 23204.2 14817 14816.9 23204.3 13580.9 11144.3 13580.9 26971.1 15268.3 15268.2 26971.2 
0.0001323 3.76153 397688 -0.0596352 -6.67472 17997 0 27958.9 15026.4 14425.8 15026.4 26998.5 13745.8 13745.7 26998.5 15509.9 13286.3 15509.9 22123.9 17093.7 17093.5 22124.1 15987.5 15290.8 15987.5 20243.4 19284.9 19284.8 20243.6 15940.8 15788.5 15940.7 20690.5 18706.2 18706.1 20690.7 15630.9 14436.1 15630.9 23863.9 15903 15902.9 23864 14000.1 12432.4 14000 27958.8 16399.7 16399.7 27958.9 
0.0001372 3.9123 411816 -0.0628257 -6.52452 18959.9 0 28740.8 15758.7 15781.7 15758.8 27741.5 14756.2 14756.1 27741.6 15786.2 14885.7 15786.2 22670.8 18600.2 18600.1 22671 16154.8 17668.5 16154.8 20194.4 21459.7 21459.6 20194.7 16656.6 19871.5 16656.6 20805 20236.7 20236.6 20805.2 15748.3 16321.3 15748.3 24349.8 17377.6 17377.5 24350 14304.9 13848.8 14304.8 28740.7 17627 17627 28740.8 
0.0001421 4.06306 425395 -0.066239 -6.31802 19990 0 29286.5 16601.3 17509.8 16601.3 28183.1 15934.3 15934.2 28183.2 15987.9 16856.6 15987.9 22844.9 20658.3 20658.2 22845.1 16448.7 20427.4 16448.6 20363.6 23816.1 23815.9 20364 17065.2 22468.4 17065.1 21038.8 22822.5 22822.4 21039.1 15900.9 18352.4 15900.8 24627.2 19114.2 19114.1 24627.4 14557.8 15343.1 14557.8 29286.4 19059.4 19059.4 29286.5 
0.000147 4.21383 438765 -0.0698709 -6.09405 21086.1 0 29599.9 17200.9 19043.5 17200.9 28714.9 17343.5 17343.4 28715.1 16324 18573 16324 22613.5 23027.6 23027.4 22613.7 17081.2 23198.8 17081.2 20434.9 26449.4 26449.2 20435.2 17422.9 24629.3 17422.8 20984.3 25346.2 25346 20984.6 16228.9 19969.1 16228.8 24311.2 23174.3 23174.2 24311.4 14356.5 17790.4 14356.4 29599.8 20591 20590.9 29599.9 
0.0001519 4.3646 452417 -0.0731351 -5.86134 22071.1 0 29885.4 17747.4 20354.9 17747.4 28341.5 19534.6 19534.5 28341.7 16717.7 20475 16717.7 22147.9 25747.2 25747 22148.1 17644.8 25398.3 17644.8 20215.4 29092.5 29092.4 20215.8 18002.8 26565.2 18002.7 20875.4 27917.9 27917.8 20875.8 16824.5 22860.4 16824.4 24025.2 24196.8 24196.7 24025.4 15071.6 18658.9 15071.6 29885.3 22348.6 22348.5 29885.4 
0.0001568 4.51537 466033 -0.0772435 -5.60067 23311 0 31730 18485.1 21995.7 18485.1 28196.5 21504.6 21504.5 28196.8 17553.3 22921.2 17553.3 21968.3 28840.3 28840.2 21968.6 18534.3 27571.4 18534.2 19829 31730 31729.9 19829.4 18755.5 28640.5 18755.3 20481.7 30214.4 30214.3 20482.1 18689.6 28268 18689.4 23396.1 27328.7 27328.6 23396.5 15393.1 19714.6 15393.1 29716.5 24357.7 24357.7 29716.7 
0.0001617 4.66614 479574 -0.0813785 -5.29297 24558.9 0 34300.5 19657.2 23609.5 19657.3 27431.7 23791.6 23791.5 27431.9 18633.8 25994.9 18633.8 21571.6 31829.8 31829.6 21571.9 19629.7 30011.7 19629.6 19354.6 34300.5 34300.4 19355 19606.1 30843.4 19606 19968.7 33956.5 33956.4 19969.1 19390.5 29628.8 19390.4 23135.2 30365.1 30364.9 23135.5 15626.8 21551.9 15626.7 29046.8 27619.5 27619.5 29047 
0.0001666 4.81691 493570 -0.0859593 -4.94945 25941.3 0 37035.1 20708.6 25378.9 20708.6 26528.7 26509.4 26509.2 26529.1 21152.7 31234.2 21152.6 20665 34670.2 34670 20665.5 21144.6 32878.2 21144.5 18876.9 36803.6 36803.5 18877.3 20917.9 33750.8 20917.8 19290.7 37035.1 37035 19291.1 20573.7 32375.3 20573.6 22254.2 33191 33190.8 22254.7 16843.7 23847 16843.7 29282.4 28585.6 28585.6 29282.7 
0.0001715 4.96768 507685 -0.0899734 -4.61016 27152.7 0 39986.8 21571.5 26803.1 21571.6 26708.6 28957.3 28957.1 26708.9 21684.9 32254.5 21684.8 19564.5 38172.2 38172 19565 22117 35701.4 22116.9 18225.4 39669.7 39669.6 18225.9 22364.9 37143.9 22364.8 18485.1 39986.8 39986.7 18485.6 21597 34708.9 21596.9 21336.6 36001 36000.8 21337.1 17687.4 25684.6 17687.3 29237.3 30690.2 30690.2 29237.6 
0.0001764 5.11845 522359 -0.0939608 -4.31383 28356 0 42761.3 22857.6 28631.3 22857.7 25787.1 31478.3 31478.1 25787.4 22573.3 34238.3 22573.1 18606.6 41202.2 41202 18607.1 23306.7 39232.3 23306.6 17368.8 42740.4 42740.3 17369.3 23595.1 40661.9 23595 17614.8 42761.3 42761.2 17615.3 22331.2 36841.4 22331.1 20572.3 38777.2 38777.1 20572.8 18503.7 27440.9 18503.6 29038.9 32837.3 32837.2 29039.2 
0.0001813 5.26922 536923 -0.0975231 -4.06868 29431.1 0 46168.3 24041.1 30408.2 24041.1 25048.2 33624.3 33624.1 25048.6 23024.6 35938.3 23024.5 17615.8 43968.3 43968.2 17616.4 24113.4 42979.6 24113.2 16215 46168.3 46168.2 16215.6 24317.6 44158.1 24317.5 16611.7 45428.1 45428 16612.3 22854.2 39300 22854 19951.5 41356.6 41356.5 19952 18979.9 29065.2 18979.8 28873.8 34934.7 34934.7 28874.1 
0.0001862 5.41999 551063 -0.100698 -3.86384 30389.2 0 49287.9 24966.1 32004.7 24966.2 24544.6 35422.2 35422 24545 23075.6 37843.2 23075.5 16681.8 46260.9 46260.8 16682.4 24761.9 46982.6 24761.7 14989.4 49287.9 49287.8 14990 24856.8 47981.6 24856.6 15653.9 47769.6 47769.5 15654.5 23286 42434 23285.9 19342.3 43657.4 43657.3 19342.8 18941.6 30656.6 18941.5 28786.1 36937.7 36937.7 28786.5 
0.0001911 5.57076 565012 -0.103498 -3.70546 31234.1 0 52043.4 25317.7 33344.9 25317.7 24513.4 36938.2 36938 24513.8 22716 40027.5 22715.9 16155.9 48376.6 48376.4 16156.4 25052.9 50590.4 25052.8 13782.2 52043.4 52043.3 13782.8 25090.2 51798.5 25090 14791.6 50100.5 50100.3 14792.2 23434.2 45760.5 23434.1 19104.5 45657.8 45657.6 19105 18481.4 32209.3 18481.3 28818.7 38675 38675 28819.1 
0.000196 5.72153 579163 -0.105928 -3.62675 31967.4 0 55614.8 25257.6 34562.3 25257.6 24645.1 38154.3 38154.1 24645.6 22269.9 41991.9 22269.8 15791.2 50364.7 50364.5 15791.7 25119.3 53690 25119.1 12955.2 54041.8 54041.7 12955.8 25215 55614.8 25214.8 14421 52363.9 52363.8 14421.5 23253.7 48895.1 23253.6 19053.4 47210.8 47210.6 19053.8 17914 33659.1 17913.9 28949.2 40128.6 40128.5 28949.6 
0.0002009 5.8723 593753 -0.107984 -3.65886 32588.1 0 58585.2 25037.9 35778.6 25038 24977.4 39196.2 39196 24977.9 21641 43286.7 21640.9 15751 52005.8 52005.7 15751.5 24755.2 55860 24755 13037.1 55671.3 55671.2 13037.6 25282.4 58585.2 25282.2 14011.8 54554.1 54554 14012.3 22881.3 51178.9 22881.1 19281.4 48434 48433.9 19281.9 17446.1 34897.1 17446 29160.8 41430.8 41430.8 29161.2 
0.0002058 6.02306 608940 -0.109676 -3.80117 33098.7 0 60265.5 25083.3 36883.9 25083.3 25481.1 40110.5 40110.3 25481.7 20944.8 43666 20944.7 15918 53389.6 53389.5 15918.5 24392.7 56889.3 24392.4 12986.7 57120.9 57120.9 12987.3 25367.5 60265.5 25367.2 13813.5 56325.7 56325.6 13814.1 22416.4 52362.9 22416.2 19707.2 49523.5 49523.4 19707.8 17138.5 35896.1 17138.4 29653.5 42717.1 42717 29653.9 
0.0002107 6.17383 624643 -0.111093 -4.03671 33526.4 0 60537.8 25652 37866.9 25652.1 26064.2 40886.9 40886.6 26064.8 20457.1 43471 20456.9 16337.1 54375 54374.9 16337.7 23952 56998.9 23951.7 13203.7 58128.2 58128.2 13204.3 25114.4 60537.8 25114.1 13990.8 57477.7 57477.7 13991.4 22123 52613.7 22122.7 20259.9 50491.1 50491 20260.4 17004.9 36660.5 17004.8 30383.4 44078.1 44078 30383.8 
0.0002156 6.3246 640648 -0.112414 -4.36488 33924.8 0 59658.4 26619.2 38808.6 26619.2 26556.1 41877.5 41877.3 26556.6 20548.9 43481.3 20548.7 16963.6 55019.5 55019.4 16964.2 23488.6 56244.5 23488.3 13746.2 58726.6 58726.6 13746.9 24515.8 59658.4 24515.5 14650 58012.4 58012.3 14650.7 22022.8 51920.1 22022.5 20850.7 51397.1 51396.9 20851.3 17146.7 37200 17146.6 31032.1 45590.3 45590.3 31032.6 
0.0002205 6.47537 656504 -0.113619 -4.79189 34288.7 0 59037.4 27811.7 39918.5 27811.8 26653.7 42896 42895.9 26654.2 20875.5 43486.4 20875.3 17659 55677.3 55677.1 17659.7 23018.8 54913.2 23018.5 14635.5 59037.4 59037.3 14636.2 23769.2 57965.7 23768.9 15656.9 58150 58149.9 15657.6 21925.1 50599.5 21924.8 21394.8 52275.1 52275 21395.4 17616.2 37549.4 17616.1 31466.3 47326.6 47326.5 31466.6 
0.0002254 6.62614 672468 -0.114759 -5.28559 34632.7 0 59178.3 29066.7 41153.1 29066.8 27076.9 43927 43926.8 27077.6 21377.9 43415.2 21377.7 18362.5 56374.9 56374.7 18363.3 22604.8 53058.5 22604.5 15595.6 59178.3 59178.1 15596.3 23116 55467.6 23115.8 16699 58254 58253.8 16699.7 21483 48850.3 21482.7 21834.4 53309.5 53309.3 21835.1 18157.3 37916.1 18157.2 31637.1 49300.3 49300.2 31637.4 
0.0002303 6.77691 688400 -0.115675 -5.76566 34909 0 59519.8 30406.9 42514 30407 26748.8 45359.1 45358.8 26749.4 21470.2 43655.4 21470.1 18817 57036.3 57036.1 18817.7 21872.8 51484.7 21872.5 16579.6 59519.8 59519.7 16580.3 22113.5 53077.8 22113.2 17618.8 58553.6 58553.4 17619.5 20565.3 47282.2 20565 22077.3 54513.5 54513.4 22078 18406.6 38522.3 18406.4 31732.2 51427.9 51427.8 31732.5 
0.0002352 6.92768 703744 -0.116876 -6.15569 35271.4 0 59849.4 31419.4 43964.1 31419.4 26356.4 46875.8 46875.5 26357.1 21213.1 44081 21213 19383.5 57798.3 57798.1 19384.3 20921.4 50238.6 20921.1 17482.6 59849.4 59849.3 17483.4 20795.2 51205.8 20794.9 18162.6 59369.1 59369 18163.3 20461.7 49019.9 20461.5 22106.5 55963.5 55963.3 22107.2 18096.3 39429.6 18096.2 31907.3 53567.6 53567.5 31907.7 
0.0002401 7.07845 718350 -0.11822 -6.43392 35677 0 60569.1 31803.9 45688.4 31803.9 25992.1 48370.9 48370.6 25992.8 20865.8 45304 20865.7 19519.9 58774.4 58774.2 19520.5 20255.9 51084.6 20255.7 18109.2 60558.6 60558.5 18110 19348.9 51009.6 19348.6 18517.2 60569.1 60569 18518 19506.8 50022.1 19506.6 22157.4 57564.8 57564.6 22158.1 17507.6 40959.6 17507.5 32186.4 55573.3 55573.2 32186.8 
0.000245 7.22922 732255 -0.119985 -6.62732 36209.8 0 62473.6 31773.8 47619.7 31773.8 25970.4 49739.8 49739.5 25971.1 20157.8 46757.9 20157.6 19634.5 60166.7 60166.6 19635.3 19399 52974.9 19398.7 17908.3 62274 62273.9 17909.1 18848.4 54448.8 18848.1 18108.6 62473.6 62473.5 18109.3 18189.5 50765.1 18189.2 22141.3 59236.3 59236.1 22142.1 16915.3 42702.2 16915.2 32461.8 57372.3 57372.2 32462.2 
0.0002499 7.37999 746895 -0.121539 -6.77632 36678.8 0 64748.1 31815.4 49382.9 31815.4 26148.7 50807.7 50807.5 26149.5 19501.3 48570.1 19501.2 19414.3 62028.6 62028.4 19415.1 18044.5 54254.9 18044.2 17219.5 64748.1 64748 17220.3 17969.5 56361.3 17969.2 17675.2 64161.3 64161.1 17676 17351.3 52251.2 17351.1 22069.4 60502.9 60502.7 22070.1 16449.4 44497.1 16449.2 32628.8 59058.4 59058.3 32629.3 
0.0002548 7.53076 762203 -0.123265 -6.90933 37199.8 0 67032.9 32090.9 50809.7 32090.8 26064.9 51946.8 51946.5 26065.7 19048.1 50548 19048 19041 63953.3 63953.1 19041.8 17111.4 55428.5 17111.1 16474.1 67032.9 67032.7 16475 17573.8 57895.6 17573.5 17489 66205.9 66205.7 17489.9 16514.9 53044.2 16514.6 21927.4 62503.2 62503 21928.3 15980.4 45934.4 15980.2 32450.9 60954.9 60954.8 32451.5 
0.0002597 7.68153 777131 -0.125396 -7.02167 37842.7 0 68576.2 32361.6 52059.1 32361.6 25312.8 53619.7 53619.3 25313.6 18896 52197.9 18895.9 18659.4 65870.6 65870.3 18660.3 17150.5 56884 17150.2 16436.5 68576.2 68576 16437.4 18007.4 59532.8 18007.1 17583.4 67619.1 67619 17584.3 16696.1 54712.1 16695.9 21655.3 64261.5 64261.3 21656.2 15828.3 46882.8 15828.1 31920.7 63105.2 63105.1 31921.2 
0.0002646 7.8323 791516 -0.127752 -7.06859 38553.8 0 69860.7 32603.2 53290.4 32603.2 23907.5 55860.7 55860.4 23908.4 19052.4 53377.9 19052.2 18089.4 67880.9 67880.7 18090.4 17958.7 58746.8 17958.5 16637 69860.7 69860.6 16637.9 18721.2 61316.5 18720.8 17377.1 69311.1 69311 17378 17267.9 56426.9 17267.6 21129.9 66184.1 66183.9 21130.7 15986.2 47353.1 15986 31248.7 65295.4 65295.3 31249.2 
0.0002695 7.98306 805987 -0.130157 -7.00399 39279.6 0 71629.3 33162.5 54496.9 33162.5 22258.2 58273.5 58273.2 22259.1 19370.8 54295 19370.6 17208.4 70102.3 70102.1 17209.3 18928.1 61083.1 18927.7 16208.3 71629.3 71629.1 16209.3 19199.5 63189.2 19199.1 16577.4 71522.1 71522 16578.3 18011.4 58389.6 18011 20416.8 68155.4 68155.2 20417.6 16251 48007.8 16250.8 30725.5 67138.5 67138.4 30726 
0.0002744 8.13383 820620 -0.132596 -6.82613 40015.7 0 74088.9 34082.7 55805.3 34082.7 20728 60463 60462.7 20728.9 19690.1 55427.2 19689.8 16105.4 72477 72476.9 16106.3 19653.5 63912.4 19653.1 15105.6 74088.9 74088.8 15106.5 19407.4 65308.8 19407.1 15441 74064.7 74064.6 15442 18712.2 60909.2 18711.9 19494.4 70241.6 70241.4 19495.3 16280.4 49389.7 16280.2 30256.7 68659.4 68659.3 30257.2 
0.0002793 8.2846 834911 -0.135107 -6.55888 40773.4 0 76869.6 34768.5 57526.1 34768.4 19279.6 62495.4 62495.1 19280.6 19811.6 57179.5 19811.3 14916.3 74937.4 74937.2 14917.3 20130.2 67214.7 20129.8 13860.3 76869.6 76869.5 13861.3 19618 68116.5 19617.7 14404.7 76533.7 76533.5 14405.8 19166.1 64082.5 19165.8 18368.7 72572.8 72572.6 18369.6 15901.8 51436.1 15901.6 29558 70270.6 70270.5 29558.6 
0.0002842 8.43537 848698 -0.137645 -6.20921 41539.2 0 79553.2 34738.1 59623.2 34738.1 17638.6 64780.6 64780.3 17639.6 19478 59700.2 19477.7 13708.4 77538 77537.8 13709.4 20373.9 70952 20373.5 12771.2 79553.2 79553 12772.3 19872.8 71916.7 19872.4 13635.5 78748.3 78748.1 13636.6 19212.4 67762.8 19212.1 17180.8 75161.8 75161.5 17181.8 15235.1 53668.6 15234.9 28587.3 72296.9 72296.7 28588 
0.0002891 8.58614 861337 -0.140866 -5.78836 42511.3 0 82780.7 34223.8 61634.9 34223.7 15749.3 67505.2 67504.8 15750.4 18572.9 62900.2 18572.6 12240.9 80620.5 80620.2 12242 20966.9 77409.8 20966.5 11104.9 82780.7 82780.5 11105.9 20880.3 79550.7 20879.9 12682.8 81264.6 81264.4 12683.8 18852.8 72010.1 18852.4 16156.3 77790.5 77790.3 16157.4 14471.3 55783.6 14471.1 27497.6 74729.3 74729.1 27498.2 
0.000294 8.73691 875400 -0.143631 -5.35181 43345.9 0 85804.4 33760.5 63513.2 33760.4 14418.6 69740.3 69740 14419.7 18136.7 66785.6 18136.3 11129.8 83145.4 83145.2 11130.9 20830.1 82408.9 20829.6 9338.58 85804.4 85804.2 9339.71 21092 85336.5 21091.5 11270.9 84114.6 84114.4 11272 18465.3 76210.3 18464.9 15205.3 80303.9 80303.7 15206.4 13927.7 57907.4 13927.5 26390.3 77107.4 77107.3 26390.9 
