-cornerpoints-
nrcorners 338
1 0 0 0
2 0 0 0.00025
3 0 0 0.0005
4 0 0 0.00075
5 0 0 0.001
6 0 0 0.00125
7 0 0 0.0015
8 0 0 0.00175
9 0 0 0.002
10 0 0 0.00225
11 0 0 0.0025
12 0 0 0.00275
13 0 0 0.003
14 0.00025 0 0
15 0.00025 0 0.00025
16 0.00025 0 0.0005
17 0.00025 0 0.00075
18 0.00025 0 0.001
19 0.00025 0 0.00125
20 0.00025 0 0.0015
21 0.00025 0 0.00175
22 0.00025 0 0.002
23 0.00025 0 0.00225
24 0.00025 0 0.0025
25 0.00025 0 0.00275
26 0.00025 0 0.003
27 0.0005 0 0
28 0.0005 0 0.00025
29 0.0005 0 0.0005
30 0.0005 0 0.00075
31 0.0005 0 0.001
32 0.0005 0 0.00125
33 0.0005 0 0.0015
34 0.0005 0 0.00175
35 0.0005 0 0.002
36 0.0005 0 0.00225
37 0.0005 0 0.0025
38 0.0005 0 0.00275
39 0.0005 0 0.003
40 0.00075 0 0
41 0.00075 0 0.00025
42 0.00075 0 0.0005
43 0.00075 0 0.00075
44 0.00075 0 0.001
45 0.00075 0 0.00125
46 0.00075 0 0.0015
47 0.00075 0 0.00175
48 0.00075 0 0.002
49 0.00075 0 0.00225
50 0.00075 0 0.0025
51 0.00075 0 0.00275
52 0.00075 0 0.003
53 0.001 0 0
54 0.001 0 0.00025
55 0.001 0 0.0005
56 0.001 0 0.00075
57 0.001 0 0.001
58 0.001 0 0.00125
59 0.001 0 0.0015
60 0.001 0 0.00175
61 0.001 0 0.002
62 0.001 0 0.00225
63 0.001 0 0.0025
64 0.001 0 0.00275
65 0.001 0 0.003
66 0.00125 0 0
67 0.00125 0 0.00025
68 0.00125 0 0.0005
69 0.00125 0 0.00075
70 0.00125 0 0.001
71 0.00125 0 0.00125
72 0.00125 0 0.0015
73 0.00125 0 0.00175
74 0.00125 0 0.002
75 0.00125 0 0.00225
76 0.00125 0 0.0025
77 0.00125 0 0.00275
78 0.00125 0 0.003
79 0.0015 0 0
80 0.0015 0 0.00025
81 0.0015 0 0.0005
82 0.0015 0 0.00075
83 0.0015 0 0.001
84 0.0015 0 0.00125
85 0.0015 0 0.0015
86 0.0015 0 0.00175
87 0.0015 0 0.002
88 0.0015 0 0.00225
89 0.0015 0 0.0025
90 0.0015 0 0.00275
91 0.0015 0 0.003
92 0.00175 0 0
93 0.00175 0 0.00025
94 0.00175 0 0.0005
95 0.00175 0 0.00075
96 0.00175 0 0.001
97 0.00175 0 0.00125
98 0.00175 0 0.0015
99 0.00175 0 0.00175
100 0.00175 0 0.002
101 0.00175 0 0.00225
102 0.00175 0 0.0025
103 0.00175 0 0.00275
104 0.00175 0 0.003
105 0.002 0 0
106 0.002 0 0.00025
107 0.002 0 0.0005
108 0.002 0 0.00075
109 0.002 0 0.001
110 0.002 0 0.00125
111 0.002 0 0.0015
112 0.002 0 0.00175
113 0.002 0 0.002
114 0.002 0 0.00225
115 0.002 0 0.0025
116 0.002 0 0.00275
117 0.002 0 0.003
118 0.00225 0 0
119 0.00225 0 0.00025
120 0.00225 0 0.0005
121 0.00225 0 0.00075
122 0.00225 0 0.001
123 0.00225 0 0.00125
124 0.00225 0 0.0015
125 0.00225 0 0.00175
126 0.00225 0 0.002
127 0.00225 0 0.00225
128 0.00225 0 0.0025
129 0.00225 0 0.00275
130 0.00225 0 0.003
131 0.0025 0 0
132 0.0025 0 0.00025
133 0.0025 0 0.0005
134 0.0025 0 0.00075
135 0.0025 0 0.001
136 0.0025 0 0.00125
137 0.0025 0 0.0015
138 0.0025 0 0.00175
139 0.0025 0 0.002
140 0.0025 0 0.00225
141 0.0025 0 0.0025
142 0.0025 0 0.00275
143 0.0025 0 0.003
144 0.00275 0 0
145 0.00275 0 0.00025
146 0.00275 0 0.0005
147 0.00275 0 0.00075
148 0.00275 0 0.001
149 0.00275 0 0.00125
150 0.00275 0 0.0015
151 0.00275 0 0.00175
152 0.00275 0 0.002
153 0.00275 0 0.00225
154 0.00275 0 0.0025
155 0.00275 0 0.00275
156 0.00275 0 0.003
157 0.003 0 0
158 0.003 0 0.00025
159 0.003 0 0.0005
160 0.003 0 0.00075
161 0.003 0 0.001
162 0.003 0 0.00125
163 0.003 0 0.0015
164 0.003 0 0.00175
165 0.003 0 0.002
166 0.003 0 0.00225
167 0.003 0 0.0025
168 0.003 0 0.00275
169 0.003 0 0.003
170 0 0.00012 0
171 0 0.00012 0.00025
172 0 0.00012 0.0005
173 0 0.00012 0.00075
174 0 0.00012 0.001
175 0 0.00012 0.00125
176 0 0.00012 0.0015
177 0 0.00012 0.00175
178 0 0.00012 0.002
179 0 0.00012 0.00225
180 0 0.00012 0.0025
181 0 0.00012 0.00275
182 0 0.00012 0.003
183 0.00025 0.00012 0
184 0.00025 0.00012 0.00025
185 0.00025 0.00012 0.0005
186 0.00025 0.00012 0.00075
187 0.00025 0.00012 0.001
188 0.00025 0.00012 0.00125
189 0.00025 0.00012 0.0015
190 0.00025 0.00012 0.00175
191 0.00025 0.00012 0.002
192 0.00025 0.00012 0.00225
193 0.00025 0.00012 0.0025
194 0.00025 0.00012 0.00275
195 0.00025 0.00012 0.003
196 0.0005 0.00012 0
197 0.0005 0.00012 0.00025
198 0.0005 0.00012 0.0005
199 0.0005 0.00012 0.00075
200 0.0005 0.00012 0.001
201 0.0005 0.00012 0.00125
202 0.0005 0.00012 0.0015
203 0.0005 0.00012 0.00175
204 0.0005 0.00012 0.002
205 0.0005 0.00012 0.00225
206 0.0005 0.00012 0.0025
207 0.0005 0.00012 0.00275
208 0.0005 0.00012 0.003
209 0.00075 0.00012 0
210 0.00075 0.00012 0.00025
211 0.00075 0.00012 0.0005
212 0.00075 0.00012 0.00075
213 0.00075 0.00012 0.001
214 0.00075 0.00012 0.00125
215 0.00075 0.00012 0.0015
216 0.00075 0.00012 0.00175
217 0.00075 0.00012 0.002
218 0.00075 0.00012 0.00225
219 0.00075 0.00012 0.0025
220 0.00075 0.00012 0.00275
221 0.00075 0.00012 0.003
222 0.001 0.00012 0
223 0.001 0.00012 0.00025
224 0.001 0.00012 0.0005
225 0.001 0.00012 0.00075
226 0.001 0.00012 0.001
227 0.001 0.00012 0.00125
228 0.001 0.00012 0.0015
229 0.001 0.00012 0.00175
230 0.001 0.00012 0.002
231 0.001 0.00012 0.00225
232 0.001 0.00012 0.0025
233 0.001 0.00012 0.00275
234 0.001 0.00012 0.003
235 0.00125 0.00012 0
236 0.00125 0.00012 0.00025
237 0.00125 0.00012 0.0005
238 0.00125 0.00012 0.00075
239 0.00125 0.00012 0.001
240 0.00125 0.00012 0.00125
241 0.00125 0.00012 0.0015
242 0.00125 0.00012 0.00175
243 0.00125 0.00012 0.002
244 0.00125 0.00012 0.00225
245 0.00125 0.00012 0.0025
246 0.00125 0.00012 0.00275
247 0.00125 0.00012 0.003
248 0.0015 0.00012 0
249 0.0015 0.00012 0.00025
250 0.0015 0.00012 0.0005
251 0.0015 0.00012 0.00075
252 0.0015 0.00012 0.001
253 0.0015 0.00012 0.00125
254 0.0015 0.00012 0.0015
255 0.0015 0.00012 0.00175
256 0.0015 0.00012 0.002
257 0.0015 0.00012 0.00225
258 0.0015 0.00012 0.0025
259 0.0015 0.00012 0.00275
260 0.0015 0.00012 0.003
261 0.00175 0.00012 0
262 0.00175 0.00012 0.00025
263 0.00175 0.00012 0.0005
264 0.00175 0.00012 0.00075
265 0.00175 0.00012 0.001
266 0.00175 0.00012 0.00125
267 0.00175 0.00012 0.0015
268 0.00175 0.00012 0.00175
269 0.00175 0.00012 0.002
270 0.00175 0.00012 0.00225
271 0.00175 0.00012 0.0025
272 0.00175 0.00012 0.00275
273 0.00175 0.00012 0.003
274 0.002 0.00012 0
275 0.002 0.00012 0.00025
276 0.002 0.00012 0.0005
277 0.002 0.00012 0.00075
278 0.002 0.00012 0.001
279 0.002 0.00012 0.00125
280 0.002 0.00012 0.0015
281 0.002 0.00012 0.00175
282 0.002 0.00012 0.002
283 0.002 0.00012 0.00225
284 0.002 0.00012 0.0025
285 0.002 0.00012 0.00275
286 0.002 0.00012 0.003
287 0.00225 0.00012 0
288 0.00225 0.00012 0.00025
289 0.00225 0.00012 0.0005
290 0.00225 0.00012 0.00075
291 0.00225 0.00012 0.001
292 0.00225 0.00012 0.00125
293 0.00225 0.00012 0.0015
294 0.00225 0.00012 0.00175
295 0.00225 0.00012 0.002
296 0.00225 0.00012 0.00225
297 0.00225 0.00012 0.0025
298 0.00225 0.00012 0.00275
299 0.00225 0.00012 0.003
300 0.0025 0.00012 0
301 0.0025 0.00012 0.00025
302 0.0025 0.00012 0.0005
303 0.0025 0.00012 0.00075
304 0.0025 0.00012 0.001
305 0.0025 0.00012 0.00125
306 0.0025 0.00012 0.0015
307 0.0025 0.00012 0.00175
308 0.0025 0.00012 0.002
309 0.0025 0.00012 0.00225
310 0.0025 0.00012 0.0025
311 0.0025 0.00012 0.00275
312 0.0025 0.00012 0.003
313 0.00275 0.00012 0
314 0.00275 0.00012 0.00025
315 0.00275 0.00012 0.0005
316 0.00275 0.00012 0.00075
317 0.00275 0.00012 0.001
318 0.00275 0.00012 0.00125
319 0.00275 0.00012 0.0015
320 0.00275 0.00012 0.00175
321 0.00275 0.00012 0.002
322 0.00275 0.00012 0.00225
323 0.00275 0.00012 0.0025
324 0.00275 0.00012 0.00275
325 0.00275 0.00012 0.003
326 0.003 0.00012 0
327 0.003 0.00012 0.00025
328 0.003 0.00012 0.0005
329 0.003 0.00012 0.00075
330 0.003 0.00012 0.001
331 0.003 0.00012 0.00125
332 0.003 0.00012 0.0015
333 0.003 0.00012 0.00175
334 0.003 0.00012 0.002
335 0.003 0.00012 0.00225
336 0.003 0.00012 0.0025
337 0.003 0.00012 0.00275
338 0.003 0.00012 0.003
-end-cornerpoints-

-cellboundarysprings-
nrsprings 589
1 13 26
2 26 39
3 39 52
4 52 65
5 65 78
6 78 91
7 91 104
8 104 117
9 117 130
10 130 143
11 143 156
12 156 169
13 12 25
14 25 38
15 38 51
16 51 64
17 64 77
18 77 90
19 90 103
20 103 116
21 116 129
22 129 142
23 142 155
24 155 168
25 11 24
26 24 37
27 37 50
28 50 63
29 63 76
30 76 89
31 89 102
32 102 115
33 115 128
34 128 141
35 141 154
36 154 167
37 10 23
38 23 36
39 36 49
40 49 62
41 62 75
42 75 88
43 88 101
44 101 114
45 114 127
46 127 140
47 140 153
48 153 166
49 9 22
50 22 35
51 35 48
52 48 61
53 61 74
54 74 87
55 87 100
56 100 113
57 113 126
58 126 139
59 139 152
60 152 165
61 8 21
62 21 34
63 34 47
64 47 60
65 60 73
66 73 86
67 86 99
68 99 112
69 112 125
70 125 138
71 138 151
72 151 164
73 7 20
74 20 33
75 33 46
76 46 59
77 59 72
78 72 85
79 85 98
80 98 111
81 111 124
82 124 137
83 137 150
84 150 163
85 6 19
86 19 32
87 32 45
88 45 58
89 58 71
90 71 84
91 84 97
92 97 110
93 110 123
94 123 136
95 136 149
96 149 162
97 5 18
98 18 31
99 31 44
100 44 57
101 57 70
102 70 83
103 83 96
104 96 109
105 109 122
106 122 135
107 135 148
108 148 161
109 4 17
110 17 30
111 30 43
112 43 56
113 56 69
114 69 82
115 82 95
116 95 108
117 108 121
118 121 134
119 134 147
120 147 160
121 3 16
122 16 29
123 29 42
124 42 55
125 55 68
126 68 81
127 81 94
128 94 107
129 107 120
130 120 133
131 133 146
132 146 159
133 2 15
134 15 28
135 28 41
136 41 54
137 54 67
138 67 80
139 80 93
140 93 106
141 106 119
142 119 132
143 132 145
144 145 158
145 1 14
146 14 27
147 27 40
148 40 53
149 53 66
150 66 79
151 79 92
152 92 105
153 105 118
154 118 131
155 131 144
156 144 157
157 13 12
158 12 11
159 11 10
160 10 9
161 9 8
162 8 7
163 7 6
164 6 5
165 5 4
166 4 3
167 3 2
168 2 1
169 169 168
170 168 167
171 167 166
172 166 165
173 165 164
174 164 163
175 163 162
176 162 161
177 161 160
178 160 159
179 159 158
180 158 157
181 65 64
182 117 116
183 38 37
184 90 89
185 142 141
186 63 62
187 115 114
188 36 35
189 88 87
190 140 139
191 61 60
192 113 112
193 34 33
194 86 85
195 138 137
196 59 58
197 111 110
198 32 31
199 84 83
200 136 135
201 57 56
202 109 108
203 30 29
204 82 81
205 134 133
206 55 54
207 107 106
208 28 27
209 80 79
210 132 131
211 182 195
212 195 208
213 208 221
214 221 234
215 234 247
216 247 260
217 260 273
218 273 286
219 286 299
220 299 312
221 312 325
222 325 338
223 181 194
224 194 207
225 207 220
226 220 233
227 233 246
228 246 259
229 259 272
230 272 285
231 285 298
232 298 311
233 311 324
234 324 337
235 180 193
236 193 206
237 206 219
238 219 232
239 232 245
240 245 258
241 258 271
242 271 284
243 284 297
244 297 310
245 310 323
246 323 336
247 179 192
248 192 205
249 205 218
250 218 231
251 231 244
252 244 257
253 257 270
254 270 283
255 283 296
256 296 309
257 309 322
258 322 335
259 178 191
260 191 204
261 204 217
262 217 230
263 230 243
264 243 256
265 256 269
266 269 282
267 282 295
268 295 308
269 308 321
270 321 334
271 177 190
272 190 203
273 203 216
274 216 229
275 229 242
276 242 255
277 255 268
278 268 281
279 281 294
280 294 307
281 307 320
282 320 333
283 176 189
284 189 202
285 202 215
286 215 228
287 228 241
288 241 254
289 254 267
290 267 280
291 280 293
292 293 306
293 306 319
294 319 332
295 175 188
296 188 201
297 201 214
298 214 227
299 227 240
300 240 253
301 253 266
302 266 279
303 279 292
304 292 305
305 305 318
306 318 331
307 174 187
308 187 200
309 200 213
310 213 226
311 226 239
312 239 252
313 252 265
314 265 278
315 278 291
316 291 304
317 304 317
318 317 330
319 173 186
320 186 199
321 199 212
322 212 225
323 225 238
324 238 251
325 251 264
326 264 277
327 277 290
328 290 303
329 303 316
330 316 329
331 172 185
332 185 198
333 198 211
334 211 224
335 224 237
336 237 250
337 250 263
338 263 276
339 276 289
340 289 302
341 302 315
342 315 328
343 171 184
344 184 197
345 197 210
346 210 223
347 223 236
348 236 249
349 249 262
350 262 275
351 275 288
352 288 301
353 301 314
354 314 327
355 170 183
356 183 196
357 196 209
358 209 222
359 222 235
360 235 248
361 248 261
362 261 274
363 274 287
364 287 300
365 300 313
366 313 326
367 182 181
368 181 180
369 180 179
370 179 178
371 178 177
372 177 176
373 176 175
374 175 174
375 174 173
376 173 172
377 172 171
378 171 170
379 338 337
380 337 336
381 336 335
382 335 334
383 334 333
384 333 332
385 332 331
386 331 330
387 330 329
388 329 328
389 328 327
390 327 326
391 234 233
392 286 285
393 207 206
394 259 258
395 311 310
396 232 231
397 284 283
398 205 204
399 257 256
400 309 308
401 230 229
402 282 281
403 203 202
404 255 254
405 307 306
406 228 227
407 280 279
408 201 200
409 253 252
410 305 304
411 226 225
412 278 277
413 199 198
414 251 250
415 303 302
416 224 223
417 276 275
418 197 196
419 249 248
420 301 300
421 1 170
422 2 171
423 3 172
424 4 173
425 5 174
426 6 175
427 7 176
428 8 177
429 9 178
430 10 179
431 11 180
432 12 181
433 13 182
434 14 183
435 15 184
436 16 185
437 17 186
438 18 187
439 19 188
440 20 189
441 21 190
442 22 191
443 23 192
444 24 193
445 25 194
446 26 195
447 27 196
448 28 197
449 29 198
450 30 199
451 31 200
452 32 201
453 33 202
454 34 203
455 35 204
456 36 205
457 37 206
458 38 207
459 39 208
460 40 209
461 41 210
462 42 211
463 43 212
464 44 213
465 45 214
466 46 215
467 47 216
468 48 217
469 49 218
470 50 219
471 51 220
472 52 221
473 53 222
474 54 223
475 55 224
476 56 225
477 57 226
478 58 227
479 59 228
480 60 229
481 61 230
482 62 231
483 63 232
484 64 233
485 65 234
486 66 235
487 67 236
488 68 237
489 69 238
490 70 239
491 71 240
492 72 241
493 73 242
494 74 243
495 75 244
496 76 245
497 77 246
498 78 247
499 79 248
500 80 249
501 81 250
502 82 251
503 83 252
504 84 253
505 85 254
506 86 255
507 87 256
508 88 257
509 89 258
510 90 259
511 91 260
512 92 261
513 93 262
514 94 263
515 95 264
516 96 265
517 97 266
518 98 267
519 99 268
520 100 269
521 101 270
522 102 271
523 103 272
524 104 273
525 105 274
526 106 275
527 107 276
528 108 277
529 109 278
530 110 279
531 111 280
532 112 281
533 113 282
534 114 283
535 115 284
536 116 285
537 117 286
538 118 287
539 119 288
540 120 289
541 121 290
542 122 291
543 123 292
544 124 293
545 125 294
546 126 295
547 127 296
548 128 297
549 129 298
550 130 299
551 131 300
552 132 301
553 133 302
554 134 303
555 135 304
556 136 305
557 137 306
558 138 307
559 139 308
560 140 309
561 141 310
562 142 311
563 143 312
564 144 313
565 145 314
566 146 315
567 147 316
568 148 317
569 149 318
570 150 319
571 151 320
572 152 321
573 153 322
574 154 323
575 155 324
576 156 325
577 157 326
578 158 327
579 159 328
580 160 329
581 161 330
582 162 331
583 163 332
584 164 333
585 165 334
586 166 335
587 167 336
588 168 337
589 169 338
-end-cellboundarysprings-

-planeboundarysprings-
nrsprings 288
1 12 26
2 26 38
3 38 52
4 52 64
5 64 78
6 78 90
7 90 104
8 104 116
9 116 130
10 130 142
11 142 156
12 156 168
13 168 154
14 154 142
15 142 128
16 128 116
17 116 102
18 102 90
19 90 76
20 76 64
21 64 50
22 50 38
23 38 24
24 24 12
25 10 24
26 24 36
27 36 50
28 50 62
29 62 76
30 76 88
31 88 102
32 102 114
33 114 128
34 128 140
35 140 154
36 154 166
37 166 152
38 152 140
39 140 126
40 126 114
41 114 100
42 100 88
43 88 74
44 74 62
45 62 48
46 48 36
47 36 22
48 22 10
49 8 22
50 22 34
51 34 48
52 48 60
53 60 74
54 74 86
55 86 100
56 100 112
57 112 126
58 126 138
59 138 152
60 152 164
61 164 150
62 150 138
63 138 124
64 124 112
65 112 98
66 98 86
67 86 72
68 72 60
69 60 46
70 46 34
71 34 20
72 20 8
73 6 20
74 20 32
75 32 46
76 46 58
77 58 72
78 72 84
79 84 98
80 98 110
81 110 124
82 124 136
83 150 136
84 150 162
85 162 148
86 148 136
87 136 122
88 122 110
89 110 96
90 96 84
91 84 70
92 70 58
93 58 44
94 44 32
95 32 18
96 18 6
97 4 18
98 18 30
99 30 44
100 44 56
101 56 70
102 70 82
103 82 96
104 96 108
105 108 122
106 122 134
107 134 148
108 148 160
109 160 146
110 146 134
111 134 120
112 120 108
113 108 94
114 94 82
115 82 68
116 68 56
117 56 42
118 42 30
119 30 16
120 16 4
121 2 16
122 16 28
123 28 42
124 42 54
125 54 68
126 68 80
127 80 94
128 94 106
129 106 120
130 120 132
131 132 146
132 146 158
133 158 144
134 144 132
135 132 118
136 118 106
137 106 92
138 92 80
139 80 66
140 66 54
141 54 40
142 40 28
143 28 14
144 14 2
145 13 25
146 25 39
147 39 51
148 51 65
149 65 77
150 77 91
151 91 103
152 103 117
153 117 129
154 129 143
155 143 155
156 155 169
157 11 25
158 25 37
159 37 51
160 51 63
161 63 77
162 77 89
163 89 103
164 103 115
165 115 129
166 129 141
167 141 155
168 155 167
169 11 23
170 23 37
171 37 49
172 49 63
173 63 75
174 75 89
175 89 101
176 101 115
177 115 127
178 127 141
179 141 153
180 153 167
181 9 23
182 23 35
183 35 49
184 49 61
185 61 75
186 75 87
187 87 101
188 101 113
189 113 127
190 127 139
191 139 153
192 153 165
193 9 21
194 21 35
195 35 47
196 47 61
197 61 73
198 73 87
199 87 99
200 99 113
201 113 125
202 125 139
203 139 151
204 151 165
205 7 21
206 21 33
207 33 47
208 47 59
209 59 73
210 73 85
211 85 99
212 99 111
213 111 125
214 125 137
215 137 151
216 151 163
217 7 19
218 19 33
219 33 45
220 45 59
221 59 71
222 71 85
223 85 97
224 97 111
225 111 123
226 123 137
227 137 149
228 149 163
229 5 19
230 19 31
231 31 45
232 45 57
233 57 71
234 71 83
235 83 97
236 97 109
237 109 123
238 123 135
239 135 149
240 149 161
241 5 17
242 17 31
243 31 43
244 43 57
245 57 69
246 69 83
247 83 95
248 95 109
249 109 121
250 121 135
251 135 147
252 147 161
253 3 17
254 17 29
255 29 43
256 43 55
257 55 69
258 69 81
259 81 95
260 95 107
261 107 121
262 121 133
263 133 147
264 147 159
265 3 15
266 15 29
267 29 41
268 41 55
269 55 67
270 67 81
271 81 93
272 93 107
273 107 119
274 119 133
275 133 145
276 145 159
277 1 15
278 15 27
279 27 41
280 41 53
281 53 67
282 67 79
283 79 93
284 93 105
285 105 119
286 119 131
287 131 145
288 145 157
-end-planeboundarysprings-

-configuration-
nrcells 42
1  nrcorners 20 numbers 12 13 26 39 52 65 64 51 38 25 181 182 195 208 221 234 233 220 207 194 
2  nrcorners 20 numbers 64 65 78 91 104 117 116 103 90 77 233 234 247 260 273 286 285 272 259 246 
3  nrcorners 20 numbers 143 156 169 168 155 142 129 116 117 130 312 325 338 337 324 311 298 285 286 299 
4  nrcorners 12 numbers 168 167 154 141 142 155 337 336 323 310 311 324 
5  nrcorners 20 numbers 102 89 90 103 116 129 142 141 128 115 271 258 259 272 285 298 311 310 297 284 
6  nrcorners 20 numbers 63 50 37 38 51 64 77 90 89 76 232 219 206 207 220 233 246 259 258 245 
7  nrcorners 12 numbers 24 11 12 25 38 37 193 180 181 194 207 206 
8  nrcorners 20 numbers 37 50 63 62 49 36 23 10 11 24 206 219 232 231 218 205 192 179 180 193 
9  nrcorners 20 numbers 62 63 76 89 102 115 114 101 88 75 231 232 245 258 271 284 283 270 257 244 
10  nrcorners 20 numbers 141 154 167 166 153 140 127 114 115 128 310 323 336 335 322 309 296 283 284 297 
11  nrcorners 12 numbers 166 165 152 139 140 153 335 334 321 308 309 322 
12  nrcorners 20 numbers 127 140 139 126 113 100 87 88 101 114 296 309 308 295 282 269 256 257 270 283 
13  nrcorners 20 numbers 74 61 48 35 36 49 62 75 88 87 243 230 217 204 205 218 231 244 257 256 
14  nrcorners 12 numbers 9 10 23 36 35 22 178 179 192 205 204 191 
15  nrcorners 20 numbers 8 9 22 35 48 61 60 47 34 21 177 178 191 204 217 230 229 216 203 190 
16  nrcorners 20 numbers 100 113 112 99 86 73 60 61 74 87 269 282 281 268 255 242 229 230 243 256 
17  nrcorners 20 numbers 138 125 112 113 126 139 152 165 164 151 307 294 281 282 295 308 321 334 333 320 
18  nrcorners 12 numbers 164 163 150 137 138 151 333 332 319 306 307 320 
19  nrcorners 20 numbers 125 138 137 124 111 98 85 86 99 112 294 307 306 293 280 267 254 255 268 281 
20  nrcorners 20 numbers 86 85 72 59 46 33 34 47 60 73 255 254 241 228 215 202 203 216 229 242 
21  nrcorners 12 numbers 20 7 8 21 34 33 189 176 177 190 203 202 
22  nrcorners 20 numbers 46 59 58 45 32 19 6 7 20 33 215 228 227 214 201 188 175 176 189 202 
23  nrcorners 20 numbers 71 58 59 72 85 98 111 110 97 84 240 227 228 241 254 267 280 279 266 253 
24  nrcorners 20 numbers 150 163 162 149 136 123 110 111 124 137 319 332 331 318 305 292 279 280 293 306 
25  nrcorners 12 numbers 162 161 148 135 136 149 331 330 317 304 305 318 
26  nrcorners 20 numbers 123 136 135 122 109 96 83 84 97 110 292 305 304 291 278 265 252 253 266 279 
27  nrcorners 20 numbers 84 83 70 57 44 31 32 45 58 71 253 252 239 226 213 200 201 214 227 240 
28  nrcorners 12 numbers 5 6 19 32 31 18 174 175 188 201 200 187 
29  nrcorners 20 numbers 4 5 18 31 44 57 56 43 30 17 173 174 187 200 213 226 225 212 199 186 
30  nrcorners 20 numbers 56 57 70 83 96 109 108 95 82 69 225 226 239 252 265 278 277 264 251 238 
31  nrcorners 20 numbers 108 109 122 135 148 161 160 147 134 121 277 278 291 304 317 330 329 316 303 290 
32  nrcorners 12 numbers 133 134 147 160 159 146 302 303 316 329 328 315 
33  nrcorners 20 numbers 121 134 133 120 107 94 81 82 95 108 290 303 302 289 276 263 250 251 264 277 
34  nrcorners 20 numbers 42 29 30 43 56 69 82 81 68 55 211 198 199 212 225 238 251 250 237 224 
35  nrcorners 12 numbers 30 29 16 3 4 17 199 198 185 172 173 186 
36  nrcorners 20 numbers 42 55 54 41 28 15 2 3 16 29 211 224 223 210 197 184 171 172 185 198 
37  nrcorners 20 numbers 54 55 68 81 94 107 106 93 80 67 223 224 237 250 263 276 275 262 249 236 
38  nrcorners 20 numbers 146 159 158 145 132 119 106 107 120 133 315 328 327 314 301 288 275 276 289 302 
39  nrcorners 12 numbers 131 132 145 158 157 144 300 301 314 327 326 313 
40  nrcorners 20 numbers 92 79 80 93 106 119 132 131 118 105 261 248 249 262 275 288 301 300 287 274 
41  nrcorners 20 numbers 67 80 79 66 53 40 27 28 41 54 236 249 248 235 222 209 196 197 210 223 
42  nrcorners 12 numbers 28 27 14 1 2 15 197 196 183 170 171 184 
-end-configuration-

-eastface-
nrcorners 26
numbers 169 168 167 166 165 164 163 162 161 160 159 158 157 338 337 336 335 334 333 332 331 330 329 328 327 326 
-end-eastface-

-westface-
nrcorners 26
numbers 13 12 11 10 9 8 7 6 5 4 3 2 1 182 181 180 179 178 177 176 175 174 173 172 171 170 
-end-westface-

-cellboundarycrosssection-
nrsprings 26
numbers 7 19 31 43 55 67 79 91 103 115 127 139 151 217 229 241 253 265 277 289 301 313 325 337 349 361 
-end-cellboundarycrosssection-

-planeboundarycrosssection-
nrsprings 24
numbers 151 163 175 187 199 211 223 235 247 259 271 283 7 18 31 42 55 66 79 90 103 114 127 138 
-end-planeboundarycrosssection-

-northandsouth-
northnr 91
southnr 79
-end-northandsouth-

-grid-
minx 0
miny 0
maxx 0.003
maxy 0.003
nrgridpointsx 13
nrgridpointsy 13
-end-grid-
