-cornerpoints-
nrcorners 338
1 -0.000125 0 -0.000125
2 -0.000125 0 0.000145833
3 -0.000125 0 0.000416667
4 -0.000125 0 0.0006875
5 -0.000125 0 0.000958333
6 -0.000125 0 0.00122917
7 -0.000125 0 0.0015
8 -0.000125 0 0.00177083
9 -0.000125 0 0.00204167
10 -0.000125 0 0.0023125
11 -0.000125 0 0.00258333
12 -0.000125 0 0.00285417
13 -0.000125 0 0.003125
14 0.000145833 0 -0.000125
15 0.000145833 0 0.000145833
16 0.000145833 0 0.000416667
17 0.000145833 0 0.0006875
18 0.000145833 0 0.000958333
19 0.000145833 0 0.00122917
20 0.000145833 0 0.0015
21 0.000145833 0 0.00177083
22 0.000145833 0 0.00204167
23 0.000145833 0 0.0023125
24 0.000145833 0 0.00258333
25 0.000145833 0 0.00285417
26 0.000145833 0 0.003125
27 0.000416667 0 -0.000125
28 0.000416667 0 0.000145833
29 0.000416667 0 0.000416667
30 0.000416667 0 0.0006875
31 0.000416667 0 0.000958333
32 0.000416667 0 0.00122917
33 0.000416667 0 0.0015
34 0.000416667 0 0.00177083
35 0.000416667 0 0.00204167
36 0.000416667 0 0.0023125
37 0.000416667 0 0.00258333
38 0.000416667 0 0.00285417
39 0.000416667 0 0.003125
40 0.0006875 0 -0.000125
41 0.0006875 0 0.000145833
42 0.0006875 0 0.000416667
43 0.0006875 0 0.0006875
44 0.0006875 0 0.000958333
45 0.0006875 0 0.00122917
46 0.0006875 0 0.0015
47 0.0006875 0 0.00177083
48 0.0006875 0 0.00204167
49 0.0006875 0 0.0023125
50 0.0006875 0 0.00258333
51 0.0006875 0 0.00285417
52 0.0006875 0 0.003125
53 0.000958333 0 -0.000125
54 0.000958333 0 0.000145833
55 0.000958333 0 0.000416667
56 0.000958333 0 0.0006875
57 0.000958333 0 0.000958333
58 0.000958333 0 0.00122917
59 0.000958333 0 0.0015
60 0.000958333 0 0.00177083
61 0.000958333 0 0.00204167
62 0.000958333 0 0.0023125
63 0.000958333 0 0.00258333
64 0.000958333 0 0.00285417
65 0.000958333 0 0.003125
66 0.00122917 0 -0.000125
67 0.00122917 0 0.000145833
68 0.00122917 0 0.000416667
69 0.00122917 0 0.0006875
70 0.00122917 0 0.000958333
71 0.00122917 0 0.00122917
72 0.00122917 0 0.0015
73 0.00122917 0 0.00177083
74 0.00122917 0 0.00204167
75 0.00122917 0 0.0023125
76 0.00122917 0 0.00258333
77 0.00122917 0 0.00285417
78 0.00122917 0 0.003125
79 0.0015 0 -0.000125
80 0.0015 0 0.000145833
81 0.0015 0 0.000416667
82 0.0015 0 0.0006875
83 0.0015 0 0.000958333
84 0.0015 0 0.00122917
85 0.0015 0 0.0015
86 0.0015 0 0.00177083
87 0.0015 0 0.00204167
88 0.0015 0 0.0023125
89 0.0015 0 0.00258333
90 0.0015 0 0.00285417
91 0.0015 0 0.003125
92 0.00177083 0 -0.000125
93 0.00177083 0 0.000145833
94 0.00177083 0 0.000416667
95 0.00177083 0 0.0006875
96 0.00177083 0 0.000958333
97 0.00177083 0 0.00122917
98 0.00177083 0 0.0015
99 0.00177083 0 0.00177083
100 0.00177083 0 0.00204167
101 0.00177083 0 0.0023125
102 0.00177083 0 0.00258333
103 0.00177083 0 0.00285417
104 0.00177083 0 0.003125
105 0.00204167 0 -0.000125
106 0.00204167 0 0.000145833
107 0.00204167 0 0.000416667
108 0.00204167 0 0.0006875
109 0.00204167 0 0.000958333
110 0.00204167 0 0.00122917
111 0.00204167 0 0.0015
112 0.00204167 0 0.00177083
113 0.00204167 0 0.00204167
114 0.00204167 0 0.0023125
115 0.00204167 0 0.00258333
116 0.00204167 0 0.00285417
117 0.00204167 0 0.003125
118 0.0023125 0 -0.000125
119 0.0023125 0 0.000145833
120 0.0023125 0 0.000416667
121 0.0023125 0 0.0006875
122 0.0023125 0 0.000958333
123 0.0023125 0 0.00122917
124 0.0023125 0 0.0015
125 0.0023125 0 0.00177083
126 0.0023125 0 0.00204167
127 0.0023125 0 0.0023125
128 0.0023125 0 0.00258333
129 0.0023125 0 0.00285417
130 0.0023125 0 0.003125
131 0.00258333 0 -0.000125
132 0.00258333 0 0.000145833
133 0.00258333 0 0.000416667
134 0.00258333 0 0.0006875
135 0.00258333 0 0.000958333
136 0.00258333 0 0.00122917
137 0.00258333 0 0.0015
138 0.00258333 0 0.00177083
139 0.00258333 0 0.00204167
140 0.00258333 0 0.0023125
141 0.00258333 0 0.00258333
142 0.00258333 0 0.00285417
143 0.00258333 0 0.003125
144 0.00285417 0 -0.000125
145 0.00285417 0 0.000145833
146 0.00285417 0 0.000416667
147 0.00285417 0 0.0006875
148 0.00285417 0 0.000958333
149 0.00285417 0 0.00122917
150 0.00285417 0 0.0015
151 0.00285417 0 0.00177083
152 0.00285417 0 0.00204167
153 0.00285417 0 0.0023125
154 0.00285417 0 0.00258333
155 0.00285417 0 0.00285417
156 0.00285417 0 0.003125
157 0.003125 0 -0.000125
158 0.003125 0 0.000145833
159 0.003125 0 0.000416667
160 0.003125 0 0.0006875
161 0.003125 0 0.000958333
162 0.003125 0 0.00122917
163 0.003125 0 0.0015
164 0.003125 0 0.00177083
165 0.003125 0 0.00204167
166 0.003125 0 0.0023125
167 0.003125 0 0.00258333
168 0.003125 0 0.00285417
169 0.003125 0 0.003125
170 -0.000125 0.00012 -0.000125
171 -0.000125 0.00012 0.000145833
172 -0.000125 0.00012 0.000416667
173 -0.000125 0.00012 0.0006875
174 -0.000125 0.00012 0.000958333
175 -0.000125 0.00012 0.00122917
176 -0.000125 0.00012 0.0015
177 -0.000125 0.00012 0.00177083
178 -0.000125 0.00012 0.00204167
179 -0.000125 0.00012 0.0023125
180 -0.000125 0.00012 0.00258333
181 -0.000125 0.00012 0.00285417
182 -0.000125 0.00012 0.003125
183 0.000145833 0.00012 -0.000125
184 0.000145833 0.00012 0.000145833
185 0.000145833 0.00012 0.000416667
186 0.000145833 0.00012 0.0006875
187 0.000145833 0.00012 0.000958333
188 0.000145833 0.00012 0.00122917
189 0.000145833 0.00012 0.0015
190 0.000145833 0.00012 0.00177083
191 0.000145833 0.00012 0.00204167
192 0.000145833 0.00012 0.0023125
193 0.000145833 0.00012 0.00258333
194 0.000145833 0.00012 0.00285417
195 0.000145833 0.00012 0.003125
196 0.000416667 0.00012 -0.000125
197 0.000416667 0.00012 0.000145833
198 0.000416667 0.00012 0.000416667
199 0.000416667 0.00012 0.0006875
200 0.000416667 0.00012 0.000958333
201 0.000416667 0.00012 0.00122917
202 0.000416667 0.00012 0.0015
203 0.000416667 0.00012 0.00177083
204 0.000416667 0.00012 0.00204167
205 0.000416667 0.00012 0.0023125
206 0.000416667 0.00012 0.00258333
207 0.000416667 0.00012 0.00285417
208 0.000416667 0.00012 0.003125
209 0.0006875 0.00012 -0.000125
210 0.0006875 0.00012 0.000145833
211 0.0006875 0.00012 0.000416667
212 0.0006875 0.00012 0.0006875
213 0.0006875 0.00012 0.000958333
214 0.0006875 0.00012 0.00122917
215 0.0006875 0.00012 0.0015
216 0.0006875 0.00012 0.00177083
217 0.0006875 0.00012 0.00204167
218 0.0006875 0.00012 0.0023125
219 0.0006875 0.00012 0.00258333
220 0.0006875 0.00012 0.00285417
221 0.0006875 0.00012 0.003125
222 0.000958333 0.00012 -0.000125
223 0.000958333 0.00012 0.000145833
224 0.000958333 0.00012 0.000416667
225 0.000958333 0.00012 0.0006875
226 0.000958333 0.00012 0.000958333
227 0.000958333 0.00012 0.00122917
228 0.000958333 0.00012 0.0015
229 0.000958333 0.00012 0.00177083
230 0.000958333 0.00012 0.00204167
231 0.000958333 0.00012 0.0023125
232 0.000958333 0.00012 0.00258333
233 0.000958333 0.00012 0.00285417
234 0.000958333 0.00012 0.003125
235 0.00122917 0.00012 -0.000125
236 0.00122917 0.00012 0.000145833
237 0.00122917 0.00012 0.000416667
238 0.00122917 0.00012 0.0006875
239 0.00122917 0.00012 0.000958333
240 0.00122917 0.00012 0.00122917
241 0.00122917 0.00012 0.0015
242 0.00122917 0.00012 0.00177083
243 0.00122917 0.00012 0.00204167
244 0.00122917 0.00012 0.0023125
245 0.00122917 0.00012 0.00258333
246 0.00122917 0.00012 0.00285417
247 0.00122917 0.00012 0.003125
248 0.0015 0.00012 -0.000125
249 0.0015 0.00012 0.000145833
250 0.0015 0.00012 0.000416667
251 0.0015 0.00012 0.0006875
252 0.0015 0.00012 0.000958333
253 0.0015 0.00012 0.00122917
254 0.0015 0.00012 0.0015
255 0.0015 0.00012 0.00177083
256 0.0015 0.00012 0.00204167
257 0.0015 0.00012 0.0023125
258 0.0015 0.00012 0.00258333
259 0.0015 0.00012 0.00285417
260 0.0015 0.00012 0.003125
261 0.00177083 0.00012 -0.000125
262 0.00177083 0.00012 0.000145833
263 0.00177083 0.00012 0.000416667
264 0.00177083 0.00012 0.0006875
265 0.00177083 0.00012 0.000958333
266 0.00177083 0.00012 0.00122917
267 0.00177083 0.00012 0.0015
268 0.00177083 0.00012 0.00177083
269 0.00177083 0.00012 0.00204167
270 0.00177083 0.00012 0.0023125
271 0.00177083 0.00012 0.00258333
272 0.00177083 0.00012 0.00285417
273 0.00177083 0.00012 0.003125
274 0.00204167 0.00012 -0.000125
275 0.00204167 0.00012 0.000145833
276 0.00204167 0.00012 0.000416667
277 0.00204167 0.00012 0.0006875
278 0.00204167 0.00012 0.000958333
279 0.00204167 0.00012 0.00122917
280 0.00204167 0.00012 0.0015
281 0.00204167 0.00012 0.00177083
282 0.00204167 0.00012 0.00204167
283 0.00204167 0.00012 0.0023125
284 0.00204167 0.00012 0.00258333
285 0.00204167 0.00012 0.00285417
286 0.00204167 0.00012 0.003125
287 0.0023125 0.00012 -0.000125
288 0.0023125 0.00012 0.000145833
289 0.0023125 0.00012 0.000416667
290 0.0023125 0.00012 0.0006875
291 0.0023125 0.00012 0.000958333
292 0.0023125 0.00012 0.00122917
293 0.0023125 0.00012 0.0015
294 0.0023125 0.00012 0.00177083
295 0.0023125 0.00012 0.00204167
296 0.0023125 0.00012 0.0023125
297 0.0023125 0.00012 0.00258333
298 0.0023125 0.00012 0.00285417
299 0.0023125 0.00012 0.003125
300 0.00258333 0.00012 -0.000125
301 0.00258333 0.00012 0.000145833
302 0.00258333 0.00012 0.000416667
303 0.00258333 0.00012 0.0006875
304 0.00258333 0.00012 0.000958333
305 0.00258333 0.00012 0.00122917
306 0.00258333 0.00012 0.0015
307 0.00258333 0.00012 0.00177083
308 0.00258333 0.00012 0.00204167
309 0.00258333 0.00012 0.0023125
310 0.00258333 0.00012 0.00258333
311 0.00258333 0.00012 0.00285417
312 0.00258333 0.00012 0.003125
313 0.00285417 0.00012 -0.000125
314 0.00285417 0.00012 0.000145833
315 0.00285417 0.00012 0.000416667
316 0.00285417 0.00012 0.0006875
317 0.00285417 0.00012 0.000958333
318 0.00285417 0.00012 0.00122917
319 0.00285417 0.00012 0.0015
320 0.00285417 0.00012 0.00177083
321 0.00285417 0.00012 0.00204167
322 0.00285417 0.00012 0.0023125
323 0.00285417 0.00012 0.00258333
324 0.00285417 0.00012 0.00285417
325 0.00285417 0.00012 0.003125
326 0.003125 0.00012 -0.000125
327 0.003125 0.00012 0.000145833
328 0.003125 0.00012 0.000416667
329 0.003125 0.00012 0.0006875
330 0.003125 0.00012 0.000958333
331 0.003125 0.00012 0.00122917
332 0.003125 0.00012 0.0015
333 0.003125 0.00012 0.00177083
334 0.003125 0.00012 0.00204167
335 0.003125 0.00012 0.0023125
336 0.003125 0.00012 0.00258333
337 0.003125 0.00012 0.00285417
338 0.003125 0.00012 0.003125
-end-cornerpoints-

-cellboundarysprings-
nrsprings 1009
1 13 26
2 26 39
3 39 52
4 52 65
5 65 78
6 78 91
7 91 104
8 104 117
9 117 130
10 130 143
11 143 156
12 156 169
13 12 25
14 25 38
15 38 51
16 51 64
17 64 77
18 77 90
19 90 103
20 103 116
21 116 129
22 129 142
23 142 155
24 155 168
25 11 24
26 24 37
27 37 50
28 50 63
29 63 76
30 76 89
31 89 102
32 102 115
33 115 128
34 128 141
35 141 154
36 154 167
37 10 23
38 23 36
39 36 49
40 49 62
41 62 75
42 75 88
43 88 101
44 101 114
45 114 127
46 127 140
47 140 153
48 153 166
49 9 22
50 22 35
51 35 48
52 48 61
53 61 74
54 74 87
55 87 100
56 100 113
57 113 126
58 126 139
59 139 152
60 152 165
61 8 21
62 21 34
63 34 47
64 47 60
65 60 73
66 73 86
67 86 99
68 99 112
69 112 125
70 125 138
71 138 151
72 151 164
73 7 20
74 20 33
75 33 46
76 46 59
77 59 72
78 72 85
79 85 98
80 98 111
81 111 124
82 124 137
83 137 150
84 150 163
85 6 19
86 19 32
87 32 45
88 45 58
89 58 71
90 71 84
91 84 97
92 97 110
93 110 123
94 123 136
95 136 149
96 149 162
97 5 18
98 18 31
99 31 44
100 44 57
101 57 70
102 70 83
103 83 96
104 96 109
105 109 122
106 122 135
107 135 148
108 148 161
109 4 17
110 17 30
111 30 43
112 43 56
113 56 69
114 69 82
115 82 95
116 95 108
117 108 121
118 121 134
119 134 147
120 147 160
121 3 16
122 16 29
123 29 42
124 42 55
125 55 68
126 68 81
127 81 94
128 94 107
129 107 120
130 120 133
131 133 146
132 146 159
133 2 15
134 15 28
135 28 41
136 41 54
137 54 67
138 67 80
139 80 93
140 93 106
141 106 119
142 119 132
143 132 145
144 145 158
145 1 14
146 14 27
147 27 40
148 40 53
149 53 66
150 66 79
151 79 92
152 92 105
153 105 118
154 118 131
155 131 144
156 144 157
157 13 12
158 12 11
159 11 10
160 10 9
161 9 8
162 8 7
163 7 6
164 6 5
165 5 4
166 4 3
167 3 2
168 2 1
169 169 168
170 168 167
171 167 166
172 166 165
173 165 164
174 164 163
175 163 162
176 162 161
177 161 160
178 160 159
179 159 158
180 158 157
181 65 64
182 117 116
183 38 37
184 90 89
185 142 141
186 63 62
187 115 114
188 36 35
189 88 87
190 140 139
191 61 60
192 113 112
193 34 33
194 86 85
195 138 137
196 59 58
197 111 110
198 32 31
199 84 83
200 136 135
201 57 56
202 109 108
203 30 29
204 82 81
205 134 133
206 55 54
207 107 106
208 28 27
209 80 79
210 132 131
211 182 195
212 195 208
213 208 221
214 221 234
215 234 247
216 247 260
217 260 273
218 273 286
219 286 299
220 299 312
221 312 325
222 325 338
223 181 194
224 194 207
225 207 220
226 220 233
227 233 246
228 246 259
229 259 272
230 272 285
231 285 298
232 298 311
233 311 324
234 324 337
235 180 193
236 193 206
237 206 219
238 219 232
239 232 245
240 245 258
241 258 271
242 271 284
243 284 297
244 297 310
245 310 323
246 323 336
247 179 192
248 192 205
249 205 218
250 218 231
251 231 244
252 244 257
253 257 270
254 270 283
255 283 296
256 296 309
257 309 322
258 322 335
259 178 191
260 191 204
261 204 217
262 217 230
263 230 243
264 243 256
265 256 269
266 269 282
267 282 295
268 295 308
269 308 321
270 321 334
271 177 190
272 190 203
273 203 216
274 216 229
275 229 242
276 242 255
277 255 268
278 268 281
279 281 294
280 294 307
281 307 320
282 320 333
283 176 189
284 189 202
285 202 215
286 215 228
287 228 241
288 241 254
289 254 267
290 267 280
291 280 293
292 293 306
293 306 319
294 319 332
295 175 188
296 188 201
297 201 214
298 214 227
299 227 240
300 240 253
301 253 266
302 266 279
303 279 292
304 292 305
305 305 318
306 318 331
307 174 187
308 187 200
309 200 213
310 213 226
311 226 239
312 239 252
313 252 265
314 265 278
315 278 291
316 291 304
317 304 317
318 317 330
319 173 186
320 186 199
321 199 212
322 212 225
323 225 238
324 238 251
325 251 264
326 264 277
327 277 290
328 290 303
329 303 316
330 316 329
331 172 185
332 185 198
333 198 211
334 211 224
335 224 237
336 237 250
337 250 263
338 263 276
339 276 289
340 289 302
341 302 315
342 315 328
343 171 184
344 184 197
345 197 210
346 210 223
347 223 236
348 236 249
349 249 262
350 262 275
351 275 288
352 288 301
353 301 314
354 314 327
355 170 183
356 183 196
357 196 209
358 209 222
359 222 235
360 235 248
361 248 261
362 261 274
363 274 287
364 287 300
365 300 313
366 313 326
367 182 181
368 181 180
369 180 179
370 179 178
371 178 177
372 177 176
373 176 175
374 175 174
375 174 173
376 173 172
377 172 171
378 171 170
379 338 337
380 337 336
381 336 335
382 335 334
383 334 333
384 333 332
385 332 331
386 331 330
387 330 329
388 329 328
389 328 327
390 327 326
391 234 233
392 286 285
393 207 206
394 259 258
395 311 310
396 232 231
397 284 283
398 205 204
399 257 256
400 309 308
401 230 229
402 282 281
403 203 202
404 255 254
405 307 306
406 228 227
407 280 279
408 201 200
409 253 252
410 305 304
411 226 225
412 278 277
413 199 198
414 251 250
415 303 302
416 224 223
417 276 275
418 197 196
419 249 248
420 301 300
421 1 170
422 2 171
423 3 172
424 4 173
425 5 174
426 6 175
427 7 176
428 8 177
429 9 178
430 10 179
431 11 180
432 12 181
433 13 182
434 14 183
435 15 184
436 16 185
437 17 186
438 18 187
439 19 188
440 20 189
441 21 190
442 22 191
443 23 192
444 24 193
445 25 194
446 26 195
447 27 196
448 28 197
449 29 198
450 30 199
451 31 200
452 32 201
453 33 202
454 34 203
455 35 204
456 36 205
457 37 206
458 38 207
459 39 208
460 40 209
461 41 210
462 42 211
463 43 212
464 44 213
465 45 214
466 46 215
467 47 216
468 48 217
469 49 218
470 50 219
471 51 220
472 52 221
473 53 222
474 54 223
475 55 224
476 56 225
477 57 226
478 58 227
479 59 228
480 60 229
481 61 230
482 62 231
483 63 232
484 64 233
485 65 234
486 66 235
487 67 236
488 68 237
489 69 238
490 70 239
491 71 240
492 72 241
493 73 242
494 74 243
495 75 244
496 76 245
497 77 246
498 78 247
499 79 248
500 80 249
501 81 250
502 82 251
503 83 252
504 84 253
505 85 254
506 86 255
507 87 256
508 88 257
509 89 258
510 90 259
511 91 260
512 92 261
513 93 262
514 94 263
515 95 264
516 96 265
517 97 266
518 98 267
519 99 268
520 100 269
521 101 270
522 102 271
523 103 272
524 104 273
525 105 274
526 106 275
527 107 276
528 108 277
529 109 278
530 110 279
531 111 280
532 112 281
533 113 282
534 114 283
535 115 284
536 116 285
537 117 286
538 118 287
539 119 288
540 120 289
541 121 290
542 122 291
543 123 292
544 124 293
545 125 294
546 126 295
547 127 296
548 128 297
549 129 298
550 130 299
551 131 300
552 132 301
553 133 302
554 134 303
555 135 304
556 136 305
557 137 306
558 138 307
559 139 308
560 140 309
561 141 310
562 142 311
563 143 312
564 144 313
565 145 314
566 146 315
567 147 316
568 148 317
569 149 318
570 150 319
571 151 320
572 152 321
573 153 322
574 154 323
575 155 324
576 156 325
577 157 326
578 158 327
579 159 328
580 160 329
581 161 330
582 162 331
583 163 332
584 164 333
585 165 334
586 166 335
587 167 336
588 168 337
589 169 338
590 13 195
591 182 26
592 26 208
593 195 39
594 39 221
595 208 52
596 52 234
597 221 65
598 65 247
599 234 78
600 78 260
601 247 91
602 91 273
603 260 104
604 104 286
605 273 117
606 117 299
607 286 130
608 130 312
609 299 143
610 143 325
611 312 156
612 156 338
613 325 169
614 12 194
615 181 25
616 25 207
617 194 38
618 38 220
619 207 51
620 51 233
621 220 64
622 64 246
623 233 77
624 77 259
625 246 90
626 90 272
627 259 103
628 103 285
629 272 116
630 116 298
631 285 129
632 129 311
633 298 142
634 142 324
635 311 155
636 155 337
637 324 168
638 11 193
639 180 24
640 24 206
641 193 37
642 37 219
643 206 50
644 50 232
645 219 63
646 63 245
647 232 76
648 76 258
649 245 89
650 89 271
651 258 102
652 102 284
653 271 115
654 115 297
655 284 128
656 128 310
657 297 141
658 141 323
659 310 154
660 154 336
661 323 167
662 10 192
663 179 23
664 23 205
665 192 36
666 36 218
667 205 49
668 49 231
669 218 62
670 62 244
671 231 75
672 75 257
673 244 88
674 88 270
675 257 101
676 101 283
677 270 114
678 114 296
679 283 127
680 127 309
681 296 140
682 140 322
683 309 153
684 153 335
685 322 166
686 9 191
687 178 22
688 22 204
689 191 35
690 35 217
691 204 48
692 48 230
693 217 61
694 61 243
695 230 74
696 74 256
697 243 87
698 87 269
699 256 100
700 100 282
701 269 113
702 113 295
703 282 126
704 126 308
705 295 139
706 139 321
707 308 152
708 152 334
709 321 165
710 8 190
711 177 21
712 21 203
713 190 34
714 34 216
715 203 47
716 47 229
717 216 60
718 60 242
719 229 73
720 73 255
721 242 86
722 86 268
723 255 99
724 99 281
725 268 112
726 112 294
727 281 125
728 125 307
729 294 138
730 138 320
731 307 151
732 151 333
733 320 164
734 7 189
735 176 20
736 20 202
737 189 33
738 33 215
739 202 46
740 46 228
741 215 59
742 59 241
743 228 72
744 72 254
745 241 85
746 85 267
747 254 98
748 98 280
749 267 111
750 111 293
751 280 124
752 124 306
753 293 137
754 137 319
755 306 150
756 150 332
757 319 163
758 6 188
759 175 19
760 19 201
761 188 32
762 32 214
763 201 45
764 45 227
765 214 58
766 58 240
767 227 71
768 71 253
769 240 84
770 84 266
771 253 97
772 97 279
773 266 110
774 110 292
775 279 123
776 123 305
777 292 136
778 136 318
779 305 149
780 149 331
781 318 162
782 5 187
783 174 18
784 18 200
785 187 31
786 31 213
787 200 44
788 44 226
789 213 57
790 57 239
791 226 70
792 70 252
793 239 83
794 83 265
795 252 96
796 96 278
797 265 109
798 109 291
799 278 122
800 122 304
801 291 135
802 135 317
803 304 148
804 148 330
805 317 161
806 4 186
807 173 17
808 17 199
809 186 30
810 30 212
811 199 43
812 43 225
813 212 56
814 56 238
815 225 69
816 69 251
817 238 82
818 82 264
819 251 95
820 95 277
821 264 108
822 108 290
823 277 121
824 121 303
825 290 134
826 134 316
827 303 147
828 147 329
829 316 160
830 3 185
831 172 16
832 16 198
833 185 29
834 29 211
835 198 42
836 42 224
837 211 55
838 55 237
839 224 68
840 68 250
841 237 81
842 81 263
843 250 94
844 94 276
845 263 107
846 107 289
847 276 120
848 120 302
849 289 133
850 133 315
851 302 146
852 146 328
853 315 159
854 2 184
855 171 15
856 15 197
857 184 28
858 28 210
859 197 41
860 41 223
861 210 54
862 54 236
863 223 67
864 67 249
865 236 80
866 80 262
867 249 93
868 93 275
869 262 106
870 106 288
871 275 119
872 119 301
873 288 132
874 132 314
875 301 145
876 145 327
877 314 158
878 1 183
879 170 14
880 14 196
881 183 27
882 27 209
883 196 40
884 40 222
885 209 53
886 53 235
887 222 66
888 66 248
889 235 79
890 79 261
891 248 92
892 92 274
893 261 105
894 105 287
895 274 118
896 118 300
897 287 131
898 131 313
899 300 144
900 144 326
901 313 157
902 13 181
903 182 12
904 12 180
905 181 11
906 11 179
907 180 10
908 10 178
909 179 9
910 9 177
911 178 8
912 8 176
913 177 7
914 7 175
915 176 6
916 6 174
917 175 5
918 5 173
919 174 4
920 4 172
921 173 3
922 3 171
923 172 2
924 2 170
925 171 1
926 169 337
927 338 168
928 168 336
929 337 167
930 167 335
931 336 166
932 166 334
933 335 165
934 165 333
935 334 164
936 164 332
937 333 163
938 163 331
939 332 162
940 162 330
941 331 161
942 161 329
943 330 160
944 160 328
945 329 159
946 159 327
947 328 158
948 158 326
949 327 157
950 65 233
951 234 64
952 117 285
953 286 116
954 38 206
955 207 37
956 90 258
957 259 89
958 142 310
959 311 141
960 63 231
961 232 62
962 115 283
963 284 114
964 36 204
965 205 35
966 88 256
967 257 87
968 140 308
969 309 139
970 61 229
971 230 60
972 113 281
973 282 112
974 34 202
975 203 33
976 86 254
977 255 85
978 138 306
979 307 137
980 59 227
981 228 58
982 111 279
983 280 110
984 32 200
985 201 31
986 84 252
987 253 83
988 136 304
989 305 135
990 57 225
991 226 56
992 109 277
993 278 108
994 30 198
995 199 29
996 82 250
997 251 81
998 134 302
999 303 133
1000 55 223
1001 224 54
1002 107 275
1003 276 106
1004 28 196
1005 197 27
1006 80 248
1007 249 79
1008 132 300
1009 301 131
-end-cellboundarysprings-

-planeboundarysprings-
nrsprings 0
-end-planeboundarysprings-

-configuration-
nrcells 42
1  nrcorners 20 numbers 52 65 64 51 38 25 12 13 26 39 221 234 233 220 207 194 181 182 195 208 
2  nrcorners 20 numbers 91 104 117 116 103 90 77 64 65 78 260 273 286 285 272 259 246 233 234 247 
3  nrcorners 20 numbers 143 156 169 168 155 142 129 116 117 130 312 325 338 337 324 311 298 285 286 299 
4  nrcorners 12 numbers 38 37 24 11 12 25 207 206 193 180 181 194 
5  nrcorners 20 numbers 64 77 90 89 76 63 50 37 38 51 233 246 259 258 245 232 219 206 207 220 
6  nrcorners 20 numbers 116 129 142 141 128 115 102 89 90 103 285 298 311 310 297 284 271 258 259 272 
7  nrcorners 12 numbers 168 167 154 141 142 155 337 336 323 310 311 324 
8  nrcorners 20 numbers 37 50 63 62 49 36 23 10 11 24 206 219 232 231 218 205 192 179 180 193 
9  nrcorners 20 numbers 89 102 115 114 101 88 75 62 63 76 258 271 284 283 270 257 244 231 232 245 
10  nrcorners 20 numbers 114 115 128 141 154 167 166 153 140 127 283 284 297 310 323 336 335 322 309 296 
11  nrcorners 12 numbers 36 35 22 9 10 23 205 204 191 178 179 192 
12  nrcorners 20 numbers 62 75 88 87 74 61 48 35 36 49 231 244 257 256 243 230 217 204 205 218 
13  nrcorners 20 numbers 101 114 127 140 139 126 113 100 87 88 270 283 296 309 308 295 282 269 256 257 
14  nrcorners 12 numbers 153 166 165 152 139 140 322 335 334 321 308 309 
15  nrcorners 20 numbers 22 35 48 61 60 47 34 21 8 9 191 204 217 230 229 216 203 190 177 178 
16  nrcorners 20 numbers 87 100 113 112 99 86 73 60 61 74 256 269 282 281 268 255 242 229 230 243 
17  nrcorners 20 numbers 139 152 165 164 151 138 125 112 113 126 308 321 334 333 320 307 294 281 282 295 
18  nrcorners 12 numbers 21 34 33 20 7 8 190 203 202 189 176 177 
19  nrcorners 20 numbers 60 73 86 85 72 59 46 33 34 47 229 242 255 254 241 228 215 202 203 216 
20  nrcorners 20 numbers 99 112 125 138 137 124 111 98 85 86 268 281 294 307 306 293 280 267 254 255 
21  nrcorners 12 numbers 151 164 163 150 137 138 320 333 332 319 306 307 
22  nrcorners 20 numbers 33 46 59 58 45 32 19 6 7 20 202 215 228 227 214 201 188 175 176 189 
23  nrcorners 20 numbers 72 85 98 111 110 97 84 71 58 59 241 254 267 280 279 266 253 240 227 228 
24  nrcorners 20 numbers 124 137 150 163 162 149 136 123 110 111 293 306 319 332 331 318 305 292 279 280 
25  nrcorners 12 numbers 32 31 18 5 6 19 201 200 187 174 175 188 
26  nrcorners 20 numbers 58 71 84 83 70 57 44 31 32 45 227 240 253 252 239 226 213 200 201 214 
27  nrcorners 20 numbers 110 123 136 135 122 109 96 83 84 97 279 292 305 304 291 278 265 252 253 266 
28  nrcorners 12 numbers 162 161 148 135 136 149 331 330 317 304 305 318 
29  nrcorners 20 numbers 31 44 57 56 43 30 17 4 5 18 200 213 226 225 212 199 186 173 174 187 
30  nrcorners 20 numbers 70 83 96 109 108 95 82 69 56 57 239 252 265 278 277 264 251 238 225 226 
31  nrcorners 20 numbers 135 148 161 160 147 134 121 108 109 122 304 317 330 329 316 303 290 277 278 291 
32  nrcorners 12 numbers 30 29 16 3 4 17 199 198 185 172 173 186 
33  nrcorners 20 numbers 56 69 82 81 68 55 42 29 30 43 225 238 251 250 237 224 211 198 199 212 
34  nrcorners 20 numbers 82 95 108 121 134 133 120 107 94 81 251 264 277 290 303 302 289 276 263 250 
35  nrcorners 12 numbers 133 134 147 160 159 146 302 303 316 329 328 315 
36  nrcorners 20 numbers 29 42 55 54 41 28 15 2 3 16 198 211 224 223 210 197 184 171 172 185 
37  nrcorners 20 numbers 55 68 81 94 107 106 93 80 67 54 224 237 250 263 276 275 262 249 236 223 
38  nrcorners 20 numbers 120 133 146 159 158 145 132 119 106 107 289 302 315 328 327 314 301 288 275 276 
39  nrcorners 12 numbers 28 27 14 1 2 15 197 196 183 170 171 184 
40  nrcorners 20 numbers 54 67 80 79 66 53 40 27 28 41 223 236 249 248 235 222 209 196 197 210 
41  nrcorners 20 numbers 93 106 119 132 131 118 105 92 79 80 262 275 288 301 300 287 274 261 248 249 
42  nrcorners 12 numbers 145 158 157 144 131 132 314 327 326 313 300 301 
-end-configuration-

-eastface-
nrcorners 26
numbers 169 168 167 166 165 164 163 162 161 160 159 158 157 338 337 336 335 334 333 332 331 330 329 328 327 326 
-end-eastface-

-westface-
nrcorners 26
numbers 13 12 11 10 9 8 7 6 5 4 3 2 1 182 181 180 179 178 177 176 175 174 173 172 171 170 
-end-westface-

-cellboundarycrosssection-
nrsprings 26
numbers 7 19 31 43 55 67 79 91 103 115 127 139 151 217 229 241 253 265 277 289 301 313 325 337 349 361 
-end-cellboundarycrosssection-

-planeboundarycrosssection-
nrsprings 0
numbers 85 
-end-planeboundarycrosssection-

-northandsouth-
northnr 91
southnr 79
-end-northandsouth-

-grid-
minx -0.000125
miny -0.000125
maxx 0.003125
maxy 0.003125
nrgridpointsx 13
nrgridpointsy 13
-end-grid-
