0 2.5271e-008 52419.5 0
0.00089286 0.0056409 5249.9 -0.00233855
0.00178572 0.0112818 12294.7 -0.00233994
0.00267858 0.0169226 18079.4 -0.0023412
0.00357144 0.0225635 25730.8 -0.00234231
0.0044643 0.0282044 33063.7 -0.00234332
0.00535716 0.0338453 41075.2 -0.00234423
0.00625002 0.0394861 49622.9 -0.00234507
0.00714288 0.045127 58209.6 -0.00234585
0.00803574 0.0507679 67193.5 -0.00234658
0.0089286 0.0564087 76562.5 -0.00234727
0.00982146 0.0620496 86140.6 -0.00234792
0.0107143 0.0676905 95912.6 -0.00234855
0.0116072 0.0733314 105918 -0.00234915
0.0125 0.0789722 116159 -0.00234973
0.0133929 0.0846131 126612 -0.0023503
0.0142858 0.090254 137259 -0.00235086
0.0151786 0.0958948 148087 -0.00235141
0.0160715 0.101536 159091 -0.00235196
0.0169643 0.107177 170265 -0.00235251
0.0178572 0.112817 181605 -0.00235305
0.0187501 0.118458 193107 -0.0023536
0.0196429 0.124099 204766 -0.00235415
0.0205358 0.12974 216578 -0.00235471
0.0214286 0.135381 228539 -0.00235528
0.0223215 0.141022 240647 -0.00235585
0.0232144 0.146663 252899 -0.00235644
0.0241072 0.152304 265293 -0.00235704
0.0250001 0.157944 277826 -0.00235765
0.0258929 0.163585 290496 -0.00235827
0.0267858 0.169226 303302 -0.0023589
0.0276787 0.174867 316240 -0.00235956
0.0285715 0.180508 329311 -0.00236022
0.0294644 0.186149 342512 -0.00236091
0.0303572 0.19179 355843 -0.00236161
0.0312501 0.197431 369301 -0.00236233
0.032143 0.203071 382887 -0.00236307
0.0330358 0.208712 396599 -0.00236382
0.0339287 0.214353 410435 -0.0023646
0.0348215 0.219994 424396 -0.0023654
0.0357144 0.225635 438480 -0.00236621
0.0366073 0.231276 452687 -0.00236705
0.0375001 0.236917 467015 -0.00236791
0.038393 0.242558 481464 -0.00236879
0.0392858 0.248198 496033 -0.00236969
0.0401787 0.253839 510721 -0.00237062
0.0410716 0.25948 525528 -0.00237157
0.0419644 0.265121 540453 -0.00237254
0.0428573 0.270762 555495 -0.00237353
0.0437501 0.276403 570653 -0.00237455
0.044643 0.282044 585928 -0.00237559
0.0455359 0.287684 601317 -0.00237666
0.0464287 0.293325 616821 -0.00237775
0.0473216 0.298966 632438 -0.00237886
0.0482144 0.304607 648169 -0.00238
0.0491073 0.310248 664011 -0.00238116
0.0500002 0.315889 679965 -0.00238235
0.050893 0.32153 696030 -0.00238356
0.0517859 0.327171 712205 -0.0023848
0.0526787 0.332811 728489 -0.00238606
0.0535716 0.338452 744881 -0.00238735
0.0544645 0.344093 761381 -0.00238866
0.0553573 0.349734 777988 -0.00239
0.0562502 0.355375 794701 -0.00239137
0.057143 0.361016 811519 -0.00239275
0.0580359 0.366657 828441 -0.00239417
0.0589288 0.372298 845467 -0.00239561
0.0598216 0.377938 862596 -0.00239707
0.0607145 0.383579 879826 -0.00239856
0.0616073 0.38922 897158 -0.00240008
0.0625002 0.394861 914589 -0.00240162
0.0633931 0.400502 932120 -0.00240318
0.0642859 0.406143 949749 -0.00240478
0.0651788 0.411784 967475 -0.00240639
0.0660716 0.417425 985298 -0.00240803
0.0669645 0.423065 1.00322e+006 -0.0024097
0.0678574 0.428706 1.02123e+006 -0.00241139
0.0687502 0.434347 1.03934e+006 -0.00241311
0.0696431 0.439988 1.05754e+006 -0.00241485
0.0705359 0.445629 1.07583e+006 -0.00241662
0.0714288 0.45127 1.09421e+006 -0.00241841
0.0723217 0.456911 1.11269e+006 -0.00242022
0.0732145 0.462552 1.13125e+006 -0.00242206
0.0741074 0.468192 1.1499e+006 -0.00242393
0.0750002 0.473833 1.16864e+006 -0.00242582
0.0758931 0.479474 1.18747e+006 -0.00242773
0.076786 0.485115 1.20638e+006 -0.00242967
0.0776788 0.490756 1.22538e+006 -0.00243163
0.0785717 0.496397 1.24446e+006 -0.00243361
0.0794645 0.502038 1.26362e+006 -0.00243562
0.0803574 0.507678 1.28287e+006 -0.00243766
0.0812503 0.513319 1.3022e+006 -0.00243971
0.0821431 0.51896 1.32161e+006 -0.00244179
0.083036 0.524601 1.3411e+006 -0.0024439
0.0839288 0.530242 1.36067e+006 -0.00244603
0.0848217 0.535883 1.38032e+006 -0.00244818
0.0857146 0.541524 1.40004e+006 -0.00245035
0.0866074 0.547165 1.41985e+006 -0.00245255
0.0875003 0.552805 1.43972e+006 -0.00245477
0.0883931 0.558446 1.45968e+006 -0.00245701
0.089286 0.564087 1.47971e+006 -0.00245928
0.0901789 0.569728 1.49981e+006 -0.00246156
0.0910717 0.575369 1.51999e+006 -0.00246387
0.0919646 0.58101 1.54023e+006 -0.00246621
0.0928574 0.586651 1.56055e+006 -0.00246856
0.0937503 0.592292 1.58094e+006 -0.00247094
0.0946432 0.597932 1.6014e+006 -0.00247334
0.095536 0.603573 1.62194e+006 -0.00247576
0.0964289 0.609214 1.64253e+006 -0.00247821
0.0973217 0.614855 1.6632e+006 -0.00248067
0.0982146 0.620496 1.68394e+006 -0.00248316
0.0991075 0.626137 1.70474e+006 -0.00248567
0.1 0.631778 1.72561e+006 -0.0024882
0.100893 0.637419 1.74654e+006 -0.00249075
0.101786 0.643059 1.76754e+006 -0.00249332
0.102679 0.6487 1.7886e+006 -0.00249591
0.103572 0.654341 1.80973e+006 -0.00249853
0.104465 0.659982 1.83092e+006 -0.00250116
0.105357 0.665623 1.85217e+006 -0.00250382
0.10625 0.671264 1.87349e+006 -0.0025065
0.107143 0.676905 1.89486e+006 -0.00250919
0.108036 0.682546 1.9163e+006 -0.00251191
0.108929 0.688186 1.9378e+006 -0.00251465
0.109822 0.693827 1.95936e+006 -0.00251741
0.110715 0.699468 1.98097e+006 -0.00252019
0.111607 0.705109 2.00265e+006 -0.00252299
0.1125 0.71075 2.02438e+006 -0.00252581
0.113393 0.716391 2.04617e+006 -0.00252865
0.114286 0.722032 2.06802e+006 -0.0025315
0.115179 0.727673 2.08992e+006 -0.00253438
0.116072 0.733313 2.11188e+006 -0.00253728
0.116965 0.738954 2.1339e+006 -0.0025402
0.117858 0.744595 2.15597e+006 -0.00254314
0.11875 0.750236 2.1781e+006 -0.00254609
0.119643 0.755877 2.20028e+006 -0.00254907
0.120536 0.761518 2.22251e+006 -0.00255206
0.121429 0.767159 2.2448e+006 -0.00255508
0.122322 0.772799 2.26714e+006 -0.00255811
0.123215 0.77844 2.28953e+006 -0.00256116
0.124108 0.784081 2.31198e+006 -0.00256423
0.125 0.789722 2.33447e+006 -0.00256732
0.125893 0.795363 2.35702e+006 -0.00257043
0.126786 0.801004 2.37962e+006 -0.00257355
0.127679 0.806645 2.40227e+006 -0.0025767
0.128572 0.812286 2.42497e+006 -0.00257986
0.129465 0.817926 2.44772e+006 -0.00258304
0.130358 0.823567 2.47052e+006 -0.00258624
0.13125 0.829208 2.49336e+006 -0.00258946
0.132143 0.834849 2.51626e+006 -0.0025927
0.133036 0.84049 2.5392e+006 -0.00259595
0.133929 0.846131 2.56219e+006 -0.00259922
0.134822 0.851772 2.58523e+006 -0.00260251
0.135715 0.857413 2.60832e+006 -0.00260582
0.136608 0.863053 2.63145e+006 -0.00260914
0.1375 0.868694 2.65463e+006 -0.00261248
0.138393 0.874335 2.67786e+006 -0.00261584
0.139286 0.879976 2.70113e+006 -0.00261922
0.140179 0.885617 2.72444e+006 -0.00262262
0.141072 0.891258 2.7478e+006 -0.00262603
0.141965 0.896899 2.77121e+006 -0.00262946
0.142858 0.90254 2.79466e+006 -0.0026329
0.14375 0.90818 2.81816e+006 -0.00263637
0.144643 0.913821 2.84169e+006 -0.00263985
0.145536 0.919462 2.86528e+006 -0.00264334
0.146429 0.925103 2.8889e+006 -0.00264686
0.147322 0.930744 2.91257e+006 -0.00265039
0.148215 0.936385 2.93628e+006 -0.00265393
0.149108 0.942026 2.96004e+006 -0.0026575
0.15 0.947667 2.98383e+006 -0.00266108
0.150893 0.953307 3.00767e+006 -0.00266467
0.151786 0.958948 3.03155e+006 -0.00266829
0.152679 0.964589 3.05547e+006 -0.00267192
0.153572 0.97023 3.07943e+006 -0.00267556
0.154465 0.975871 3.10343e+006 -0.00267922
0.155358 0.981512 3.12748e+006 -0.0026829
0.15625 0.987153 3.15156e+006 -0.0026866
0.157143 0.992793 3.17569e+006 -0.0026903
0.158036 0.998434 3.19985e+006 -0.00269403
0.158929 1.00408 3.22405e+006 -0.00269777
0.159822 1.00972 3.2483e+006 -0.00270153
0.160715 1.01536 3.27258e+006 -0.0027053
0.161608 1.021 3.2969e+006 -0.00270909
0.162501 1.02664 3.32126e+006 -0.0027129
0.163393 1.03228 3.34566e+006 -0.00271672
0.164286 1.03792 3.37009e+006 -0.00272055
0.165179 1.04356 3.39457e+006 -0.0027244
0.166072 1.0492 3.41908e+006 -0.00272827
0.166965 1.05484 3.44363e+006 -0.00273215
0.167858 1.06048 3.46822e+006 -0.00273605
0.168751 1.06612 3.49285e+006 -0.00273996
0.169643 1.07177 3.51751e+006 -0.00274389
0.170536 1.07741 3.54221e+006 -0.00274783
0.171429 1.08305 3.56694e+006 -0.00275179
0.172322 1.08869 3.59172e+006 -0.00275576
0.173215 1.09433 3.61652e+006 -0.00275975
0.174108 1.09997 3.64137e+006 -0.00276375
0.175001 1.10561 3.66625e+006 -0.00276776
0.175893 1.11125 3.69117e+006 -0.0027718
0.176786 1.11689 3.71612e+006 -0.00277584
0.177679 1.12253 3.74111e+006 -0.0027799
0.178572 1.12817 3.76613e+006 -0.00278398
0.179465 1.13382 3.79119e+006 -0.00278807
0.180358 1.13946 3.81628e+006 -0.00279217
0.181251 1.1451 3.84141e+006 -0.00279629
0.182143 1.15074 3.86657e+006 -0.00280042
0.183036 1.15638 3.89177e+006 -0.00280457
0.183929 1.16202 3.917e+006 -0.00280873
0.184822 1.16766 3.94226e+006 -0.0028129
0.185715 1.1733 3.96756e+006 -0.00281709
0.186608 1.17894 3.99289e+006 -0.0028213
0.187501 1.18458 4.01826e+006 -0.00282551
0.188393 1.19022 4.04366e+006 -0.00282975
0.189286 1.19586 4.06909e+006 -0.00283399
0.190179 1.20151 4.09456e+006 -0.00283825
0.191072 1.20715 4.12006e+006 -0.00284252
0.191965 1.21279 4.14559e+006 -0.00284681
0.192858 1.21843 4.17115e+006 -0.00285111
0.193751 1.22407 4.19675e+006 -0.00285542
0.194643 1.22971 4.22238e+006 -0.00285975
0.195536 1.23535 4.24804e+006 -0.00286409
0.196429 1.24099 4.27374e+006 -0.00286844
0.197322 1.24663 4.29946e+006 -0.00287281
0.198215 1.25227 4.32522e+006 -0.00287719
0.199108 1.25791 4.35101e+006 -0.00288159
0.200001 1.26356 4.37683e+006 -0.00288599
0.200893 1.2692 4.40269e+006 -0.00289041
0.201786 1.27484 4.42857e+006 -0.00289485
0.202679 1.28048 4.45449e+006 -0.00289929
0.203572 1.28612 4.48044e+006 -0.00290375
0.204465 1.29176 4.50641e+006 -0.00290822
0.205358 1.2974 4.53242e+006 -0.00291271
0.206251 1.30304 4.55846e+006 -0.00291721
0.207144 1.30868 4.58453e+006 -0.00292172
0.208036 1.31432 4.61064e+006 -0.00292624
0.208929 1.31996 4.63677e+006 -0.00293078
0.209822 1.3256 4.66293e+006 -0.00293533
0.210715 1.33125 4.68912e+006 -0.00293989
0.211608 1.33689 4.71534e+006 -0.00294447
0.212501 1.34253 4.7416e+006 -0.00294905
0.213394 1.34817 4.76788e+006 -0.00295365
0.214286 1.35381 4.79419e+006 -0.00295826
0.215179 1.35945 4.82053e+006 -0.00296289
0.216072 1.36509 4.8469e+006 -0.00296752
0.216965 1.37073 4.8733e+006 -0.00297217
0.217858 1.37637 4.89973e+006 -0.00297683
0.218751 1.38201 4.92619e+006 -0.00298151
0.219644 1.38765 4.95268e+006 -0.00298619
0.220536 1.3933 4.9792e+006 -0.00299089
0.221429 1.39894 5.00574e+006 -0.0029956
0.222322 1.40458 5.03232e+006 -0.00300032
0.223215 1.41022 5.05892e+006 -0.00300505
0.224108 1.41586 5.08556e+006 -0.0030098
0.225001 1.4215 5.11222e+006 -0.00301455
0.225894 1.42714 5.13891e+006 -0.00301932
0.226786 1.43278 5.16562e+006 -0.0030241
0.227679 1.43842 5.19237e+006 -0.00302889
0.228572 1.44406 5.21914e+006 -0.0030337
0.229465 1.4497 5.24595e+006 -0.00303851
0.230358 1.45534 5.27278e+006 -0.00304334
0.231251 1.46099 5.29964e+006 -0.00304818
0.232144 1.46663 5.32652e+006 -0.00305302
0.233036 1.47227 5.35344e+006 -0.00305788
0.233929 1.47791 5.38038e+006 -0.00306276
0.234822 1.48355 5.40735e+006 -0.00306764
0.235715 1.48919 5.43434e+006 -0.00307253
0.236608 1.49483 5.46137e+006 -0.00307744
0.237501 1.50047 5.48842e+006 -0.00308236
0.238394 1.50611 5.51549e+006 -0.00308728
0.239286 1.51175 5.5426e+006 -0.00309222
0.240179 1.51739 5.56973e+006 -0.00309717
0.241072 1.52304 5.59689e+006 -0.00310213
0.241965 1.52868 5.62408e+006 -0.00310711
0.242858 1.53432 5.65129e+006 -0.00311209
0.243751 1.53996 5.67853e+006 -0.00311708
0.244644 1.5456 5.70579e+006 -0.00312208
0.245536 1.55124 5.73309e+006 -0.0031271
0.246429 1.55688 5.76041e+006 -0.00313212
0.247322 1.56252 5.78775e+006 -0.00313716
0.248215 1.56816 5.81512e+006 -0.00314221
0.249108 1.5738 5.84252e+006 -0.00314726
0.250001 1.57944 5.86994e+006 -0.00315233
0.250894 1.58509 5.89739e+006 -0.00315741
0.251787 1.59073 5.92487e+006 -0.0031625
0.252679 1.59637 5.95237e+006 -0.00316759
0.253572 1.60201 5.9799e+006 -0.0031727
0.254465 1.60765 6.00745e+006 -0.00317782
0.255358 1.61329 6.03503e+006 -0.00318295
0.256251 1.61893 6.06263e+006 -0.00318809
0.257144 1.62457 6.09026e+006 -0.00319324
0.258037 1.63021 6.11792e+006 -0.0031984
0.258929 1.63585 6.1456e+006 -0.00320357
0.259822 1.64149 6.17331e+006 -0.00320875
0.260715 1.64713 6.20104e+006 -0.00321394
0.261608 1.65278 6.22879e+006 -0.00321913
0.262501 1.65842 6.25658e+006 -0.00322434
0.263394 1.66406 6.28438e+006 -0.00322956
0.264287 1.6697 6.31221e+006 -0.00323479
0.265179 1.67534 6.34007e+006 -0.00324003
0.266072 1.68098 6.36795e+006 -0.00324527
0.266965 1.68662 6.39586e+006 -0.00325053
0.267858 1.69226 6.42379e+006 -0.0032558
0.268751 1.6979 6.45174e+006 -0.00326107
0.269644 1.70354 6.47972e+006 -0.00326636
0.270537 1.70918 6.50773e+006 -0.00327165
0.271429 1.71483 6.53575e+006 -0.00327696
0.272322 1.72047 6.56381e+006 -0.00328227
0.273215 1.72611 6.59188e+006 -0.00328759
0.274108 1.73175 6.61999e+006 -0.00329292
0.275001 1.73739 6.64811e+006 -0.00329826
0.275894 1.74303 6.67626e+006 -0.00330361
0.276787 1.74867 6.70443e+006 -0.00330897
0.277679 1.75431 6.73263e+006 -0.00331434
0.278572 1.75995 6.76085e+006 -0.00331972
0.279465 1.76559 6.7891e+006 -0.0033251
0.280358 1.77123 6.81736e+006 -0.0033305
0.281251 1.77687 6.84566e+006 -0.0033359
0.282144 1.78252 6.87397e+006 -0.00334131
0.283037 1.78816 6.90231e+006 -0.00334673
0.283929 1.7938 6.93067e+006 -0.00335216
0.284822 1.79944 6.95906e+006 -0.0033576
0.285715 1.80508 6.98747e+006 -0.00336305
0.286608 1.81072 7.0159e+006 -0.0033685
0.287501 1.81636 7.04436e+006 -0.00337397
0.288394 1.822 7.07284e+006 -0.00337944
0.289287 1.82764 7.10134e+006 -0.00338492
0.290179 1.83328 7.12987e+006 -0.00339041
0.291072 1.83892 7.15841e+006 -0.00339591
0.291965 1.84457 7.18699e+006 -0.00340141
0.292858 1.85021 7.21558e+006 -0.00340692
0.293751 1.85585 7.2442e+006 -0.00341245
0.294644 1.86149 7.27284e+006 -0.00341798
0.295537 1.86713 7.3015e+006 -0.00342352
0.29643 1.87277 7.33018e+006 -0.00342906
0.297322 1.87841 7.35889e+006 -0.00343462
0.298215 1.88405 7.38762e+006 -0.00344018
0.299108 1.88969 7.41637e+006 -0.00344575
0.300001 1.89533 7.44515e+006 -0.00345133
0.300894 1.90097 7.47394e+006 -0.00345691
0.301787 1.90661 7.50276e+006 -0.00346251
0.30268 1.91226 7.53161e+006 -0.00346811
0.303572 1.9179 7.56047e+006 -0.00347372
0.304465 1.92354 7.58935e+006 -0.00347933
0.305358 1.92918 7.61826e+006 -0.00348496
0.306251 1.93482 7.64719e+006 -0.00349059
0.307144 1.94046 7.67614e+006 -0.00349623
0.308037 1.9461 7.70512e+006 -0.00350188
0.30893 1.95174 7.73411e+006 -0.00350753
0.309822 1.95738 7.76313e+006 -0.00351319
0.310715 1.96302 7.79217e+006 -0.00351886
0.311608 1.96866 7.82123e+006 -0.00352454
0.312501 1.97431 7.85031e+006 -0.00353022
0.313394 1.97995 7.87941e+006 -0.00353591
0.314287 1.98559 7.90854e+006 -0.00354161
0.31518 1.99123 7.93768e+006 -0.00354732
0.316072 1.99687 7.96685e+006 -0.00355303
0.316965 2.00251 7.99604e+006 -0.00355875
0.317858 2.00815 8.02525e+006 -0.00356448
0.318751 2.01379 8.05448e+006 -0.00357021
0.319644 2.01943 8.08373e+006 -0.00357595
0.320537 2.02507 8.11301e+006 -0.0035817
0.32143 2.03071 8.1423e+006 -0.00358745
0.322322 2.03635 8.17162e+006 -0.00359321
0.323215 2.042 8.20095e+006 -0.00359898
0.324108 2.04764 8.23031e+006 -0.00360475
0.325001 2.05328 8.25969e+006 -0.00361053
0.325894 2.05892 8.28908e+006 -0.00361632
0.326787 2.06456 8.3185e+006 -0.00362212
0.32768 2.0702 8.34794e+006 -0.00362792
0.328572 2.07584 8.3774e+006 -0.00363373
0.329465 2.08148 8.40688e+006 -0.00363954
0.330358 2.08712 8.43639e+006 -0.00364536
0.331251 2.09276 8.46591e+006 -0.00365119
0.332144 2.0984 8.49545e+006 -0.00365702
0.333037 2.10405 8.52501e+006 -0.00366286
0.33393 2.10969 8.55459e+006 -0.0036687
0.334822 2.11533 8.5842e+006 -0.00367456
0.335715 2.12097 8.61382e+006 -0.00368041
0.336608 2.12661 8.64346e+006 -0.00368628
0.337501 2.13225 8.67313e+006 -0.00369215
0.338394 2.13789 8.70281e+006 -0.00369803
0.339287 2.14353 8.73251e+006 -0.00370391
0.34018 2.14917 8.76223e+006 -0.0037098
0.341073 2.15481 8.79198e+006 -0.00371569
0.341965 2.16045 8.82174e+006 -0.00372159
0.342858 2.16609 8.85152e+006 -0.0037275
0.343751 2.17174 8.88132e+006 -0.00373341
0.344644 2.17738 8.91114e+006 -0.00373933
0.345537 2.18302 8.94098e+006 -0.00374525
0.34643 2.18866 8.97084e+006 -0.00375118
0.347323 2.1943 9.00072e+006 -0.00375712
0.348215 2.19994 9.03062e+006 -0.00376306
0.349108 2.20558 9.06054e+006 -0.003769
0.350001 2.21122 9.09048e+006 -0.00377495
0.350894 2.21686 9.12043e+006 -0.00378091
0.351787 2.2225 9.15041e+006 -0.00378687
0.35268 2.22814 9.1804e+006 -0.00379284
0.353573 2.23379 9.21042e+006 -0.00379881
0.354465 2.23943 9.24045e+006 -0.00380479
0.355358 2.24507 9.2705e+006 -0.00381078
0.356251 2.25071 9.30057e+006 -0.00381677
0.357144 2.25635 9.33066e+006 -0.00382276
0.358037 2.26199 9.36077e+006 -0.00382876
0.35893 2.26763 9.3909e+006 -0.00383477
0.359823 2.27327 9.42104e+006 -0.00384078
0.360715 2.27891 9.45121e+006 -0.00384679
0.361608 2.28455 9.48139e+006 -0.00385281
0.362501 2.29019 9.51159e+006 -0.00385884
0.363394 2.29583 9.54181e+006 -0.00386487
0.364287 2.30148 9.57205e+006 -0.0038709
0.36518 2.30712 9.60231e+006 -0.00387694
0.366073 2.31276 9.63258e+006 -0.00388299
0.366965 2.3184 9.66287e+006 -0.00388904
0.367858 2.32404 9.69318e+006 -0.00389509
0.368751 2.32968 9.72351e+006 -0.00390115
0.369644 2.33532 9.75386e+006 -0.00390721
0.370537 2.34096 9.78423e+006 -0.00391328
0.37143 2.3466 9.81461e+006 -0.00391935
0.372323 2.35224 9.84501e+006 -0.00392543
0.373215 2.35788 9.87543e+006 -0.00393151
0.374108 2.36353 9.90587e+006 -0.0039376
0.375001 2.36917 9.93632e+006 -0.00394369
0.375894 2.37481 9.96679e+006 -0.00394979
0.376787 2.38045 9.99728e+006 -0.00395589
0.37768 2.38609 1.00278e+007 -0.00396199
0.378573 2.39173 1.00583e+007 -0.0039681
0.379465 2.39737 1.00889e+007 -0.00397421
0.380358 2.40301 1.01194e+007 -0.00398033
0.381251 2.40865 1.015e+007 -0.00398645
0.382144 2.41429 1.01806e+007 -0.00399257
0.383037 2.41993 1.02112e+007 -0.0039987
0.38393 2.42557 1.02418e+007 -0.00400484
0.384823 2.43122 1.02725e+007 -0.00401097
0.385716 2.43686 1.03031e+007 -0.00401712
0.386608 2.4425 1.03338e+007 -0.00402326
0.387501 2.44814 1.03645e+007 -0.00402941
0.388394 2.45378 1.03952e+007 -0.00403556
0.389287 2.45942 1.0426e+007 -0.00404172
0.39018 2.46506 1.04567e+007 -0.00404788
0.391073 2.4707 1.04875e+007 -0.00405405
0.391966 2.47634 1.05182e+007 -0.00406021
0.392858 2.48198 1.0549e+007 -0.00406639
0.393751 2.48762 1.05799e+007 -0.00407256
0.394644 2.49327 1.06107e+007 -0.00407874
0.395537 2.49891 1.06415e+007 -0.00408492
0.39643 2.50455 1.06724e+007 -0.00409111
0.397323 2.51019 1.07033e+007 -0.0040973
0.398216 2.51583 1.07342e+007 -0.00410349
0.399108 2.52147 1.07651e+007 -0.00410969
0.400001 2.52711 1.0796e+007 -0.00411589
0.400894 2.53275 1.08269e+007 -0.00412209
0.401787 2.53839 1.08579e+007 -0.0041283
0.40268 2.54403 1.08889e+007 -0.00413451
0.403573 2.54967 1.09199e+007 -0.00414072
0.404466 2.55532 1.09509e+007 -0.00414694
0.405358 2.56096 1.09819e+007 -0.00415316
0.406251 2.5666 1.10129e+007 -0.00415938
0.407144 2.57224 1.1044e+007 -0.0041656
0.408037 2.57788 1.10751e+007 -0.00417183
0.40893 2.58352 1.11061e+007 -0.00417806
0.409823 2.58916 1.11372e+007 -0.0041843
0.410716 2.5948 1.11684e+007 -0.00419053
0.411608 2.60044 1.11995e+007 -0.00419677
0.412501 2.60608 1.12306e+007 -0.00420302
0.413394 2.61172 1.12618e+007 -0.00420926
0.414287 2.61736 1.1293e+007 -0.00421551
0.41518 2.62301 1.13241e+007 -0.00422176
0.416073 2.62865 1.13553e+007 -0.00422802
0.416966 2.63429 1.13866e+007 -0.00423427
0.417858 2.63993 1.14178e+007 -0.00424053
0.418751 2.64557 1.1449e+007 -0.00424679
0.419644 2.65121 1.14803e+007 -0.00425306
0.420537 2.65685 1.15116e+007 -0.00425932
0.42143 2.66249 1.15429e+007 -0.00426559
0.422323 2.66813 1.15742e+007 -0.00427186
0.423216 2.67377 1.16055e+007 -0.00427814
0.424108 2.67941 1.16368e+007 -0.00428441
0.425001 2.68506 1.16682e+007 -0.00429069
0.425894 2.6907 1.16995e+007 -0.00429697
0.426787 2.69634 1.17309e+007 -0.00430325
0.42768 2.70198 1.17623e+007 -0.00430954
0.428573 2.70762 1.17937e+007 -0.00431582
0.429466 2.71326 1.18251e+007 -0.00432211
0.430359 2.7189 1.18566e+007 -0.0043284
0.431251 2.72454 1.1888e+007 -0.0043347
0.432144 2.73018 1.19195e+007 -0.00434099
0.433037 2.73582 1.19509e+007 -0.00434729
0.43393 2.74146 1.19824e+007 -0.00435359
0.434823 2.7471 1.20139e+007 -0.00435989
0.435716 2.75275 1.20454e+007 -0.00436619
0.436609 2.75839 1.20769e+007 -0.0043725
0.437501 2.76403 1.21085e+007 -0.0043788
0.438394 2.76967 1.214e+007 -0.00438511
0.439287 2.77531 1.21716e+007 -0.00439142
0.44018 2.78095 1.22032e+007 -0.00439773
0.441073 2.78659 1.22347e+007 -0.00440404
0.441966 2.79223 1.22663e+007 -0.00441036
0.442859 2.79787 1.22979e+007 -0.00441668
0.443751 2.80351 1.23296e+007 -0.00442299
0.444644 2.80915 1.23612e+007 -0.00442931
0.445537 2.8148 1.23929e+007 -0.00443564
0.44643 2.82044 1.24245e+007 -0.00444196
0.447323 2.82608 1.24562e+007 -0.00444828
0.448216 2.83172 1.24879e+007 -0.00445461
0.449109 2.83736 1.25196e+007 -0.00446094
0.450001 2.843 1.25513e+007 -0.00446727
0.450894 2.84864 1.2583e+007 -0.0044736
0.451787 2.85428 1.26147e+007 -0.00447993
0.45268 2.85992 1.26465e+007 -0.00448627
0.453573 2.86556 1.26782e+007 -0.00449261
0.454466 2.8712 1.271e+007 -0.00449895
0.455359 2.87684 1.27418e+007 -0.00450529
0.456251 2.88249 1.27736e+007 -0.00451163
0.457144 2.88813 1.28054e+007 -0.00451797
0.458037 2.89377 1.28372e+007 -0.00452432
0.45893 2.89941 1.2869e+007 -0.00453066
0.459823 2.90505 1.29009e+007 -0.00453701
0.460716 2.91069 1.29327e+007 -0.00454337
0.461609 2.91633 1.29646e+007 -0.00454972
0.462501 2.92197 1.29964e+007 -0.00455608
0.463394 2.92761 1.30283e+007 -0.00456243
0.464287 2.93325 1.30602e+007 -0.0045688
0.46518 2.93889 1.30921e+007 -0.00457516
0.466073 2.94454 1.31241e+007 -0.00458152
0.466966 2.95018 1.3156e+007 -0.00458789
0.467859 2.95582 1.3188e+007 -0.00459426
0.468751 2.96146 1.32199e+007 -0.00460064
0.469644 2.9671 1.32519e+007 -0.00460701
0.470537 2.97274 1.32839e+007 -0.00461339
0.47143 2.97838 1.33159e+007 -0.00461977
0.472323 2.98402 1.33479e+007 -0.00462616
0.473216 2.98966 1.33799e+007 -0.00463254
0.474109 2.9953 1.3412e+007 -0.00463894
0.475002 3.00094 1.3444e+007 -0.00464533
0.475894 3.00658 1.34761e+007 -0.00465173
0.476787 3.01223 1.35082e+007 -0.00465813
0.47768 3.01787 1.35403e+007 -0.00466453
0.478573 3.02351 1.35724e+007 -0.00467094
0.479466 3.02915 1.36045e+007 -0.00467735
0.480359 3.03479 1.36367e+007 -0.00468377
0.481252 3.04043 1.36688e+007 -0.00469019
0.482144 3.04607 1.3701e+007 -0.00469661
0.483037 3.05171 1.37332e+007 -0.00470304
0.48393 3.05735 1.37654e+007 -0.00470947
0.484823 3.06299 1.37976e+007 -0.0047159
0.485716 3.06863 1.38298e+007 -0.00472234
0.486609 3.07428 1.38621e+007 -0.00472878
0.487502 3.07992 1.38943e+007 -0.00473523
0.488394 3.08556 1.39266e+007 -0.00474168
0.489287 3.0912 1.39589e+007 -0.00474813
0.49018 3.09684 1.39912e+007 -0.00475459
0.491073 3.10248 1.40236e+007 -0.00476105
0.491966 3.10812 1.40559e+007 -0.00476752
0.492859 3.11376 1.40883e+007 -0.00477399
0.493752 3.1194 1.41206e+007 -0.00478047
0.494644 3.12504 1.4153e+007 -0.00478694
0.495537 3.13068 1.41854e+007 -0.00479343
0.49643 3.13632 1.42179e+007 -0.00479991
0.497323 3.14197 1.42503e+007 -0.0048064
0.498216 3.14761 1.42828e+007 -0.00481289
0.499109 3.15325 1.43152e+007 -0.00481939
0.500002 3.15889 1.43477e+007 -0.00482589
0.500894 3.16453 1.43802e+007 -0.0048324
0.501787 3.17017 1.44127e+007 -0.00483891
0.50268 3.17581 1.44453e+007 -0.00484542
0.503573 3.18145 1.44778e+007 -0.00485193
0.504466 3.18709 1.45104e+007 -0.00485845
0.505359 3.19273 1.4543e+007 -0.00486498
0.506252 3.19837 1.45756e+007 -0.0048715
0.507144 3.20402 1.46082e+007 -0.00487803
0.508037 3.20966 1.46408e+007 -0.00488457
0.50893 3.2153 1.46735e+007 -0.0048911
0.509823 3.22094 1.47061e+007 -0.00489764
0.510716 3.22658 1.47388e+007 -0.00490419
0.511609 3.23222 1.47715e+007 -0.00491073
0.512502 3.23786 1.48042e+007 -0.00491728
0.513394 3.2435 1.48369e+007 -0.00492384
0.514287 3.24914 1.48697e+007 -0.00493039
0.51518 3.25478 1.49024e+007 -0.00493695
0.516073 3.26042 1.49352e+007 -0.00494351
0.516966 3.26606 1.4968e+007 -0.00495008
0.517859 3.27171 1.50008e+007 -0.00495664
0.518752 3.27735 1.50336e+007 -0.00496322
0.519645 3.28299 1.50665e+007 -0.00496979
0.520537 3.28863 1.50993e+007 -0.00497637
0.52143 3.29427 1.51322e+007 -0.00498294
0.522323 3.29991 1.51651e+007 -0.00498953
0.523216 3.30555 1.5198e+007 -0.00499611
0.524109 3.31119 1.52309e+007 -0.0050027
0.525002 3.31683 1.52638e+007 -0.00500929
0.525895 3.32247 1.52968e+007 -0.00501588
0.526787 3.32811 1.53297e+007 -0.00502248
0.52768 3.33376 1.53627e+007 -0.00502907
0.528573 3.3394 1.53957e+007 -0.00503567
0.529466 3.34504 1.54287e+007 -0.00504227
0.530359 3.35068 1.54617e+007 -0.00504888
0.531252 3.35632 1.54947e+007 -0.00505549
0.532145 3.36196 1.55278e+007 -0.0050621
0.533037 3.3676 1.55608e+007 -0.00506871
0.53393 3.37324 1.55939e+007 -0.00507532
0.534823 3.37888 1.5627e+007 -0.00508194
0.535716 3.38452 1.56601e+007 -0.00508855
0.536609 3.39016 1.56932e+007 -0.00509517
0.537502 3.3958 1.57263e+007 -0.0051018
0.538395 3.40145 1.57595e+007 -0.00510842
0.539287 3.40709 1.57927e+007 -0.00511505
0.54018 3.41273 1.58258e+007 -0.00512168
0.541073 3.41837 1.5859e+007 -0.00512831
0.541966 3.42401 1.58922e+007 -0.00513494
0.542859 3.42965 1.59254e+007 -0.00514157
0.543752 3.43529 1.59587e+007 -0.00514821
0.544645 3.44093 1.59919e+007 -0.00515485
0.545537 3.44657 1.60252e+007 -0.00516149
0.54643 3.45221 1.60585e+007 -0.00516813
0.547323 3.45785 1.60917e+007 -0.00517477
0.548216 3.4635 1.61251e+007 -0.00518142
0.549109 3.46914 1.61584e+007 -0.00518806
0.550002 3.47478 1.61917e+007 -0.00519471
0.550895 3.48042 1.6225e+007 -0.00520136
0.551787 3.48606 1.62584e+007 -0.00520802
0.55268 3.4917 1.62918e+007 -0.00521467
0.553573 3.49734 1.63252e+007 -0.00522132
0.554466 3.50298 1.63585e+007 -0.00522798
0.555359 3.50862 1.6392e+007 -0.00523464
0.556252 3.51426 1.64254e+007 -0.0052413
0.557145 3.5199 1.64588e+007 -0.00524796
0.558037 3.52554 1.64923e+007 -0.00525462
0.55893 3.53119 1.65257e+007 -0.00526129
0.559823 3.53683 1.65592e+007 -0.00526795
0.560716 3.54247 1.65927e+007 -0.00527462
0.561609 3.54811 1.66262e+007 -0.00528129
0.562502 3.55375 1.66597e+007 -0.00528796
0.563395 3.55939 1.66933e+007 -0.00529463
0.564288 3.56503 1.67268e+007 -0.0053013
0.56518 3.57067 1.67604e+007 -0.00530798
0.566073 3.57631 1.67939e+007 -0.00531465
0.566966 3.58195 1.68275e+007 -0.00532133
0.567859 3.58759 1.68611e+007 -0.00532801
0.568752 3.59324 1.68947e+007 -0.00533469
0.569645 3.59888 1.69283e+007 -0.00534137
0.570538 3.60452 1.6962e+007 -0.00534805
0.57143 3.61016 1.69956e+007 -0.00535473
0.572323 3.6158 1.70293e+007 -0.00536142
0.573216 3.62144 1.7063e+007 -0.0053681
0.574109 3.62708 1.70966e+007 -0.00537479
0.575002 3.63272 1.71303e+007 -0.00538148
0.575895 3.63836 1.7164e+007 -0.00538817
0.576788 3.644 1.71978e+007 -0.00539486
0.57768 3.64964 1.72315e+007 -0.00540155
0.578573 3.65529 1.72653e+007 -0.00540824
0.579466 3.66093 1.7299e+007 -0.00541493
0.580359 3.66657 1.73328e+007 -0.00542163
0.581252 3.67221 1.73666e+007 -0.00542832
0.582145 3.67785 1.74004e+007 -0.00543502
0.583038 3.68349 1.74342e+007 -0.00544171
0.58393 3.68913 1.7468e+007 -0.00544841
0.584823 3.69477 1.75018e+007 -0.00545511
0.585716 3.70041 1.75357e+007 -0.00546181
0.586609 3.70605 1.75695e+007 -0.00546851
0.587502 3.71169 1.76034e+007 -0.00547521
0.588395 3.71733 1.76373e+007 -0.00548191
0.589288 3.72298 1.76712e+007 -0.00548862
0.59018 3.72862 1.77051e+007 -0.00549532
0.591073 3.73426 1.7739e+007 -0.00550203
0.591966 3.7399 1.77729e+007 -0.00550873
0.592859 3.74554 1.78069e+007 -0.00551544
0.593752 3.75118 1.78408e+007 -0.00552215
0.594645 3.75682 1.78748e+007 -0.00552886
0.595538 3.76246 1.79088e+007 -0.00553556
0.59643 3.7681 1.79428e+007 -0.00554227
0.597323 3.77374 1.79768e+007 -0.00554899
0.598216 3.77938 1.80108e+007 -0.0055557
0.599109 3.78503 1.80448e+007 -0.00556241
0.600002 3.79067 1.80789e+007 -0.00556912
0.600895 3.79631 1.81129e+007 -0.00557583
0.601788 3.80195 1.8147e+007 -0.00558255
0.60268 3.80759 1.8181e+007 -0.00558926
0.603573 3.81323 1.82151e+007 -0.00559598
0.604466 3.81887 1.82492e+007 -0.00560269
0.605359 3.82451 1.82833e+007 -0.00560941
0.606252 3.83015 1.83174e+007 -0.00561613
0.607145 3.83579 1.83516e+007 -0.00562285
0.608038 3.84143 1.83857e+007 -0.00562956
0.608931 3.84707 1.84199e+007 -0.00563628
0.609823 3.85272 1.8454e+007 -0.005643
0.610716 3.85836 1.84882e+007 -0.00564972
0.611609 3.864 1.85224e+007 -0.00565644
0.612502 3.86964 1.85566e+007 -0.00566316
0.613395 3.87528 1.85908e+007 -0.00566989
0.614288 3.88092 1.8625e+007 -0.00567661
0.615181 3.88656 1.86593e+007 -0.00568333
0.616073 3.8922 1.86935e+007 -0.00569005
0.616966 3.89784 1.87278e+007 -0.00569678
0.617859 3.90348 1.8762e+007 -0.0057035
0.618752 3.90912 1.87963e+007 -0.00571023
0.619645 3.91477 1.88306e+007 -0.00571695
0.620538 3.92041 1.88649e+007 -0.00572368
0.621431 3.92605 1.88992e+007 -0.0057304
0.622323 3.93169 1.89335e+007 -0.00573713
0.623216 3.93733 1.89678e+007 -0.00574385
0.624109 3.94297 1.90022e+007 -0.00575058
0.625002 3.94861 1.90365e+007 -0.00575731
0.625895 3.95425 1.90709e+007 -0.00576403
0.626788 3.95989 1.91053e+007 -0.00577076
0.627681 3.96553 1.91397e+007 -0.00577749
0.628573 3.97117 1.91741e+007 -0.00578422
0.629466 3.97681 1.92085e+007 -0.00579095
0.630359 3.98246 1.92429e+007 -0.00579768
0.631252 3.9881 1.92773e+007 -0.00580441
0.632145 3.99374 1.93117e+007 -0.00581114
0.633038 3.99938 1.93462e+007 -0.00581787
0.633931 4.00502 1.93807e+007 -0.0058246
0.634823 4.01066 1.94151e+007 -0.00583133
0.635716 4.0163 1.94496e+007 -0.00583806
0.636609 4.02194 1.94841e+007 -0.00584479
0.637502 4.02758 1.95186e+007 -0.00585152
0.638395 4.03322 1.95531e+007 -0.00585825
0.639288 4.03886 1.95876e+007 -0.00586498
0.640181 4.04451 1.96222e+007 -0.00587172
0.641073 4.05015 1.96567e+007 -0.00587845
0.641966 4.05579 1.96913e+007 -0.00588518
0.642859 4.06143 1.97258e+007 -0.00589191
0.643752 4.06707 1.97604e+007 -0.00589864
0.644645 4.07271 1.9795e+007 -0.00590538
0.645538 4.07835 1.98296e+007 -0.00591211
0.646431 4.08399 1.98642e+007 -0.00591884
0.647323 4.08963 1.98988e+007 -0.00592558
0.648216 4.09527 1.99334e+007 -0.00593231
0.649109 4.10091 1.99681e+007 -0.00593904
0.650002 4.10655 2.00027e+007 -0.00594577
0.650895 4.1122 2.00374e+007 -0.00595251
0.651788 4.11784 2.00721e+007 -0.00595924
0.652681 4.12348 2.01067e+007 -0.00596598
0.653574 4.12912 2.01414e+007 -0.00597271
0.654466 4.13476 2.01761e+007 -0.00597944
0.655359 4.1404 2.02108e+007 -0.00598618
0.656252 4.14604 2.02455e+007 -0.00599291
0.657145 4.15168 2.02803e+007 -0.00599964
0.658038 4.15732 2.0315e+007 -0.00600638
0.658931 4.16296 2.03497e+007 -0.00601311
0.659824 4.1686 2.03845e+007 -0.00601984
0.660716 4.17425 2.04193e+007 -0.00602658
0.661609 4.17989 2.0454e+007 -0.00603331
0.662502 4.18553 2.04888e+007 -0.00604004
0.663395 4.19117 2.05236e+007 -0.00604678
0.664288 4.19681 2.05584e+007 -0.00605351
0.665181 4.20245 2.05932e+007 -0.00606025
0.666074 4.20809 2.06281e+007 -0.00606698
0.666966 4.21373 2.06629e+007 -0.00607371
0.667859 4.21937 2.06977e+007 -0.00608045
0.668752 4.22501 2.07326e+007 -0.00608718
0.669645 4.23065 2.07675e+007 -0.00609391
0.670538 4.23629 2.08023e+007 -0.00610064
0.671431 4.24194 2.08372e+007 -0.00610738
0.672324 4.24758 2.08721e+007 -0.00611411
0.673216 4.25322 2.0907e+007 -0.00612084
0.674109 4.25886 2.09419e+007 -0.00612757
0.675002 4.2645 2.09768e+007 -0.00613431
0.675895 4.27014 2.10118e+007 -0.00614104
0.676788 4.27578 2.10467e+007 -0.00614777
0.677681 4.28142 2.10817e+007 -0.0061545
0.678574 4.28706 2.11166e+007 -0.00616123
0.679466 4.2927 2.11516e+007 -0.00616797
0.680359 4.29834 2.11866e+007 -0.0061747
0.681252 4.30399 2.12215e+007 -0.00618143
0.682145 4.30963 2.12565e+007 -0.00618816
0.683038 4.31527 2.12915e+007 -0.00619489
0.683931 4.32091 2.13266e+007 -0.00620162
0.684824 4.32655 2.13616e+007 -0.00620835
0.685716 4.33219 2.13966e+007 -0.00621508
0.686609 4.33783 2.14317e+007 -0.00622181
0.687502 4.34347 2.14667e+007 -0.00622854
0.688395 4.34911 2.15018e+007 -0.00623527
0.689288 4.35475 2.15368e+007 -0.006242
0.690181 4.36039 2.15719e+007 -0.00624872
0.691074 4.36603 2.1607e+007 -0.00625545
0.691966 4.37168 2.16421e+007 -0.00626218
0.692859 4.37732 2.16772e+007 -0.00626891
0.693752 4.38296 2.17123e+007 -0.00627564
0.694645 4.3886 2.17474e+007 -0.00628236
0.695538 4.39424 2.17826e+007 -0.00628909
0.696431 4.39988 2.18177e+007 -0.00629582
0.697324 4.40552 2.18528e+007 -0.00630254
0.698217 4.41116 2.1888e+007 -0.00630927
0.699109 4.4168 2.19232e+007 -0.00631599
0.700002 4.42244 2.19583e+007 -0.00632272
0.700895 4.42808 2.19935e+007 -0.00632944
0.701788 4.43373 2.20287e+007 -0.00633617
0.702681 4.43937 2.20639e+007 -0.00634289
0.703574 4.44501 2.20991e+007 -0.00634961
0.704467 4.45065 2.21343e+007 -0.00635634
0.705359 4.45629 2.21696e+007 -0.00636306
0.706252 4.46193 2.22048e+007 -0.00636978
0.707145 4.46757 2.22401e+007 -0.00637651
0.708038 4.47321 2.22753e+007 -0.00638323
0.708931 4.47885 2.23106e+007 -0.00638995
0.709824 4.48449 2.23458e+007 -0.00639667
0.710717 4.49013 2.23811e+007 -0.00640339
0.711609 4.49577 2.24164e+007 -0.00641011
0.712502 4.50142 2.24517e+007 -0.00641683
0.713395 4.50706 2.2487e+007 -0.00642355
0.714288 4.5127 2.25223e+007 -0.00643027
0.715181 4.51834 2.25576e+007 -0.00643698
0.716074 4.52398 2.2593e+007 -0.0064437
0.716967 4.52962 2.26283e+007 -0.00645042
0.717859 4.53526 2.26636e+007 -0.00645713
0.718752 4.5409 2.2699e+007 -0.00646385
0.719645 4.54654 2.27344e+007 -0.00647057
0.720538 4.55218 2.27697e+007 -0.00647728
0.721431 4.55782 2.28051e+007 -0.006484
0.722324 4.56347 2.28405e+007 -0.00649071
0.723217 4.56911 2.28759e+007 -0.00649742
0.724109 4.57475 2.29113e+007 -0.00650414
0.725002 4.58039 2.29467e+007 -0.00651085
0.725895 4.58603 2.29821e+007 -0.00651756
0.726788 4.59167 2.30176e+007 -0.00652427
0.727681 4.59731 2.3053e+007 -0.00653098
0.728574 4.60295 2.30884e+007 -0.00653769
0.729467 4.60859 2.31239e+007 -0.0065444
0.730359 4.61423 2.31593e+007 -0.00655111
0.731252 4.61987 2.31948e+007 -0.00655782
0.732145 4.62551 2.32303e+007 -0.00656453
0.733038 4.63116 2.32658e+007 -0.00657124
0.733931 4.6368 2.33013e+007 -0.00657794
0.734824 4.64244 2.33368e+007 -0.00658465
0.735717 4.64808 2.33723e+007 -0.00659136
0.736609 4.65372 2.34078e+007 -0.00659806
0.737502 4.65936 2.34433e+007 -0.00660477
0.738395 4.665 2.34788e+007 -0.00661147
0.739288 4.67064 2.35144e+007 -0.00661817
0.740181 4.67628 2.35499e+007 -0.00662488
0.741074 4.68192 2.35855e+007 -0.00663158
0.741967 4.68756 2.3621e+007 -0.00663828
0.74286 4.69321 2.36566e+007 -0.00664498
0.743752 4.69885 2.36922e+007 -0.00665168
0.744645 4.70449 2.37278e+007 -0.00665838
0.745538 4.71013 2.37634e+007 -0.00666508
0.746431 4.71577 2.3799e+007 -0.00667178
0.747324 4.72141 2.38346e+007 -0.00667847
0.748217 4.72705 2.38702e+007 -0.00668517
0.74911 4.73269 2.39058e+007 -0.00669187
0.750002 4.73833 2.39414e+007 -0.00669856
0.750895 4.74397 2.39771e+007 -0.00670526
0.751788 4.74961 2.40127e+007 -0.00671195
0.752681 4.75526 2.40484e+007 -0.00671864
0.753574 4.7609 2.4084e+007 -0.00672534
0.754467 4.76654 2.41197e+007 -0.00673203
0.75536 4.77218 2.41554e+007 -0.00673872
0.756252 4.77782 2.41911e+007 -0.00674541
0.757145 4.78346 2.42268e+007 -0.0067521
0.758038 4.7891 2.42625e+007 -0.00675879
0.758931 4.79474 2.42982e+007 -0.00676547
0.759824 4.80038 2.43339e+007 -0.00677216
0.760717 4.80602 2.43696e+007 -0.00677885
0.76161 4.81166 2.44053e+007 -0.00678553
0.762502 4.8173 2.44411e+007 -0.00679222
0.763395 4.82295 2.44768e+007 -0.0067989
0.764288 4.82859 2.45126e+007 -0.00680559
0.765181 4.83423 2.45483e+007 -0.00681227
0.766074 4.83987 2.45841e+007 -0.00681895
0.766967 4.84551 2.46198e+007 -0.00682563
0.76786 4.85115 2.46556e+007 -0.00683231
0.768752 4.85679 2.46914e+007 -0.00683899
0.769645 4.86243 2.47272e+007 -0.00684567
0.770538 4.86807 2.4763e+007 -0.00685235
0.771431 4.87371 2.47988e+007 -0.00685903
0.772324 4.87935 2.48346e+007 -0.0068657
0.773217 4.885 2.48704e+007 -0.00687238
0.77411 4.89064 2.49063e+007 -0.00687905
0.775002 4.89628 2.49421e+007 -0.00688573
0.775895 4.90192 2.49779e+007 -0.0068924
0.776788 4.90756 2.50138e+007 -0.00689907
0.777681 4.9132 2.50496e+007 -0.00690574
0.778574 4.91884 2.50855e+007 -0.00691241
0.779467 4.92448 2.51214e+007 -0.00691908
0.78036 4.93012 2.51572e+007 -0.00692575
0.781252 4.93576 2.51931e+007 -0.00693242
0.782145 4.9414 2.5229e+007 -0.00693909
0.783038 4.94704 2.52649e+007 -0.00694575
0.783931 4.95269 2.53008e+007 -0.00695242
0.784824 4.95833 2.53367e+007 -0.00695908
0.785717 4.96397 2.53726e+007 -0.00696575
0.78661 4.96961 2.54086e+007 -0.00697241
0.787503 4.97525 2.54445e+007 -0.00697907
0.788395 4.98089 2.54804e+007 -0.00698573
0.789288 4.98653 2.55164e+007 -0.00699239
0.790181 4.99217 2.55523e+007 -0.00699905
0.791074 4.99781 2.55883e+007 -0.00700571
0.791967 4.99655 2.55802e+007 -0.00700421
0.79286 4.99091 2.55443e+007 -0.00699755
0.793753 4.98526 2.55083e+007 -0.00699089
0.794645 4.97962 2.54724e+007 -0.00698423
0.795538 4.97398 2.54364e+007 -0.00697757
0.796431 4.96834 2.54005e+007 -0.00697091
0.797324 4.9627 2.53646e+007 -0.00696425
0.798217 4.95706 2.53287e+007 -0.00695758
0.79911 4.95142 2.52928e+007 -0.00695092
0.800003 4.94578 2.52569e+007 -0.00694425
0.800895 4.94014 2.5221e+007 -0.00693759
0.801788 4.9345 2.51851e+007 -0.00693092
0.802681 4.92886 2.51492e+007 -0.00692425
0.803574 4.92322 2.51133e+007 -0.00691758
0.804467 4.91757 2.50774e+007 -0.00691091
0.80536 4.91193 2.50416e+007 -0.00690424
0.806253 4.90629 2.50057e+007 -0.00689757
0.807145 4.90065 2.49699e+007 -0.0068909
0.808038 4.89501 2.4934e+007 -0.00688423
0.808931 4.88937 2.48982e+007 -0.00687755
0.809824 4.88373 2.48624e+007 -0.00687088
0.810717 4.87809 2.48266e+007 -0.0068642
0.81161 4.87245 2.47908e+007 -0.00685753
0.812503 4.86681 2.4755e+007 -0.00685085
0.813395 4.86117 2.47192e+007 -0.00684417
0.814288 4.85552 2.46834e+007 -0.00683749
0.815181 4.84988 2.46476e+007 -0.00683081
0.816074 4.84424 2.46118e+007 -0.00682413
0.816967 4.8386 2.4576e+007 -0.00681745
0.81786 4.83296 2.45403e+007 -0.00681077
0.818753 4.82732 2.45045e+007 -0.00680408
0.819645 4.82168 2.44688e+007 -0.0067974
0.820538 4.81604 2.4433e+007 -0.00679072
0.821431 4.8104 2.43973e+007 -0.00678403
0.822324 4.80476 2.43616e+007 -0.00677734
0.823217 4.79912 2.43259e+007 -0.00677066
0.82411 4.79348 2.42901e+007 -0.00676397
0.825003 4.78783 2.42544e+007 -0.00675728
0.825895 4.78219 2.42187e+007 -0.00675059
0.826788 4.77655 2.41831e+007 -0.0067439
0.827681 4.77091 2.41474e+007 -0.00673721
0.828574 4.76527 2.41117e+007 -0.00673052
0.829467 4.75963 2.4076e+007 -0.00672383
0.83036 4.75399 2.40404e+007 -0.00671714
0.831253 4.74835 2.40047e+007 -0.00671044
0.832146 4.74271 2.39691e+007 -0.00670375
0.833038 4.73707 2.39334e+007 -0.00669706
0.833931 4.73143 2.38978e+007 -0.00669036
0.834824 4.72578 2.38622e+007 -0.00668366
0.835717 4.72014 2.38266e+007 -0.00667697
0.83661 4.7145 2.3791e+007 -0.00667027
0.837503 4.70886 2.37554e+007 -0.00666357
0.838396 4.70322 2.37198e+007 -0.00665687
0.839288 4.69758 2.36842e+007 -0.00665017
0.840181 4.69194 2.36486e+007 -0.00664347
0.841074 4.6863 2.36131e+007 -0.00663677
0.841967 4.68066 2.35775e+007 -0.00663007
0.84286 4.67502 2.35419e+007 -0.00662337
0.843753 4.66938 2.35064e+007 -0.00661667
0.844646 4.66374 2.34709e+007 -0.00660996
0.845538 4.65809 2.34353e+007 -0.00660326
0.846431 4.65245 2.33998e+007 -0.00659655
0.847324 4.64681 2.33643e+007 -0.00658985
0.848217 4.64117 2.33288e+007 -0.00658314
0.84911 4.63553 2.32933e+007 -0.00657644
0.850003 4.62989 2.32578e+007 -0.00656973
0.850896 4.62425 2.32223e+007 -0.00656302
0.851788 4.61861 2.31868e+007 -0.00655631
0.852681 4.61297 2.31514e+007 -0.0065496
0.853574 4.60733 2.31159e+007 -0.0065429
0.854467 4.60169 2.30805e+007 -0.00653619
0.85536 4.59604 2.3045e+007 -0.00652947
0.856253 4.5904 2.30096e+007 -0.00652276
0.857146 4.58476 2.29742e+007 -0.00651605
0.858038 4.57912 2.29388e+007 -0.00650934
0.858931 4.57348 2.29033e+007 -0.00650263
0.859824 4.56784 2.28679e+007 -0.00649591
0.860717 4.5622 2.28326e+007 -0.0064892
0.86161 4.55656 2.27972e+007 -0.00648249
0.862503 4.55092 2.27618e+007 -0.00647577
0.863396 4.54528 2.27264e+007 -0.00646906
0.864288 4.53964 2.26911e+007 -0.00646234
0.865181 4.534 2.26557e+007 -0.00645562
0.866074 4.52835 2.26204e+007 -0.00644891
0.866967 4.52271 2.2585e+007 -0.00644219
0.86786 4.51707 2.25497e+007 -0.00643547
0.868753 4.51143 2.25144e+007 -0.00642875
0.869646 4.50579 2.24791e+007 -0.00642204
0.870538 4.50015 2.24438e+007 -0.00641532
0.871431 4.49451 2.24085e+007 -0.0064086
0.872324 4.48887 2.23732e+007 -0.00640188
0.873217 4.48323 2.23379e+007 -0.00639516
0.87411 4.47759 2.23026e+007 -0.00638844
0.875003 4.47195 2.22674e+007 -0.00638171
0.875896 4.4663 2.22321e+007 -0.00637499
0.876789 4.46066 2.21969e+007 -0.00636827
0.877681 4.45502 2.21617e+007 -0.00636155
0.878574 4.44938 2.21264e+007 -0.00635483
0.879467 4.44374 2.20912e+007 -0.0063481
0.88036 4.4381 2.2056e+007 -0.00634138
0.881253 4.43246 2.20208e+007 -0.00633465
0.882146 4.42682 2.19856e+007 -0.00632793
0.883039 4.42118 2.19504e+007 -0.00632121
0.883931 4.41554 2.19153e+007 -0.00631448
0.884824 4.4099 2.18801e+007 -0.00630775
0.885717 4.40426 2.1845e+007 -0.00630103
0.88661 4.39861 2.18098e+007 -0.0062943
0.887503 4.39297 2.17747e+007 -0.00628758
0.888396 4.38733 2.17395e+007 -0.00628085
0.889289 4.38169 2.17044e+007 -0.00627412
0.890181 4.37605 2.16693e+007 -0.0062674
0.891074 4.37041 2.16342e+007 -0.00626067
0.891967 4.36477 2.15991e+007 -0.00625394
0.89286 4.35913 2.1564e+007 -0.00624721
0.893753 4.35349 2.1529e+007 -0.00624048
0.894646 4.34785 2.14939e+007 -0.00623375
0.895539 4.34221 2.14588e+007 -0.00622702
0.896431 4.33656 2.14238e+007 -0.00622029
0.897324 4.33092 2.13887e+007 -0.00621357
0.898217 4.32528 2.13537e+007 -0.00620684
0.89911 4.31964 2.13187e+007 -0.00620011
0.900003 4.314 2.12837e+007 -0.00619337
0.900896 4.30836 2.12487e+007 -0.00618664
0.901789 4.30272 2.12137e+007 -0.00617991
0.902681 4.29708 2.11787e+007 -0.00617318
0.903574 4.29144 2.11437e+007 -0.00616645
0.904467 4.2858 2.11088e+007 -0.00615972
0.90536 4.28016 2.10738e+007 -0.00615299
0.906253 4.27452 2.10389e+007 -0.00614626
0.907146 4.26887 2.10039e+007 -0.00613952
0.908039 4.26323 2.0969e+007 -0.00613279
0.908931 4.25759 2.09341e+007 -0.00612606
0.909824 4.25195 2.08992e+007 -0.00611933
0.910717 4.24631 2.08643e+007 -0.0061126
0.91161 4.24067 2.08294e+007 -0.00610586
0.912503 4.23503 2.07945e+007 -0.00609913
0.913396 4.22939 2.07596e+007 -0.0060924
0.914289 4.22375 2.07248e+007 -0.00608566
0.915181 4.21811 2.06899e+007 -0.00607893
0.916074 4.21247 2.06551e+007 -0.0060722
0.916967 4.20682 2.06202e+007 -0.00606546
0.91786 4.20118 2.05854e+007 -0.00605873
0.918753 4.19554 2.05506e+007 -0.006052
0.919646 4.1899 2.05158e+007 -0.00604526
0.920539 4.18426 2.0481e+007 -0.00603853
0.921432 4.17862 2.04462e+007 -0.0060318
0.922324 4.17298 2.04115e+007 -0.00602506
0.923217 4.16734 2.03767e+007 -0.00601833
0.92411 4.1617 2.03419e+007 -0.0060116
0.925003 4.15606 2.03072e+007 -0.00600486
0.925896 4.15042 2.02725e+007 -0.00599813
0.926789 4.14477 2.02377e+007 -0.00599139
0.927682 4.13913 2.0203e+007 -0.00598466
0.928574 4.13349 2.01683e+007 -0.00597793
0.929467 4.12785 2.01336e+007 -0.00597119
0.93036 4.12221 2.00989e+007 -0.00596446
0.931253 4.11657 2.00643e+007 -0.00595773
0.932146 4.11093 2.00296e+007 -0.00595099
0.933039 4.10529 1.99949e+007 -0.00594426
0.933932 4.09965 1.99603e+007 -0.00593753
0.934824 4.09401 1.99257e+007 -0.00593079
0.935717 4.08837 1.9891e+007 -0.00592406
0.93661 4.08273 1.98564e+007 -0.00591733
0.937503 4.07708 1.98218e+007 -0.0059106
0.938396 4.07144 1.97872e+007 -0.00590386
0.939289 4.0658 1.97526e+007 -0.00589713
0.940182 4.06016 1.97181e+007 -0.0058904
0.941074 4.05452 1.96835e+007 -0.00588367
0.941967 4.04888 1.9649e+007 -0.00587693
0.94286 4.04324 1.96144e+007 -0.0058702
0.943753 4.0376 1.95799e+007 -0.00586347
0.944646 4.03196 1.95454e+007 -0.00585674
0.945539 4.02632 1.95109e+007 -0.00585001
0.946432 4.02068 1.94764e+007 -0.00584328
0.947324 4.01503 1.94419e+007 -0.00583654
0.948217 4.00939 1.94074e+007 -0.00582981
0.94911 4.00375 1.93729e+007 -0.00582308
0.950003 3.99811 1.93385e+007 -0.00581635
0.950896 3.99247 1.9304e+007 -0.00580962
0.951789 3.98683 1.92696e+007 -0.00580289
0.952682 3.98119 1.92352e+007 -0.00579616
0.953574 3.97555 1.92007e+007 -0.00578944
0.954467 3.96991 1.91663e+007 -0.00578271
0.95536 3.96427 1.91319e+007 -0.00577598
0.956253 3.95863 1.90976e+007 -0.00576925
0.957146 3.95299 1.90632e+007 -0.00576252
0.958039 3.94734 1.90288e+007 -0.00575579
0.958932 3.9417 1.89945e+007 -0.00574907
0.959824 3.93606 1.89601e+007 -0.00574234
0.960717 3.93042 1.89258e+007 -0.00573561
0.96161 3.92478 1.88915e+007 -0.00572889
0.962503 3.91914 1.88572e+007 -0.00572216
0.963396 3.9135 1.88229e+007 -0.00571544
0.964289 3.90786 1.87886e+007 -0.00570871
0.965182 3.90222 1.87543e+007 -0.00570199
0.966075 3.89658 1.87201e+007 -0.00569526
0.966967 3.89094 1.86858e+007 -0.00568854
0.96786 3.88529 1.86516e+007 -0.00568182
0.968753 3.87965 1.86173e+007 -0.0056751
0.969646 3.87401 1.85831e+007 -0.00566837
0.970539 3.86837 1.85489e+007 -0.00566165
0.971432 3.86273 1.85147e+007 -0.00565493
0.972325 3.85709 1.84805e+007 -0.00564821
0.973217 3.85145 1.84464e+007 -0.00564149
0.97411 3.84581 1.84122e+007 -0.00563477
0.975003 3.84017 1.8378e+007 -0.00562805
0.975896 3.83453 1.83439e+007 -0.00562133
0.976789 3.82889 1.83098e+007 -0.00561462
0.977682 3.82325 1.82757e+007 -0.0056079
0.978575 3.8176 1.82416e+007 -0.00560118
0.979467 3.81196 1.82075e+007 -0.00559447
0.98036 3.80632 1.81734e+007 -0.00558775
0.981253 3.80068 1.81393e+007 -0.00558104
0.982146 3.79504 1.81053e+007 -0.00557432
0.983039 3.7894 1.80712e+007 -0.00556761
0.983932 3.78376 1.80372e+007 -0.0055609
0.984825 3.77812 1.80032e+007 -0.00555419
0.985717 3.77248 1.79691e+007 -0.00554748
0.98661 3.76684 1.79351e+007 -0.00554077
0.987503 3.7612 1.79012e+007 -0.00553406
0.988396 3.75555 1.78672e+007 -0.00552735
0.989289 3.74991 1.78332e+007 -0.00552064
0.990182 3.74427 1.77993e+007 -0.00551393
0.991075 3.73863 1.77653e+007 -0.00550723
0.991967 3.73299 1.77314e+007 -0.00550052
0.99286 3.72735 1.76975e+007 -0.00549381
0.993753 3.72171 1.76636e+007 -0.00548711
0.994646 3.71607 1.76297e+007 -0.00548041
0.995539 3.71043 1.75958e+007 -0.00547371
0.996432 3.70479 1.75619e+007 -0.005467
0.997325 3.69915 1.75281e+007 -0.0054603
0.998217 3.69351 1.74942e+007 -0.0054536
0.99911 3.68786 1.74604e+007 -0.00544691
1 3.68222 1.74266e+007 -0.00544021
1.0009 3.67658 1.73928e+007 -0.00543351
1.00179 3.67094 1.7359e+007 -0.00542681
1.00268 3.6653 1.73252e+007 -0.00542012
1.00357 3.65966 1.72914e+007 -0.00541343
1.00447 3.65402 1.72577e+007 -0.00540673
1.00536 3.64838 1.72239e+007 -0.00540004
1.00625 3.64274 1.71902e+007 -0.00539335
1.00715 3.6371 1.71565e+007 -0.00538666
1.00804 3.63146 1.71228e+007 -0.00537997
