-cornerpoints-
nrcorners 341
1 0.000188214 0.00147171
2 0.000188214 0.00132807
3 0.000188214 0.00119987
4 0.000188214 0.0011089
5 0.000188214 0.000999176
6 0.000188214 0.000906287
7 0.000188214 0.000807566
8 0.000188214 0.00072087
9 0.000188214 0.00060463
10 0.000188214 0.000505294
11 0.000630281 0.00146896
12 0.000559162 0.00133713
13 0.000552914 0.00123415
14 0.000650031 0.00120053
15 0.000456343 0.00109992
16 0.000667332 0.00109053
17 0.000592937 0.00102397
18 0.000660116 0.000983282
19 0.000639897 0.000937372
20 0.00038222 0.000909965
21 0.000425371 0.000819546
22 0.000337859 0.000791044
23 0.000315005 0.000714007
24 0.000509071 0.000706829
25 0.000468126 0.000630332
26 0.000379159 0.000600187
27 0.000409407 0.000502305
28 0.000717025 0.00137472
29 0.000840981 0.00124071
30 0.000898202 0.00115086
31 0.000837415 0.00103935
32 0.000870903 0.000926199
33 0.000823716 0.000895478
34 0.000719423 0.000832996
35 0.000632317 0.00082398
36 0.000642495 0.000730008
37 0.000702201 0.000623036
38 0.000633366 0.000513183
39 0.00108526 0.00145367
40 0.00112214 0.00140756
41 0.00117221 0.00129323
42 0.00105832 0.00116629
43 0.00116553 0.00109261
44 0.00100546 0.00105895
45 0.00111211 0.000978508
46 0.00103192 0.000938889
47 0.00108745 0.000851587
48 0.00102041 0.0008277
49 0.00106424 0.000764556
50 0.000960324 0.000714483
51 0.00100025 0.000657483
52 0.000883344 0.000633255
53 0.000868822 0.000526476
54 0.00134614 0.00138034
55 0.00130635 0.00126383
56 0.00128925 0.00117985
57 0.0012761 0.000981899
58 0.00130545 0.000884696
59 0.0013594 0.000851605
60 0.00131821 0.000764691
61 0.00115808 0.000633016
62 0.00114302 0.000519137
63 0.00133496 0.000648034
64 0.00138861 0.000590743
65 0.00130734 0.000513852
66 0.001445 0.000492
67 0.00153021 0.00141002
68 0.00192523 0.00136584
69 0.0018225 0.00131235
70 0.00172831 0.00121556
71 0.00155019 0.00117219
72 0.00160753 0.00108943
73 0.00172153 0.00108888
74 0.00170106 0.000970947
75 0.00159045 0.000878168
76 0.00158027 0.000804188
77 0.00149922 0.000774324
78 0.00158612 0.00071716
79 0.00164271 0.000613041
80 0.00173972 0.000589969
81 0.00173937 0.000485967
82 0.00214324 0.00136963
83 0.00196928 0.00120859
84 0.00208627 0.00119855
85 0.00202359 0.00112826
86 0.00189958 0.00110433
87 0.00189908 0.000977321
88 0.00215067 0.0011087
89 0.00212995 0.000990824
90 0.00203306 0.00097712
91 0.00201544 0.000873229
92 0.00207292 0.000833918
93 0.0020853 0.000729837
94 0.00197819 0.000763478
95 0.00202499 0.000652407
96 0.00205465 0.000555344
97 0.0019744 0.000478531
98 0.00255824 0.00136576
99 0.00252118 0.00128279
100 0.00233723 0.00123868
101 0.00233467 0.00112467
102 0.00241754 0.00110802
103 0.00238393 0.000997196
104 0.00226993 0.000994683
105 0.00224299 0.000880673
106 0.00238385 0.000846082
107 0.00231333 0.000746442
108 0.0024273 0.000759606
109 0.00237995 0.000682827
110 0.00240269 0.000565862
111 0.00244644 0.000445686
112 0.00294623 0.00135941
113 0.00283931 0.00130529
114 0.00285904 0.00120824
115 0.00269185 0.00103453
116 0.00252785 0.00101462
117 0.00253772 0.000883618
118 0.00297281 0.00100734
119 0.00300233 0.000917174
120 0.00290943 0.000860016
121 0.0029891 0.00077571
122 0.00286806 0.000732832
123 0.00265795 0.000689338
124 0.00289892 0.000651776
125 0.0028007 0.000569034
126 0.0029987 0.000564772
127 0.00300553 0.000464769
128 0.00316716 0.00133214
129 0.00305403 0.0012353
130 0.00315098 0.00119815
131 0.00333792 0.00115086
132 0.00328087 0.00106391
133 0.00341471 0.00102339
134 0.00330035 0.000943894
135 0.00338723 0.000886727
136 0.00318703 0.00080623
137 0.00324282 0.000739056
138 0.00317289 0.000698936
139 0.00322669 0.000621804
140 0.00325262 0.000517807
141 0.00328958 0.000444806
142 0.00352211 0.00132158
143 0.00351203 0.00123161
144 0.00373997 0.00118731
145 0.00357597 0.00118454
146 0.00365567 0.00106065
147 0.00370912 0.000889475
148 0.00356817 0.000866257
149 0.0035179 0.000775409
150 0.00361187 0.000722365
151 0.0034137 0.000638767
152 0.00347764 0.000558734
153 0.00356462 0.000457707
154 0.00392611 0.000886233
155 0.00387988 0.000752314
156 0.0039698 0.000722033
157 0.00430785 0.000764656
158 0.0043151 0.000895651
159 0.00386572 0.000604108
160 0.00398269 0.000587827
161 0.0039657 0.000476826
162 0.0042007 0.000607871
163 0.0041737 0.000490867
164 0.00428071 0.000470889
165 0.00429774 0.000376895
166 0.00467277 0.000429869
167 0.00457873 0.000540856
168 0.00435472 0.000627868
169 0.00438189 0.000744824
170 0.0046459 0.000724817
171 0.00466607 0.000858795
172 0.00448208 0.000908839
173 0.00442257 0.00107301
174 0.00457253 0.00106248
175 0.00459688 0.00113637
176 0.00459686 0.00124036
177 0.00484482 0.00123698
178 0.00487089 0.00113302
179 0.00512588 0.00112687
180 0.00517853 0.0010127
181 0.00508553 0.00101252
182 0.0048106 0.00104019
183 0.00509802 0.000855494
184 0.00497797 0.000831836
185 0.00486405 0.000872029
186 0.00495401 0.000727827
187 0.00488696 0.000697919
188 0.00487675 0.000550936
189 0.00506079 0.000570679
190 0.0052318 0.000570852
191 0.00521477 0.00046687
192 0.00542679 0.00122672
193 0.00535687 0.00112266
194 0.00559787 0.00110687
195 0.00557456 0.00097594
196 0.00539353 0.000999755
197 0.0054231 0.000848669
198 0.00532906 0.00082893
199 0.00536898 0.0007019
200 0.00511198 0.000707605
201 0.005567 0.000681086
202 0.00562384 0.000554022
203 0.00552682 0.000553946
204 0.00556677 0.000429944
205 0.00547981 0.000346892
206 0.00585782 0.000370176
207 0.0058279 0.000280152
208 0.00604079 0.00119719
209 0.00601789 0.00105614
210 0.0061416 0.000935858
211 0.00600058 0.000926003
212 0.0057526 0.00094914
213 0.00599004 0.000795039
214 0.00576206 0.000775079
215 0.0056822 0.000812341
216 0.00612103 0.000767999
217 0.00603 0.00060802
218 0.005819 0.000641057
219 0.00615401 0.00060404
220 0.00617786 0.000477021
221 0.00602387 0.000484126
222 0.00610381 0.00034707
223 0.00641881 0.000326984
224 0.00641192 0.000249987
225 0.00648275 0.00115979
226 0.00651987 0.0010258
227 0.00658972 0.000955634
228 0.00629865 0.000912162
229 0.00684477 0.000963986
230 0.00691469 0.000909883
231 0.00684725 0.000837289
232 0.00661003 0.000791434
233 0.00632803 0.000792008
234 0.0065591 0.000650392
235 0.00642205 0.000640986
236 0.00629504 0.00064499
237 0.00644187 0.000490971
238 0.00658883 0.000483266
239 0.00661294 0.000359276
240 0.00685694 0.000358379
241 0.00687396 0.000251384
242 0.00704093 0.000371663
243 0.00730298 0.000335902
244 0.00719499 0.000258871
245 0.007373 0.000368888
246 0.00685163 0.00113545
247 0.00694449 0.0010543
248 0.0072296 0.00114183
249 0.00728954 0.00105479
250 0.00717252 0.00104202
251 0.00712845 0.000955063
252 0.00723942 0.00094186
253 0.00760446 0.00098149
254 0.00723219 0.000823873
255 0.00706528 0.000787419
256 0.00746718 0.000817633
257 0.00752011 0.000700591
258 0.00730308 0.000669824
259 0.00704505 0.00068647
260 0.00698113 0.000659285
261 0.00678012 0.000656741
262 0.00702495 0.000532212
263 0.00678387 0.000499732
264 0.00708813 0.000502593
265 0.00730614 0.000499959
266 0.00737019 0.000542883
267 0.00757721 0.000552373
268 0.00759709 0.00069339
269 0.0077311 0.000696183
270 0.00777816 0.000556206
271 0.0077451 0.000422216
272 0.00760707 0.000392296
273 0.00761115 0.000532283
274 0.00785811 0.000418289
275 0.00782805 0.00031131
276 0.00762401 0.00025145
277 0.007909 0.00020727
278 0.00794504 0.000294265
279 0.00808406 0.000318252
280 0.00823207 0.000318365
281 0.00830202 0.000207327
282 0.00785751 0.00102415
283 0.00803755 0.00110504
284 0.00820551 0.00110578
285 0.00824829 0.00100868
286 0.00818849 0.000964387
287 0.00793747 0.00098108
288 0.00791726 0.00088413
289 0.00770624 0.000860311
290 0.00801727 0.000857188
291 0.00822526 0.000860406
292 0.00829537 0.000897196
293 0.0083051 0.000763272
294 0.00820109 0.000716313
295 0.00796409 0.000723253
296 0.00808815 0.000589282
297 0.00822816 0.000556309
298 0.00813812 0.000462339
299 0.00807112 0.000442251
300 0.00836211 0.0004083
301 0.00855338 0.00106782
302 0.00849923 0.000986925
303 0.00861042 0.000907177
304 0.00878147 0.000887611
305 0.00880135 0.000783592
306 0.00861736 0.000783254
307 0.00850338 0.000854271
308 0.00859711 0.000726336
309 0.00873005 0.000693067
310 0.00872008 0.000623063
311 0.00862707 0.000616288
312 0.0086072 0.000525271
313 0.00844318 0.000542284
314 0.00875125 0.00048231
315 0.00873412 0.000385317
316 0.00881823 0.000368849
317 0.00880102 0.000288893
318 0.00862705 0.00028417
319 0.00893133 0.00107265
320 0.00892799 0.000955657
321 0.00905212 0.00108453
322 0.00905212 0.000947397
323 0.00905212 0.000809861
324 0.00905212 0.000685929
325 0.00905212 0.000618871
326 0.00905212 0.000501766
327 0.00905212 0.000383674
328 0.00905212 0.000273507
329 0.00905212 0.000148299
330 0.00389904 0.00129419
331 0.00413598 0.00126711
332 0.00387494 0.00116419
333 0.00385766 0.00105324
334 0.00394566 0.00104322
335 0.00438691 0.00124669
336 0.00415563 0.00103561
337 0.00407808 0.000871887
338 0.00473496 0.000695003
339 0.0026052 0.00126598
340 0.00254394 0.00117615
341 0.00473273 0.000549006
-end-cornerpoints-

-configuration-
nrcells 181
1  nrcorners 5 numbers 1 11 28 12 2 
2  nrcorners 4 numbers 2 12 13 3 
3  nrcorners 5 numbers 3 13 14 15 4 
4  nrcorners 5 numbers 4 15 16 17 5 
5  nrcorners 6 numbers 5 17 18 19 20 6 
6  nrcorners 5 numbers 6 20 21 22 7 
7  nrcorners 4 numbers 7 22 23 8 
8  nrcorners 6 numbers 8 23 24 25 26 9 
9  nrcorners 4 numbers 9 26 27 10 
10  nrcorners 5 numbers 12 28 29 14 13 
11  nrcorners 5 numbers 14 29 30 16 15 
12  nrcorners 8 numbers 16 30 42 43 44 31 18 17 
13  nrcorners 5 numbers 18 31 32 33 19 
14  nrcorners 6 numbers 20 19 33 34 35 21 
15  nrcorners 6 numbers 22 21 35 36 24 23 
16  nrcorners 7 numbers 24 36 50 51 52 37 25 
17  nrcorners 5 numbers 26 25 37 38 27 
18  nrcorners 4 numbers 11 39 40 28 
19  nrcorners 5 numbers 28 40 54 41 29 
20  nrcorners 6 numbers 29 41 55 56 42 30 
21  nrcorners 5 numbers 31 44 45 46 32 
22  nrcorners 6 numbers 33 32 46 47 48 34 
23  nrcorners 6 numbers 35 34 48 49 50 36 
24  nrcorners 4 numbers 37 52 53 38 
25  nrcorners 5 numbers 52 51 61 62 53 
26  nrcorners 5 numbers 61 63 64 65 62 
27  nrcorners 4 numbers 50 49 60 51 
28  nrcorners 6 numbers 51 60 77 78 63 61 
29  nrcorners 6 numbers 48 47 58 59 60 49 
30  nrcorners 5 numbers 46 45 57 58 47 
31  nrcorners 8 numbers 57 74 87 90 91 75 59 58 
32  nrcorners 7 numbers 44 43 72 73 74 57 45 
33  nrcorners 5 numbers 42 56 71 72 43 
34  nrcorners 5 numbers 55 69 70 71 56 
35  nrcorners 6 numbers 41 54 67 68 69 55 
36  nrcorners 4 numbers 39 67 54 40 
37  nrcorners 5 numbers 69 68 82 83 70 
38  nrcorners 8 numbers 71 70 83 84 85 86 73 72 
39  nrcorners 4 numbers 73 86 87 74 
40  nrcorners 6 numbers 75 91 92 93 94 76 
41  nrcorners 5 numbers 59 75 76 77 60 
42  nrcorners 5 numbers 77 76 94 95 78 
43  nrcorners 4 numbers 63 78 79 64 
44  nrcorners 5 numbers 78 95 96 80 79 
45  nrcorners 5 numbers 64 79 80 81 65 
46  nrcorners 4 numbers 80 96 97 81 
47  nrcorners 4 numbers 96 110 111 97 
48  nrcorners 5 numbers 95 109 123 110 96 
49  nrcorners 6 numbers 94 93 107 108 109 95 
50  nrcorners 5 numbers 92 105 106 107 93 
51  nrcorners 6 numbers 90 89 104 105 92 91 
52  nrcorners 6 numbers 86 85 88 89 90 87 
53  nrcorners 6 numbers 88 101 102 103 104 89 
54  nrcorners 5 numbers 84 100 101 88 85 
55  nrcorners 6 numbers 83 82 98 99 100 84 
56  nrcorners 5 numbers 98 112 113 339 99 
57  nrcorners 4 numbers 339 113 114 340 
58  nrcorners 6 numbers 100 99 339 340 102 101 
59  nrcorners 8 numbers 102 340 114 129 130 115 116 103 
60  nrcorners 6 numbers 104 103 116 117 106 105 
61  nrcorners 4 numbers 116 115 118 117 
62  nrcorners 7 numbers 106 117 118 119 120 108 107 
63  nrcorners 6 numbers 108 120 121 122 123 109 
64  nrcorners 5 numbers 123 122 124 125 110 
65  nrcorners 5 numbers 110 125 126 127 111 
66  nrcorners 5 numbers 126 139 140 141 127 
67  nrcorners 5 numbers 124 138 139 126 125 
68  nrcorners 6 numbers 122 121 136 137 138 124 
69  nrcorners 6 numbers 120 119 134 135 136 121 
70  nrcorners 5 numbers 118 132 133 134 119 
71  nrcorners 5 numbers 115 130 131 132 118 
72  nrcorners 4 numbers 130 143 144 131 
73  nrcorners 5 numbers 113 112 128 129 114 
74  nrcorners 5 numbers 128 142 143 130 129 
75  nrcorners 5 numbers 142 330 144 145 143 
76  nrcorners 8 numbers 131 145 144 332 333 146 133 132 
77  nrcorners 6 numbers 134 133 146 147 148 135 
78  nrcorners 5 numbers 136 135 148 149 137 
79  nrcorners 6 numbers 138 137 149 150 151 139 
80  nrcorners 4 numbers 139 151 152 140 
81  nrcorners 4 numbers 140 152 153 141 
82  nrcorners 5 numbers 152 159 160 161 153 
83  nrcorners 6 numbers 151 150 155 156 159 152 
84  nrcorners 6 numbers 148 147 154 155 150 149 
85  nrcorners 7 numbers 146 333 334 336 337 154 147 
86  nrcorners 4 numbers 330 331 332 144 
87  nrcorners 5 numbers 332 331 335 334 333 
88  nrcorners 7 numbers 334 335 176 175 174 173 336 
89  nrcorners 5 numbers 336 173 172 158 337 
90  nrcorners 6 numbers 154 337 158 157 156 155 
91  nrcorners 7 numbers 156 157 169 168 162 160 159 
92  nrcorners 4 numbers 160 162 163 161 
93  nrcorners 4 numbers 161 163 164 165 
94  nrcorners 5 numbers 162 168 167 164 163 
95  nrcorners 4 numbers 164 167 166 165 
96  nrcorners 6 numbers 169 170 338 341 167 168 
97  nrcorners 6 numbers 158 172 171 170 169 157 
98  nrcorners 4 numbers 176 177 178 175 
99  nrcorners 7 numbers 175 178 179 180 181 182 174 
100  nrcorners 6 numbers 173 174 182 185 171 172 
101  nrcorners 7 numbers 171 185 184 186 187 338 170 
102  nrcorners 4 numbers 338 187 188 341 
103  nrcorners 7 numbers 167 341 188 189 190 191 166 
104  nrcorners 4 numbers 166 191 204 205 
105  nrcorners 4 numbers 190 203 204 191 
106  nrcorners 4 numbers 187 200 189 188 
107  nrcorners 7 numbers 200 199 201 202 203 190 189 
108  nrcorners 6 numbers 184 183 198 199 200 186 
109  nrcorners 5 numbers 182 181 183 184 185 
110  nrcorners 5 numbers 177 192 193 179 178 
111  nrcorners 6 numbers 179 193 194 195 196 180 
112  nrcorners 6 numbers 181 180 196 197 198 183 
113  nrcorners 5 numbers 196 195 212 215 197 
114  nrcorners 7 numbers 198 197 215 214 218 201 199 
115  nrcorners 7 numbers 201 218 217 219 220 221 202 
116  nrcorners 6 numbers 203 202 221 222 206 204 
117  nrcorners 4 numbers 204 206 207 205 
118  nrcorners 5 numbers 206 222 223 224 207 
119  nrcorners 7 numbers 221 220 237 238 239 223 222 
120  nrcorners 5 numbers 219 236 235 237 220 
121  nrcorners 5 numbers 216 233 236 219 217 
122  nrcorners 5 numbers 214 213 216 217 218 
123  nrcorners 5 numbers 212 211 213 214 215 
124  nrcorners 6 numbers 211 210 228 233 216 213 
125  nrcorners 6 numbers 194 209 210 211 212 195 
126  nrcorners 5 numbers 209 226 227 228 210 
127  nrcorners 5 numbers 192 208 209 194 193 
128  nrcorners 4 numbers 208 225 226 209 
129  nrcorners 6 numbers 225 246 247 229 227 226 
130  nrcorners 7 numbers 227 229 230 231 232 233 228 
131  nrcorners 7 numbers 232 231 255 259 260 261 234 
132  nrcorners 5 numbers 233 232 234 235 236 
133  nrcorners 6 numbers 235 234 261 263 238 237 
134  nrcorners 4 numbers 261 260 262 263 
135  nrcorners 7 numbers 238 263 262 264 242 240 239 
136  nrcorners 5 numbers 223 239 240 241 224 
137  nrcorners 5 numbers 240 242 243 244 241 
138  nrcorners 5 numbers 264 265 245 243 242 
139  nrcorners 7 numbers 260 259 258 266 265 264 262 
140  nrcorners 6 numbers 255 254 256 257 258 259 
141  nrcorners 6 numbers 230 251 252 254 255 231 
142  nrcorners 5 numbers 229 247 250 251 230 
143  nrcorners 5 numbers 246 248 249 250 247 
144  nrcorners 5 numbers 248 283 282 253 249 
145  nrcorners 5 numbers 250 249 253 252 251 
146  nrcorners 5 numbers 252 253 289 256 254 
147  nrcorners 7 numbers 256 289 288 290 295 269 257 
148  nrcorners 5 numbers 258 257 268 267 266 
149  nrcorners 5 numbers 268 269 270 273 267 
150  nrcorners 5 numbers 269 295 294 296 270 
151  nrcorners 6 numbers 270 296 297 298 299 271 
152  nrcorners 4 numbers 273 270 271 272 
153  nrcorners 6 numbers 265 266 267 273 272 245 
154  nrcorners 8 numbers 244 243 245 272 271 274 275 276 
155  nrcorners 4 numbers 276 275 278 277 
156  nrcorners 5 numbers 274 299 279 278 275 
157  nrcorners 5 numbers 278 279 280 281 277 
158  nrcorners 5 numbers 299 298 300 280 279 
159  nrcorners 4 numbers 280 300 318 281 
160  nrcorners 4 numbers 298 297 313 300 
161  nrcorners 6 numbers 296 294 311 312 313 297 
162  nrcorners 6 numbers 294 293 308 309 310 311 
163  nrcorners 5 numbers 290 291 293 294 295 
164  nrcorners 6 numbers 287 286 292 291 290 288 
165  nrcorners 5 numbers 253 282 287 288 289 
166  nrcorners 6 numbers 283 284 285 286 287 282 
167  nrcorners 4 numbers 284 301 302 285 
168  nrcorners 6 numbers 286 285 302 303 307 292 
169  nrcorners 6 numbers 291 292 307 306 308 293 
170  nrcorners 5 numbers 313 312 314 315 300 
171  nrcorners 5 numbers 300 315 316 317 318 
172  nrcorners 5 numbers 281 318 317 328 329 
173  nrcorners 4 numbers 316 327 328 317 
174  nrcorners 5 numbers 314 326 327 316 315 
175  nrcorners 6 numbers 311 310 325 326 314 312 
176  nrcorners 4 numbers 309 324 325 310 
177  nrcorners 6 numbers 306 305 323 324 309 308 
178  nrcorners 5 numbers 304 320 322 323 305 
179  nrcorners 5 numbers 307 303 304 305 306 
180  nrcorners 6 numbers 302 301 319 320 304 303 
181  nrcorners 4 numbers 319 321 322 320 
-end-configuration-

-northface-
nrcorners 25
numbers 1 11 39 67 68 82 98 112 128 142 330 331 335 176 177 192 208 225 246 248 283 284 301 319 321 
-end-northface-

-eastface-
nrcorners 9
numbers 321 322 323 324 325 326 327 328 329 
-end-eastface-

-southface-
nrcorners 25
numbers 10 27 38 53 62 65 66 81 97 111 127 141 153 161 165 166 205 207 224 241 244 276 277 281 329 
-end-southface-

-westface-
nrcorners 10
numbers 1 2 3 4 5 6 7 8 9 10 
-end-westface-

-springsandpressure-
cellnr 1
ratiopxv 2.59788e-007
restpressure 4
restlength 0.000442055 0.000128082 0.000162274 0.000371049 0.000144 
restlength1 0.000462745 0.000538555 0.000149003 0.000530745 0.000395835 

cellnr 2
ratiopxv 1.69794e-007
restpressure 4
restlength 0.000371049 0.000103175 0.000366314 0.000128 
restlength1 0.000394458 0.000377669 0.000394458 0.000377669 

cellnr 3
ratiopxv 1.72638e-007
restpressure 4
restlength 0.000366314 0.000102786 0.000218257 0.000268315 9e-005 
restlength1 0.000384533 0.00046201 0.000165424 0.00047012 0.000287111 

cellnr 4
ratiopxv 1.56564e-007
restpressure 4
restlength 0.000268315 0.000211237 9.98248e-005 0.000405494 0.00011 
restlength1 0.000285014 0.000479552 0.000157156 0.000486837 0.00041488 

cellnr 5
ratiopxv 1.72894e-007
restpressure 4
restlength 0.000405494 7.85493e-005 5.01597e-005 0.000259114 0.000194023 9.4e-005 
restlength1 0.000420739 0.000472467 9.88838e-005 0.000286678 0.000452806 0.000214283 

cellnr 6
ratiopxv 9.3648e-008
restpressure 4
restlength 0.000194023 0.00010018 9.20489e-005 0.000150562 0.000101 
restlength1 0.000220118 0.000253403 0.000125 0.000238411 0.000188404 

cellnr 7
ratiopxv 4.5796e-008
restpressure 4
restlength 0.000150562 8.03617e-005 0.000127035 8.7e-005 
restlength1 0.00016726 0.000155657 0.00016726 0.000155657 

cellnr 8
ratiopxv 1.26772e-007
restpressure 4
restlength 0.000127035 0.000194258 8.67698e-005 9.39628e-005 0.000191024 0.000114 
restlength1 0.000168671 0.000321263 0.000176876 0.000166481 0.000282023 0.000223987 

cellnr 9
ratiopxv 8.1056e-008
restpressure 4
restlength 0.000191024 0.00010246 0.000221 0.000100045 
restlength1 0.000211549 0.000245308 0.000211549 0.000245308 

cellnr 10
ratiopxv 1.31524e-007
restpressure 4
restlength 0.000162274 0.000182571 0.000195144 0.000102786 0.000103175 
restlength1 0.000215629 0.000298216 0.000186454 0.000288062 0.000164469 

cellnr 11
ratiopxv 1.3788e-007
restpressure 4
restlength 0.000195144 0.000106532 0.000238665 0.000211237 0.000218257 
restlength1 0.000409664 0.00025299 0.00022973 0.000444819 0.000111306 

cellnr 12
ratiopxv 1.95012e-007
restpressure 4
restlength 0.000238665 0.000160901 0.000130096 0.000163573 0.000169186 0.000185952 7.85493e-005 9.98248e-005 
restlength1 0.000330385 0.00039851 0.000273016 0.000120304 0.000332415 0.000353488 0.000244524 0.000108227 

cellnr 13
ratiopxv 8.0792e-008
restpressure 4
restlength 0.000185952 0.000118004 5.63028e-005 0.000188513 5.01597e-005 
restlength1 0.000222302 0.000218305 0.000144586 0.000231216 0.000185648 

cellnr 14
ratiopxv 1.47156e-007
restpressure 4
restlength 0.000259114 0.000188513 0.000121594 8.75728e-005 0.000207 0.00010018 
restlength1 0.000242471 0.000442327 0.00013121 0.000204475 0.00029417 0.000266648 

cellnr 15
ratiopxv 1.2767e-007
restpressure 4
restlength 9.20489e-005 0.000207 9.45304e-005 0.000135484 0.000194258 8.03617e-005 
restlength1 0.000152109 0.000296233 0.000236485 0.00016844 0.000328152 0.000191859 

cellnr 16
ratiopxv 1.76982e-007
restpressure 4
restlength 0.000135484 0.000318266 6.96348e-005 0.000119436 0.000181466 0.000234214 8.67698e-005 
restlength1 0.000199211 0.000452054 0.000364779 0.000111759 0.000300288 0.000415011 0.000212615 

cellnr 17
ratiopxv 1.2774e-007
restpressure 4
restlength 9.39628e-005 0.000234214 0.000129653 0.00022402 0.00010246 
restlength1 0.000136473 0.000324446 0.000206228 0.000312533 0.000273651 

cellnr 18
ratiopxv 1.2288e-007
restpressure 4
restlength 0.000455215 5.90339e-005 0.000406425 0.000128082 
restlength1 0.000376595 0.000495645 0.000376595 0.000495645 

cellnr 19
ratiopxv 2.46212e-007
restpressure 4
restlength 0.000406425 0.000225621 0.000194538 0.000335376 0.000182571 
restlength1 0.000327391 0.000629039 0.000124483 0.000524315 0.000461979 

cellnr 20
ratiopxv 1.81742e-007
restpressure 4
restlength 0.000335376 0.000137317 8.5703e-005 0.000231366 0.000160901 0.000106532 
restlength1 0.000309535 0.000465619 0.000163355 0.000266295 0.000392149 0.00022895 

cellnr 21
ratiopxv 1.0003e-007
restpressure 4
restlength 0.000169186 0.0001336 8.94427e-005 0.000161524 0.000118004 
restlength1 0.000188799 0.000281469 0.000123 0.000246759 0.000219146 

cellnr 22
ratiopxv 1.07072e-007
restpressure 4
restlength 5.63028e-005 0.000161524 0.000103465 7.11688e-005 0.000301027 0.000121594 
restlength1 0.000177868 0.000212603 0.000229271 0.000111544 0.000368543 0.000208082 

cellnr 23
ratiopxv 1.70712e-007
restpressure 4
restlength 8.75728e-005 0.000301027 7.6844e-005 0.000115395 0.000318266 9.45304e-005 
restlength1 0.000129402 0.000388046 0.000351446 0.000127941 0.000423619 0.000345012 

cellnr 24
ratiopxv 8.8288e-008
restpressure 4
restlength 0.000181466 0.000107787 0.000235614 0.000129653 
restlength1 0.000277272 0.00019251 0.000277272 0.00019251 

cellnr 25
ratiopxv 1.34718e-007
restpressure 4
restlength 0.000119436 0.000159812 0.000114856 0.000274089 0.000107787 
restlength1 0.000184556 0.000275 0.000199449 0.000307234 0.00028481 

cellnr 26
ratiopxv 1.0179e-007
restpressure 4
restlength 0.000177553 7.85175e-005 0.000111759 0.00016411 0.000114856 
restlength1 0.000229924 0.000234968 0.000136693 0.00025508 0.000192094 

cellnr 27
ratiopxv 7.0212e-008
restpressure 4
restlength 0.000115395 0.000254 0.000335519 6.96348e-005 
restlength1 0.00012468 0.000361475 0.00012468 0.000361475 

cellnr 28
ratiopxv 1.74458e-007
restpressure 4
restlength 0.000335519 0.000181276 0.00010401 0.000260578 0.000177553 0.000159812 
restlength1 0.000206787 0.000512533 0.00027209 0.000207425 0.000436165 0.000335149 

cellnr 29
ratiopxv 1.2003e-007
restpressure 4
restlength 7.11688e-005 0.000220484 6.32851e-005 9.61769e-005 0.000254 7.6844e-005 
restlength1 8.99889e-005 0.000290644 0.000272 0.000120702 0.000307561 0.000304587 

cellnr 30
ratiopxv 1.04184e-007
restpressure 4
restlength 8.94427e-005 0.000164027 0.000101533 0.000220484 0.000103465 
restlength1 0.000129248 0.00024776 0.000215574 0.000228569 0.00027927 

cellnr 31
ratiopxv 3.04966e-007
restpressure 4
restlength 0.000425118 0.000198124 0.000134 0.00010538 0.000425019 0.000232573 6.32851e-005 0.000101533 
restlength1 0.000404468 0.000623007 0.000332074 0.000156541 0.000453171 0.000656403 0.000285063 0.000154777 

cellnr 32
ratiopxv 2.92732e-007
restpressure 4
restlength 0.000163573 0.00044201 0.000114 0.000119683 0.000425118 0.000164027 0.0001336 
restlength1 0.000125718 0.000602798 0.000556008 0.000150864 0.000457918 0.000589042 0.000281727 

cellnr 33
ratiopxv 1.5715e-007
restpressure 4
restlength 0.000231366 0.000261094 0.000100688 0.00044201 0.000130096 
restlength1 0.000151476 0.000492037 0.000330491 0.000393224 0.000554374 

cellnr 34
ratiopxv 1.88658e-007
restpressure 4
restlength 0.000518417 0.000135074 0.000183358 0.000261094 8.5703e-005 
restlength1 0.000549586 0.000424609 0.000306374 0.000440556 0.000260417 

cellnr 35
ratiopxv 2.5465e-007
restpressure 4
restlength 0.000194538 0.00018643 0.000397443 0.000115836 0.000518417 0.000137317 
restlength1 0.000123649 0.000376634 0.000579169 0.00030769 0.000627511 0.000650308 

cellnr 36
ratiopxv 6.1134e-008
restpressure 4
restlength 0.000447073 0.00018643 0.000225621 5.90339e-005 
restlength1 0.000408011 0.000271017 0.000408011 0.000271017 

cellnr 37
ratiopxv 1.5388e-007
restpressure 4
restlength 0.000115836 0.000218037 0.000237059 0.000241102 0.000135074 
restlength1 0.000247607 0.000326021 0.000163049 0.000442652 0.000180069 

cellnr 38
ratiopxv 1.99688e-007
restpressure 4
restlength 0.000183358 0.000241102 0.000117427 9.41754e-005 0.000126301 0.000178718 0.000114 0.000100688 
restlength1 0.000175414 0.00042063 0.000358403 9.65194e-005 0.000209296 0.000304637 0.000292438 0.000190079 

cellnr 39
ratiopxv 9.166e-008
restpressure 4
restlength 0.000178718 0.000127 0.000198124 0.000119683 
restlength1 0.000239082 0.000209774 0.000239082 0.000209774 

cellnr 40
ratiopxv 1.90372e-007
restpressure 4
restlength 0.000425019 6.96348e-005 0.000104809 0.000112272 0.000400005 7.46726e-005 
restlength1 0.000440596 0.000484004 0.000160112 0.000117201 0.000510393 0.000404401 

cellnr 41
ratiopxv 8.5196e-008
restpressure 4
restlength 0.000232573 7.46726e-005 8.63771e-005 0.000181276 9.61769e-005 
restlength1 0.000294924 0.000225942 0.000138192 0.000265036 0.000159778 

cellnr 42
ratiopxv 1.74668e-007
restpressure 4
restlength 8.63771e-005 0.000400005 0.00012054 0.000443641 0.00010401 
restlength1 8.72067e-005 0.000479104 0.000469921 0.000394808 0.000539738 

cellnr 43
ratiopxv 9.1628e-008
restpressure 4
restlength 0.000260578 0.000118596 0.000255039 7.85175e-005 
restlength1 0.000234389 0.000309871 0.000234389 0.000309871 

cellnr 44
ratiopxv 1.68418e-007
restpressure 4
restlength 0.000443641 0.000101533 0.00031683 9.96895e-005 0.000118596 
restlength1 0.000384089 0.000495865 0.00029188 0.000415924 0.000199612 

cellnr 45
ratiopxv 1.60056e-007
restpressure 4
restlength 0.000255039 9.96895e-005 0.000104 0.000432843 0.000111759 
restlength1 0.000349607 0.000351 0.000159806 0.000438809 0.000366083 

cellnr 46
ratiopxv 1.0283e-007
restpressure 4
restlength 0.00031683 0.000111036 0.000235104 0.000104 
restlength1 0.000322684 0.000259896 0.000322684 0.000259896 

cellnr 47
ratiopxv 1.62368e-007
restpressure 4
restlength 0.000348144 0.000127812 0.000473152 0.000111036 
restlength1 0.000436753 0.000407141 0.000436753 0.000407141 

cellnr 48
ratiopxv 2.17936e-007
restpressure 4
restlength 0.000356265 0.000278088 0.000283551 0.000348144 0.000101533 
restlength1 0.000348933 0.00063408 0.000119239 0.000617709 0.000387883 

cellnr 49
ratiopxv 1.19424e-007
restpressure 4
restlength 0.000112272 0.000228633 0.000114739 9.02109e-005 0.000356265 0.00012054 
restlength1 9.76166e-005 0.000335431 0.000343313 9.26553e-005 0.000415996 0.000410079 

cellnr 50
ratiopxv 1.3306e-007
restpressure 4
restlength 0.000176377 0.000145041 0.000122066 0.000228633 0.000104809 
restlength1 0.00021783 0.000311272 0.000151648 0.000320145 0.000256223 

cellnr 51
ratiopxv 1.21918e-007
restpressure 4
restlength 9.78673e-005 0.000140057 0.000117154 0.000176377 6.96348e-005 0.00010538 
restlength1 0.000163355 0.000237609 0.000157699 0.000254421 0.000227108 0.000149452 

cellnr 52
ratiopxv 1.3229e-007
restpressure 4
restlength 0.000126301 0.000128565 0.000119683 9.78673e-005 0.000134 0.000127 
restlength1 0.000195389 0.000251032 0.000174622 0.000175642 0.000231366 0.000184621 

cellnr 53
ratiopxv 1.2741e-007
restpressure 4
restlength 0.000184694 8.45281e-005 0.000115802 0.000114039 0.000140057 0.000119683 
restlength1 0.000244074 0.000267 0.000136488 0.000186024 0.000254096 0.000165517 

cellnr 54
ratiopxv 1.12456e-007
restpressure 4
restlength 0.000254167 0.000114039 0.000184694 0.000128565 9.41754e-005 
restlength1 0.00033271 0.000258805 0.000227748 0.000311026 0.000110436 

cellnr 55
ratiopxv 2.56902e-007
restpressure 4
restlength 0.000237059 0.000415019 9.08735e-005 0.000189188 0.000254167 0.000117427 
restlength1 0.00018025 0.000609565 0.000387883 0.000254892 0.000443036 0.000369221 

cellnr 56
ratiopxv 1.0895e-007
restpressure 4
restlength 0.000388046 0.000119854 0.000237394 8.5703e-005 9.08735e-005 
restlength1 0.000431919 0.000287334 0.000353719 0.000318831 0.000110494 

cellnr 57
ratiopxv 9.967e-008
restpressure 4
restlength 0.000237394 9.90404e-005 0.000316724 0.000108724 
restlength1 0.000322374 0.000260317 0.000322374 0.000260317 

cellnr 58
ratiopxv 1.21354e-007
restpressure 4
restlength 0.000189188 8.5703e-005 0.000108724 0.00014359 8.45281e-005 0.000114039 
restlength1 0.000244812 0.000269357 0.000109444 0.000244935 0.000216104 0.000152643 

cellnr 59
ratiopxv 3.44986e-007
restpressure 4
restlength 0.00014359 0.000316724 0.00019686 0.000103817 0.000487419 0.000165215 0.000145 0.000115802 
restlength1 0.000239341 0.000453171 0.000513517 0.000292171 0.000414059 0.000649604 0.000310214 0.000145454 

cellnr 60
ratiopxv 1.52988e-007
restpressure 4
restlength 0.000114039 0.000145 0.000131381 0.000158382 0.000145041 0.000117154 
restlength1 0.000183221 0.000258774 0.000191604 0.000221269 0.000295015 0.000186815 

cellnr 61
ratiopxv 1.36546e-007
restpressure 4
restlength 0.000165215 0.000282294 0.000452328 0.000131381 
restlength1 0.000215678 0.000445055 0.000215678 0.000445055 

cellnr 62
ratiopxv 2.80774e-007
restpressure 4
restlength 0.000158382 0.000452328 9.48683e-005 0.000109078 0.000492468 0.000114739 0.000122066 
restlength1 0.000262574 0.000610608 0.000466241 0.000159931 0.000596313 0.000606805 9.74936e-005 

cellnr 63
ratiopxv 2.33236e-007
restpressure 4
restlength 0.000492468 0.000116 0.000128413 0.00021456 0.000278088 9.02109e-005 
restlength1 0.000558144 0.000562257 0.000133454 0.000342243 0.000490658 0.000241373 

cellnr 64
ratiopxv 1.8067e-007
restpressure 4
restlength 0.00021456 8.67295e-005 0.000128425 0.00039802 0.000283551 
restlength1 0.000494418 0.000243824 0.000177158 0.000503572 0.000186679 

cellnr 65
ratiopxv 2.59888e-007
restpressure 4
restlength 0.00039802 0.00019804 0.000100245 0.000559358 0.000127812 
restlength1 0.000375089 0.000596 0.000229872 0.000564893 0.000611236 

cellnr 66
ratiopxv 1.40514e-007
restpressure 4
restlength 0.000235017 0.000107201 8.18413e-005 0.000284703 0.000100245 
restlength1 0.00027109 0.000258312 0.000187878 0.000252622 0.000314771 

cellnr 67
ratiopxv 1.31996e-007
restpressure 4
restlength 0.000278002 9.40479e-005 0.000235017 0.00019804 0.000128425 
restlength1 0.000394061 0.000329369 0.000219618 0.000429284 0.000132548 

cellnr 68
ratiopxv 1.37152e-007
restpressure 4
restlength 0.000128413 0.00020026 8.73212e-005 8.06226e-005 0.000278002 8.67295e-005 
restlength1 0.000153219 0.000327246 0.000256681 0.000107912 0.000354831 0.000306889 

cellnr 69
ratiopxv 1.9284e-007
restpressure 4
restlength 0.000109078 0.000299221 0.00010401 0.00021578 0.00020026 0.000116 
restlength1 0.000141598 0.000399921 0.000386167 0.000178362 0.000413189 0.000283196 

cellnr 70
ratiopxv 1.6202e-007
restpressure 4
restlength 0.00031323 0.000139843 0.00013927 0.000299221 9.48683e-005 
restlength1 0.000314473 0.000442327 0.000121655 0.000425668 0.000333996 

cellnr 71
ratiopxv 2.52214e-007
restpressure 4
restlength 0.000487419 0.000192816 0.00010401 0.00031323 0.000282294 
restlength1 0.000261084 0.00065651 0.000186698 0.000392379 0.000589764 

cellnr 72
ratiopxv 9.8898e-008
restpressure 4
restlength 0.000362598 0.000232207 0.000403699 0.000192816 
restlength1 0.00019193 0.000589085 0.00019193 0.000589085 

cellnr 73
ratiopxv 1.26086e-007
restpressure 4
restlength 0.000119854 0.000222643 0.000148923 0.00019686 9.90404e-005 
restlength1 0.00017427 0.000329109 0.000164438 0.000332024 0.000226108 

cellnr 74
ratiopxv 1.8694e-007
restpressure 4
restlength 0.000355141 9.05539e-005 0.000362598 0.000103817 0.000148923 
restlength1 0.000476018 0.000359201 0.000391174 0.00045801 0.000134952 

cellnr 75
ratiopxv 1.46984e-007
restpressure 4
restlength 0.000377966 0.000191651 0.000164027 7.9404e-005 9.05539e-005 
restlength1 0.000392094 0.000255891 0.000341217 0.000232207 0.000147258 

cellnr 76
ratiopxv 2.8364e-007
restpressure 4
restlength 0.000240416 0.000164027 0.000136945 0.000112294 0.000202121 0.000243824 0.000139843 0.00010401 
restlength1 0.000318851 0.000403699 0.000299668 0.00017855 0.00024244 0.000444015 0.000375012 0.000148519 

cellnr 77
ratiopxv 2.15366e-007
restpressure 4
restlength 0.00013927 0.000243824 0.000179324 0.000142864 0.000182102 0.00010401 
restlength1 0.000139635 0.000373783 0.000324008 0.000212615 0.000322014 0.000278842 

cellnr 78
ratiopxv 1.41558e-007
restpressure 4
restlength 0.00021578 0.000182102 0.000103832 0.000277478 8.73212e-005 
restlength1 0.000206495 0.000385852 0.000171703 0.000349298 0.000332357 

cellnr 79
ratiopxv 1.62748e-007
restpressure 4
restlength 8.06226e-005 0.000277478 0.000107912 0.000215081 0.000187771 9.40479e-005 
restlength1 0.000118089 0.000353488 0.000369347 0.000172003 0.000398028 0.000248357 

cellnr 80
ratiopxv 8.1028e-008
restpressure 4
restlength 0.000187771 0.00010245 0.000228705 0.000107201 
restlength1 0.0002014 0.000258786 0.0002014 0.000258786 

cellnr 81
ratiopxv 9.3696e-008
restpressure 4
restlength 0.000228705 0.000133304 0.000275307 8.18413e-005 
restlength1 0.000219864 0.000317717 0.000219864 0.000317717 

cellnr 82
ratiopxv 2.18752e-007
restpressure 4
restlength 0.000390717 0.000118089 0.000112294 0.000401498 0.000133304 
restlength1 0.000334978 0.00050589 0.000161645 0.000438047 0.000494677 

cellnr 83
ratiopxv 2.63336e-007
restpressure 4
restlength 0.000215081 0.000269674 9.48683e-005 0.00015729 0.000390717 0.00010245 
restlength1 0.000211783 0.000479742 0.000358 0.000148661 0.000518614 0.000453277 

cellnr 84
ratiopxv 2.07164e-007
restpressure 4
restlength 0.000142864 0.000217021 0.000141676 0.000269674 0.000107912 0.000103832 
restlength1 0.000222434 0.000358558 0.000219112 0.000354249 0.00036273 0.000150572 

cellnr 85
ratiopxv 2.86622e-007
restpressure 4
restlength 0.000202121 8.85664e-005 0.000210117 0.000181177 0.000152643 0.000217021 0.000179324 
restlength1 0.000220907 0.000290498 0.000298485 0.000216633 0.000273754 0.000369391 0.000322051 

cellnr 86
ratiopxv 9.912e-008
restpressure 4
restlength 0.000238533 0.000280589 0.000136945 0.000191651 
restlength1 0.000404 0.000132197 0.000404 0.000132197 

cellnr 87
ratiopxv 2.17712e-007
restpressure 4
restlength 0.000280589 0.000251796 0.000485898 8.85664e-005 0.000112294 
restlength1 0.000350828 0.000518684 0.000293728 0.000563451 0.000140293 

cellnr 88
ratiopxv 3.18954e-007
restpressure 4
restlength 0.000485898 0.000210086 0.000104 7.77946e-005 0.000150333 0.000269551 0.000210117 
restlength1 0.000312861 0.000680445 0.000237065 0.000179611 0.000185397 0.000417873 0.000477942 

cellnr 89
ratiopxv 2.16976e-007
restpressure 4
restlength 0.000269551 0.000174631 0.000167505 0.000238212 0.000181177 
restlength1 0.000398418 0.000350796 0.000206828 0.000405691 0.000212603 

cellnr 90
ratiopxv 2.29374e-007
restpressure 4
restlength 0.000152643 0.000238212 0.000131187 0.000340724 9.48683e-005 0.000141676 
restlength1 0.000231525 0.000389129 0.000253671 0.000386395 0.000428197 0.0001698 

cellnr 91
ratiopxv 2.49286e-007
restpressure 4
restlength 0.000340724 7.66551e-005 0.000120075 0.000155293 0.000218916 0.000118089 0.00015729 
restlength1 0.000470409 0.000412641 0.000144838 0.000227002 0.000374144 0.000335024 0.000134629 

cellnr 92
ratiopxv 9.5632e-008
restpressure 4
restlength 0.000218916 0.000120075 0.000208471 0.000112294 
restlength1 0.000269046 0.00021422 0.000269046 0.00021422 

cellnr 93
ratiopxv 7.0332e-008
restpressure 4
restlength 0.000208471 0.000108853 9.55249e-005 0.000346733 
restlength1 0.00016844 0.000315057 0.00016844 0.000315057 

cellnr 94
ratiopxv 1.54726e-007
restpressure 4
restlength 0.000155293 0.000240302 0.000306111 0.000108853 0.000120075 
restlength1 0.000227002 0.000383892 0.000173566 0.000408075 0.000158647 

cellnr 95
ratiopxv 1.51618e-007
restpressure 4
restlength 0.000306111 0.000145454 0.000378727 9.55249e-005 
restlength1 0.000325357 0.000394138 0.000325357 0.000394138 

cellnr 96
ratiopxv 2.38654e-007
restpressure 4
restlength 0.000264756 9.39202e-005 0.000146014 0.000154208 0.000240302 0.000120075 
restlength1 0.000306741 0.000356523 0.000196329 0.000219208 0.000386167 0.000283593 

cellnr 97
ratiopxv 2.13748e-007
restpressure 4
restlength 0.000167505 0.000190672 0.000135484 0.000264756 7.66551e-005 0.000131187 
restlength1 0.000225858 0.000352945 0.000246479 0.000306026 0.000340359 0.000165197 

cellnr 98
ratiopxv 1.08368e-007
restpressure 4
restlength 0.000248032 0.000107201 0.000274029 0.000104 
restlength1 0.000267402 0.000294517 0.000267402 0.000294517 

cellnr 99
ratiopxv 2.21986e-007
restpressure 4
restlength 0.000274029 0.000255071 0.000125718 9.3e-005 0.000276322 0.000239109 7.77946e-005 
restlength1 0.000306111 0.000529095 0.000330551 0.000120814 0.000368989 0.000515431 0.000234957 

cellnr 100
ratiopxv 2.74384e-007
restpressure 4
restlength 0.000150333 0.000239109 0.000176465 0.000198426 0.000190672 0.000174631 
restlength1 0.00017837 0.000389401 0.00034892 0.000231294 0.000383788 0.000324549 

cellnr 101
ratiopxv 1.95152e-007
restpressure 4
restlength 0.000198426 0.000120814 0.000106733 7.34098e-005 0.00015203 9.39202e-005 0.000135484 
restlength1 0.000262932 0.000313166 0.000169812 0.000161978 0.000221472 0.000242508 0.000177924 

cellnr 102
ratiopxv 8.6668e-008
restpressure 4
restlength 0.00015203 0.00014734 0.000144014 0.000146014 
restlength1 0.000214283 0.000202237 0.000214283 0.000202237 

cellnr 103
ratiopxv 2.65792e-007
restpressure 4
restlength 0.000154208 0.000144014 0.000185084 0.000171 0.00010538 0.000543261 0.000145454 
restlength1 0.00013327 0.000298168 0.000328737 0.000355563 0.000185828 0.000576508 0.000640291 

cellnr 104
ratiopxv 2.1456e-007
restpressure 4
restlength 0.000543261 0.000353939 0.000120241 0.000811257 
restlength1 0.000290904 0.000894 0.000290904 0.000894 

cellnr 105
ratiopxv 1.46274e-007
restpressure 4
restlength 0.000295489 0.000130292 0.000353939 0.00010538 
restlength1 0.000323903 0.000363464 0.000323903 0.000363464 

cellnr 106
ratiopxv 1.14326e-007
restpressure 4
restlength 0.000225222 0.000146185 0.000185084 0.00014734 
restlength1 0.00028262 0.000215418 0.00028262 0.000215418 

cellnr 107
ratiopxv 2.7439e-007
restpressure 4
restlength 0.00025707 0.000199111 0.000139205 9.7e-005 0.000295489 0.000171 0.000146185 
restlength1 0.000334701 0.0004558 0.000294837 0.00013315 0.000392368 0.00046631 0.000182124 

cellnr 108
ratiopxv 2.02434e-007
restpressure 4
restlength 0.000122376 0.000232573 0.00013315 0.00025707 0.000159261 0.000106733 
restlength1 0.000192666 0.000351013 0.0003117 0.000248455 0.000415814 0.000182571 

cellnr 109
ratiopxv 1.77616e-007
restpressure 4
restlength 0.000276322 0.000157537 0.000122376 0.000120814 0.000176465 
restlength1 0.000262149 0.00034176 0.000210262 0.000234546 0.000267372 

cellnr 110
ratiopxv 2.23756e-007
restpressure 4
restlength 0.000582086 0.000125363 0.000231035 0.000255071 0.000107201 
restlength1 0.00056389 0.000524538 0.000317177 0.000486103 0.000301763 

cellnr 111
ratiopxv 2.108e-007
restpressure 4
restlength 0.000231035 0.000241531 0.000133004 0.000182584 0.000215393 0.000125718 
restlength1 0.000209246 0.000472424 0.000262932 0.000230358 0.000397725 0.000296569 

cellnr 112
ratiopxv 2.10838e-007
restpressure 4
restlength 9.3e-005 0.000215393 0.000153951 9.61041e-005 0.000232573 0.000157537 
restlength1 0.000176207 0.000308274 0.000294824 0.000182584 0.000325075 0.000305601 

cellnr 113
ratiopxv 1.82734e-007
restpressure 4
restlength 0.000182584 0.000180036 0.000153847 0.00026163 0.000153951 
restlength1 0.000197307 0.000362604 0.000196367 0.000343862 0.000344768 

cellnr 114
ratiopxv 2.5477e-007
restpressure 4
restlength 9.61041e-005 0.00026163 8.81419e-005 0.000145619 0.000255155 0.000199111 0.00013315 
restlength1 0.000156605 0.000353409 0.000346983 0.000219112 0.000216474 0.000454116 0.000280264 

cellnr 115
ratiopxv 2.78652e-007
restpressure 4
restlength 0.000255155 0.000213565 0.000124064 0.000129248 0.000154159 0.000406079 0.000139205 
restlength1 0.000213528 0.00046872 0.000337037 0.000197649 0.000176918 0.000559325 0.000497652 

cellnr 116
ratiopxv 2.81228e-007
restpressure 4
restlength 9.7e-005 0.000406079 0.000158647 0.000247073 0.000297121 0.000130292 
restlength1 0.000136473 0.000501905 0.000522732 0.000201375 0.000543376 0.000378704 

cellnr 117
ratiopxv 1.25406e-007
restpressure 4
restlength 0.000297121 9.48683e-005 0.000354391 0.000120241 
restlength1 0.000378699 0.000301033 0.000378699 0.000301033 

cellnr 118
ratiopxv 1.89266e-007
restpressure 4
restlength 0.000247073 0.000315634 7.73175e-005 0.00058477 9.48683e-005 
restlength1 0.000284016 0.000562646 0.000322913 0.000592866 0.000566847 

cellnr 119
ratiopxv 3.10118e-007
restpressure 4
restlength 0.000154159 0.000264371 0.000147167 0.000126301 0.000196787 0.000315634 0.000158647 
restlength1 0.000149586 0.000418059 0.00041106 0.000215411 0.000231407 0.000509166 0.000425058 

cellnr 120
ratiopxv 1.6115e-007
restpressure 4
restlength 0.00014684 0.000127063 0.000151327 0.000264371 0.000129248 
restlength1 0.000204727 0.000270542 0.000212897 0.000293993 0.000309375 

cellnr 121
ratiopxv 1.48636e-007
restpressure 4
restlength 0.000208387 0.000150659 0.00014684 0.000124064 0.000184068 
restlength1 0.000350228 0.000213084 0.000256164 0.000267571 0.000167287 

cellnr 122
ratiopxv 1.86492e-007
restpressure 4
restlength 0.000228876 0.000133754 0.000184068 0.000213565 0.000145619 
restlength1 0.000230124 0.000359068 0.00019123 0.000327617 0.000315774 

cellnr 123
ratiopxv 1.7228e-007
restpressure 4
restlength 0.000249064 0.000131381 0.000228876 8.81419e-005 0.000153847 
restlength1 0.000337817 0.000283478 0.00028186 0.000308469 0.000174287 

cellnr 124
ratiopxv 1.8667e-007
restpressure 4
restlength 0.000141354 0.000158824 0.000123693 0.000208387 0.000133754 0.000131381 
restlength1 0.000206596 0.000298329 0.000236019 0.000228178 0.000338013 0.00019901 

cellnr 125
ratiopxv 2.6637e-007
restpressure 4
restlength 0.000423085 0.000172557 0.000141354 0.000249064 0.000180036 0.000133004 
restlength1 0.000450166 0.000570243 0.000131107 0.000389217 0.000428924 0.000221335 

cellnr 126
ratiopxv 2.06344e-007
restpressure 4
restlength 0.000502896 9.89949e-005 0.000294308 0.000158824 0.000172557 
restlength1 0.000388567 0.000580675 0.00024867 0.000448446 0.000315748 

cellnr 127
ratiopxv 3.10254e-007
restpressure 4
restlength 0.000614732 0.000142864 0.000423085 0.000241531 0.000125363 
restlength1 0.000687991 0.000615241 0.00045205 0.000664387 0.000208904 

cellnr 128
ratiopxv 2.58662e-007
restpressure 4
restlength 0.000443546 0.000139014 0.000502896 0.000142864 
restlength1 0.000476488 0.000508608 0.000476488 0.000508608 

cellnr 129
ratiopxv 2.7922e-007
restpressure 4
restlength 0.000369716 0.000123329 0.000134536 0.000255196 9.89949e-005 0.000139014 
restlength1 0.000350064 0.000473561 0.000171143 0.000368816 0.000330492 0.000230358 

cellnr 130
ratiopxv 3.26972e-007
restpressure 4
restlength 0.000255196 8.84081e-005 9.90858e-005 0.000241615 0.000282 0.000123693 0.000294308 
restlength1 0.000548664 0.000327965 0.000127035 0.000326827 0.000521124 0.000334281 0.000308248 

cellnr 131
ratiopxv 2.8952e-007
restpressure 4
restlength 0.000241615 0.00022366 0.000102961 6.94622e-005 0.000201022 0.000221111 0.00014994 
restlength1 0.00034393 0.00045501 0.000249008 0.000153101 0.000266693 0.000422118 0.000216462 

cellnr 132
ratiopxv 1.6038e-007
restpressure 4
restlength 0.000282 0.00014994 0.000137364 0.000127063 0.000150659 
restlength1 0.000347612 0.000270633 0.000241133 0.000264068 0.000177868 

cellnr 133
ratiopxv 2.25778e-007
restpressure 4
restlength 0.000137364 0.000221111 0.000157051 0.00019574 0.000147167 0.000151327 
restlength1 0.000198215 0.000358403 0.000270416 0.000258374 0.000342146 0.000229212 

cellnr 134
ratiopxv 1.27256e-007
restpressure 4
restlength 0.000201022 0.000134406 0.000243249 0.000157051 
restlength1 0.000253789 0.000274592 0.000253789 0.000274592 

cellnr 135
ratiopxv 2.69754e-007
restpressure 4
restlength 0.00019574 0.000243249 6.97782e-005 0.000139176 0.000184459 0.000244 0.000126301 
restlength1 0.000221635 0.000438858 0.000304015 0.000161793 0.000272208 0.000428197 0.000295296 

cellnr 136
ratiopxv 1.82064e-007
restpressure 4
restlength 0.000196787 0.000244 0.000108342 0.00046201 7.73175e-005 
restlength1 0.000229131 0.000439241 0.000282082 0.000458394 0.000460978 

cellnr 137
ratiopxv 1.62644e-007
restpressure 4
restlength 0.000184459 0.000264462 0.000132639 0.000321076 0.000108342 
restlength1 0.000205643 0.000446593 0.00019101 0.000437146 0.000352483 

cellnr 138
ratiopxv 1.66312e-007
restpressure 4
restlength 0.000218021 0.000147139 7.73886e-005 0.000264462 0.000139176 
restlength1 0.000294294 0.00031493 0.000164027 0.000332014 0.000272239 

cellnr 139
ratiopxv 2.28838e-007
restpressure 4
restlength 6.94622e-005 0.000258559 0.00014359 7.71038e-005 0.000218021 6.97782e-005 0.000134406 
restlength1 0.000155293 0.000322155 0.000355473 0.000170026 0.000284823 0.000282931 0.000189995 

cellnr 140
ratiopxv 2.34936e-007
restpressure 4
restlength 0.000170836 0.000235077 0.000128445 0.000219203 0.000258559 0.000102961 
restlength1 0.000231815 0.000403118 0.000313166 0.000220907 0.000475206 0.000265646 

cellnr 141
ratiopxv 1.8208e-007
restpressure 4
restlength 0.000218477 0.000111759 0.000118207 0.000170836 0.00022366 9.90858e-005 
restlength1 0.000304385 0.000326475 0.000167263 0.000232362 0.000385254 0.000194756 

cellnr 142
ratiopxv 1.23208e-007
restpressure 4
restlength 0.000134536 0.00022837 9.74936e-005 0.000218477 8.84081e-005 
restlength1 0.000147092 0.000336917 0.000209418 0.000289353 0.000284176 

cellnr 143
ratiopxv 1.31352e-007
restpressure 4
restlength 0.000378048 0.000105683 0.00011772 0.00022837 0.000123329 
restlength1 0.000297983 0.000445427 0.000115104 0.000345 0.00033448 

cellnr 144
ratiopxv 3.03116e-007
restpressure 4
restlength 0.000808802 0.000197385 0.000256628 0.000323348 0.000105683 
restlength1 0.000749737 0.000638806 0.000450405 0.000568792 0.000407707 

cellnr 145
ratiopxv 1.2409e-007
restpressure 4
restlength 0.00011772 0.000323348 0.000367185 0.000111759 9.74936e-005 
restlength1 0.000189528 0.000436147 0.000123568 0.000476765 0.00012037 

cellnr 146
ratiopxv 2.30914e-007
restpressure 4
restlength 0.000367185 0.000158256 0.000242837 0.000235077 0.000118207 
restlength1 0.000404163 0.000473973 0.000213694 0.000475442 0.000259538 

cellnr 147
ratiopxv 3.07126e-007
restpressure 4
restlength 0.000242837 0.000212361 0.000103581 0.000144101 0.000234559 0.000211038 0.000128445 
restlength1 0.000245349 0.00045496 0.000311014 0.00016772 0.000328203 0.000444595 0.000290408 

cellnr 148
ratiopxv 1.43678e-007
restpressure 4
restlength 0.000219203 7.73175e-005 0.000142411 0.000207241 0.00014359 
restlength1 0.000217862 0.000294978 0.000158597 0.000272635 0.000297935 

cellnr 149
ratiopxv 1.02636e-007
restpressure 4
restlength 0.000134034 0.000147679 0.000168716 3.94462e-005 0.000142411 
restlength1 0.000210836 0.000227002 0.000203214 0.00020104 0.000161608 

cellnr 150
ratiopxv 2.20822e-007
restpressure 4
restlength 0.000234559 0.000237103 0.000169994 0.000311752 0.000147679 
restlength1 0.00024997 0.000470425 0.000182571 0.000452249 0.00037269 

cellnr 151
ratiopxv 2.27344e-007
restpressure 4
restlength 0.000311752 0.000143837 0.000130138 6.99214e-005 0.000326613 0.000138004 
restlength1 0.000381494 0.00045 0.000136488 0.000194023 0.00039503 0.000314396 

cellnr 152
ratiopxv 8.1572e-008
restpressure 4
restlength 0.000168716 0.000138004 0.000141223 0.000140057 
restlength1 0.000236932 0.000173367 0.000236932 0.000173367 

cellnr 153
ratiopxv 1.80626e-007
restpressure 4
restlength 7.71038e-005 0.000207241 3.94462e-005 0.000140057 0.000235228 0.000147139 
restlength1 0.000174026 0.000276134 0.000241207 0.000162788 0.000289033 0.000319453 

cellnr 154
ratiopxv 2.86934e-007
restpressure 4
restlength 0.000132639 7.73886e-005 0.000235228 0.000141223 0.000113071 0.000111126 0.000212641 0.000429057 
restlength1 0.000331809 0.000209246 0.000309298 0.000375899 0.000252343 0.0001386 0.00028748 0.000635215 

cellnr 155
ratiopxv 7.3734e-008
restpressure 4
restlength 0.000212641 0.000118229 9.41541e-005 0.000288376 
restlength1 0.000131822 0.000323867 0.000131822 0.000323867 

cellnr 156
ratiopxv 1.18154e-007
restpressure 4
restlength 0.000214348 0.00012468 0.000141057 0.000118229 0.000111126 
restlength1 0.000276062 0.000247136 0.000194371 0.000256096 0.000151476 

cellnr 157
ratiopxv 1.4256e-007
restpressure 4
restlength 0.000141057 0.000148 0.000131229 0.000393 9.41541e-005 
restlength1 0.000207234 0.000288002 0.000244632 0.000341541 0.000367448 

cellnr 158
ratiopxv 1.1412e-007
restpressure 4
restlength 6.99214e-005 0.000230417 0.000158114 0.000148 0.00012468 
restlength1 0.000153792 0.00029298 0.000171965 0.000292205 0.000203217 

cellnr 159
ratiopxv 1.6287e-007
restpressure 4
restlength 0.000158114 0.000292576 0.000333997 0.000131229 
restlength1 0.000209764 0.000396461 0.000209764 0.000396461 

cellnr 160
ratiopxv 1.1172e-007
restpressure 4
restlength 0.000130138 0.000215455 0.000156579 0.000230417 
restlength1 0.00019965 0.000315317 0.00019965 0.000315317 

cellnr 161
ratiopxv 2.41438e-007
restpressure 4
restlength 0.000169994 0.00043758 9.31719e-005 0.000164879 0.000215455 0.000143837 
restlength1 0.000162262 0.000539676 0.000448684 0.000198323 0.000380266 0.000358098 

cellnr 162
ratiopxv 1.63024e-007
restpressure 4
restlength 0.000114127 0.000294335 0.000137033 7.07107e-005 9.32631e-005 0.00043758 
restlength1 0.000353968 0.000396126 0.000430726 0.000160431 0.0001286 0.000527267 

cellnr 163
ratiopxv 1.51714e-007
restpressure 4
restlength 0.000208022 0.000125734 0.000114127 0.000237103 0.000144101 
restlength1 0.000294771 0.000302952 0.000145986 0.000343338 0.000231812 

cellnr 164
ratiopxv 1.40792e-007
restpressure 4
restlength 0.000251575 0.000126246 7.9177e-005 0.000208022 0.000103581 9.90404e-005 
restlength1 0.000282561 0.000367723 0.000110386 0.000280863 0.000308934 0.000147567 

cellnr 165
ratiopxv 1.49198e-007
restpressure 4
restlength 0.000256628 9.0824e-005 9.90404e-005 0.000212361 0.000158256 
restlength1 0.000222928 0.000333 0.000152315 0.000260772 0.000327686 

cellnr 166
ratiopxv 1.56888e-007
restpressure 4
restlength 0.000168 0.000106104 7.44043e-005 0.000251575 9.0824e-005 0.000197385 
restlength1 0.000357302 0.000232228 0.000142021 0.00031217 0.000336394 0.000159298 

cellnr 167
ratiopxv 1.0726e-007
restpressure 4
restlength 0.000349961 9.73499e-005 0.000251877 0.000106104 
restlength1 0.000310846 0.000316796 0.000310846 0.000316796 

cellnr 168
ratiopxv 1.55074e-007
restpressure 4
restlength 7.44043e-005 0.000251877 0.000136825 0.000119407 0.000212398 0.000126246 
restlength1 0.00012054 0.000311849 0.000375826 0.00013306 0.000315159 0.000333654 

cellnr 169
ratiopxv 1.58016e-007
restpressure 4
restlength 7.9177e-005 0.000212398 0.000134302 6.0407e-005 0.000294335 0.000125734 
restlength1 0.000134373 0.000278065 0.000341585 0.000158808 0.00031264 0.000395399 

cellnr 170
ratiopxv 1.74422e-007
restpressure 4
restlength 0.000164879 0.000150283 9.84784e-005 0.00037271 0.000156579 
restlength1 0.000271503 0.00031379 0.000189021 0.000395976 0.000330651 

cellnr 171
ratiopxv 1.28376e-007
restpressure 4
restlength 0.00037271 8.5703e-005 8.17863e-005 0.000174046 0.000292576 
restlength1 0.000147139 0.000457751 0.00011789 0.000208655 0.000455105 

cellnr 172
ratiopxv 2.67824e-007
restpressure 4
restlength 0.000333997 0.000174046 0.000251575 0.000124 0.000752396 
restlength1 0.000446536 0.000505531 0.000425199 0.000287892 0.000752726 

cellnr 173
ratiopxv 9.2218e-008
restpressure 4
restlength 0.000234361 0.00011 0.000251575 8.17863e-005 
restlength1 0.000267675 0.000253308 0.000267675 0.000253308 

cellnr 174
ratiopxv 1.43004e-007
restpressure 4
restlength 0.00030148 0.000118 0.000234361 8.5703e-005 9.84784e-005 
restlength1 0.000337817 0.000317493 0.000268173 0.000318025 0.000132231 

cellnr 175
ratiopxv 2.18212e-007
restpressure 4
restlength 9.32631e-005 0.000332074 0.000117 0.00030148 0.000150283 9.31719e-005 
restlength1 0.000149576 0.000425 0.000354401 0.00032948 0.000445759 0.000182571 

cellnr 176
ratiopxv 8.9768e-008
restpressure 4
restlength 0.000322155 6.7e-005 0.000332074 7.07107e-005 
restlength1 0.000337378 0.000331079 0.000337378 0.000331079 

cellnr 177
ratiopxv 1.7123e-007
restpressure 4
restlength 0.000184 0.000252145 0.000124 0.000322155 0.000137033 6.0407e-005 
restlength1 0.000211814 0.000435662 0.000270187 0.000341585 0.000457027 0.000144461 

cellnr 178
ratiopxv 1.46978e-007
restpressure 4
restlength 0.000161549 0.000124403 0.000137 0.000252145 0.000105906 
restlength1 0.000213002 0.00027693 0.000192315 0.000298198 0.000282561 

cellnr 179
ratiopxv 1.07678e-007
restpressure 4
restlength 0.000119407 0.000172166 0.000105906 0.000184 0.000134302 
restlength1 0.000124197 0.000279952 0.000227721 0.000194196 0.000306341 

cellnr 180
ratiopxv 2.51604e-007
restpressure 4
restlength 9.73499e-005 0.000378012 0.000117038 0.000161549 0.000172166 0.000136825 
restlength1 0.000170792 0.000440091 0.000391945 0.000237394 0.000321455 0.000299206 

cellnr 181
ratiopxv 6.223e-008
restpressure 4
restlength 0.000121413 0.000137 0.000124403 0.000117038 
restlength1 0.000177496 0.000175414 0.000177496 0.000175414 

-end-springsandpressure-
